"사용일자","노선명","역명","승차총승객수","하차총승객수","등록일자"
"20220401","수인선","사리","4826","4343","20220404",""
"20220401","5호선","방이","6817","6943","20220404",""
"20220401","5호선","올림픽공원(한국체대)","4328","3712","20220404",""
"20220401","5호선","둔촌동","8404","8305","20220404",""
"20220401","5호선","상일동","14176","13268","20220404",""
"20220401","5호선","고덕","9235","9076","20220404",""
"20220401","5호선","명일","8442","8730","20220404",""
"20220401","5호선","굽은다리(강동구민회관앞)","9218","8644","20220404",""
"20220401","5호선","길동","7866","8262","20220404",""
"20220401","5호선","강동","18055","17105","20220404",""
"20220401","5호선","천호(풍납토성)","17985","17884","20220404",""
"20220401","5호선","광나루(장신대)","13080","11648","20220404",""
"20220401","5호선","아차산(어린이대공원후문)","15153","14691","20220404",""
"20220401","5호선","군자(능동)","10928","12144","20220404",""
"20220401","5호선","장한평","17930","17778","20220404",""
"20220401","5호선","답십리","15538","13920","20220404",""
"20220401","5호선","개롱","6249","6472","20220404",""
"20220401","5호선","거여","9823","9306","20220404",""
"20220401","5호선","마천","7018","6618","20220404",""
"20220401","5호선","강일","4072","3728","20220404",""
"20220401","5호선","미사","15686","15703","20220404",""
"20220401","5호선","하남풍산","4248","4234","20220404",""
"20220401","5호선","하남시청(덕풍·신장)","6541","6505","20220404",""
"20220401","5호선","하남검단산","5412","5199","20220404",""
"20220401","6호선","응암","17127","16978","20220404",""
"20220401","1호선","시청","20773","21177","20220404",""
"20220401","1호선","종각","31866","30795","20220404",""
"20220401","1호선","종로3가","24279","22331","20220404",""
"20220401","1호선","종로5가","22217","22157","20220404",""
"20220401","1호선","동대문","10776","9652","20220404",""
"20220401","1호선","신설동","13637","13185","20220404",""
"20220401","1호선","제기동","17133","17426","20220404",""
"20220401","1호선","청량리(서울시립대입구)","19844","19618","20220404",""
"20220401","1호선","동묘앞","8297","8644","20220404",""
"20220401","2호선","시청","21848","21331","20220404",""
"20220401","2호선","을지로입구","36620","37857","20220404",""
"20220401","2호선","을지로3가","21663","22050","20220404",""
"20220401","2호선","을지로4가","12527","12724","20220404",""
"20220401","2호선","동대문역사문화공원(DDP)","12146","13895","20220404",""
"20220401","2호선","신당","13793","14238","20220404",""
"20220401","2호선","상왕십리","13993","13510","20220404",""
"20220401","2호선","왕십리(성동구청)","17569","14423","20220404",""
"20220401","2호선","한양대","12721","13848","20220404",""
"20220401","2호선","뚝섬","22608","23885","20220404",""
"20220401","2호선","성수","36504","39659","20220404",""
"20220401","2호선","건대입구","38640","40837","20220404",""
"20220401","2호선","구의(광진구청)","23373","22662","20220404",""
"20220401","2호선","강변(동서울터미널)","30381","28921","20220404",""
"20220401","2호선","잠실나루","13537","11695","20220404",""
"20220401","2호선","잠실(송파구청)","69024","69044","20220404",""
"20220401","2호선","잠실새내","20846","21324","20220404",""
"20220401","2호선","종합운동장","6711","7250","20220404",""
"20220401","2호선","삼성(무역센터)","47389","47950","20220404",""
"20220401","2호선","선릉","51279","45602","20220404",""
"20220401","2호선","역삼","45862","51594","20220404",""
"20220401","2호선","강남","81663","80892","20220404",""
"20220401","2호선","교대(법원.검찰청)","32275","36305","20220404",""
"20220401","2호선","서초","20665","19629","20220404",""
"20220401","2호선","방배","18134","18842","20220404",""
"20220401","2호선","사당","36112","40286","20220404",""
"20220401","2호선","낙성대(강감찬)","27203","25344","20220404",""
"20220401","2호선","서울대입구(관악구청)","48258","47114","20220404",""
"20220401","2호선","봉천","23137","21123","20220404",""
"20220401","2호선","신림","62771","60285","20220404",""
"20220401","2호선","신대방","25956","25143","20220404",""
"20220401","2호선","구로디지털단지","56725","56240","20220404",""
"20220401","2호선","대림(구로구청)","22732","23398","20220404",""
"20220401","2호선","신도림","45947","47027","20220404",""
"20220401","2호선","문래","21332","22048","20220404",""
"20220401","2호선","영등포구청","21752","22567","20220404",""
"20220401","2호선","당산","18724","21709","20220404",""
"20220401","2호선","합정","31551","33815","20220404",""
"20220401","2호선","홍대입구","56121","60931","20220404",""
"20220401","2호선","신촌","35779","35591","20220404",""
"20220401","2호선","이대","13995","14492","20220404",""
"20220401","2호선","아현","10424","9717","20220404",""
"20220401","2호선","충정로(경기대입구)","9414","10032","20220404",""
"20220401","2호선","용답","3023","3177","20220404",""
"20220401","2호선","신답","1595","1781","20220404",""
"20220401","2호선","신설동","3555","3038","20220404",""
"20220401","2호선","도림천","1343","1420","20220404",""
"20220401","2호선","양천구청","6497","6770","20220404",""
"20220401","2호선","신정네거리","9867","10363","20220404",""
"20220401","2호선","용두(동대문구청)","2281","2410","20220404",""
"20220401","3호선","지축","4780","4420","20220404",""
"20220401","3호선","구파발","19702","19262","20220404",""
"20220401","3호선","연신내","35789","34222","20220404",""
"20220401","3호선","불광","15588","16636","20220404",""
"20220401","3호선","녹번","15091","13417","20220404",""
"20220401","3호선","홍제","17104","16234","20220404",""
"20220401","3호선","무악재","3724","3706","20220404",""
"20220401","3호선","독립문","6835","7233","20220404",""
"20220401","3호선","경복궁(정부서울청사)","21753","21531","20220404",""
"20220401","3호선","안국","20895","21751","20220404",""
"20220401","3호선","종로3가","9980","11774","20220404",""
"20220401","3호선","을지로3가","10123","10645","20220404",""
"20220401","3호선","동대입구","8586","9502","20220404",""
"20220401","3호선","약수","12826","12476","20220404",""
"20220401","3호선","금호","7781","7169","20220404",""
"20220401","3호선","압구정","30687","32977","20220404",""
"20220401","3호선","신사","31088","32585","20220404",""
"20220401","3호선","잠원","4769","4664","20220404",""
"20220401","3호선","고속터미널","42055","43793","20220404",""
"20220401","3호선","교대(법원.검찰청)","13976","9108","20220404",""
"20220401","3호선","남부터미널(예술의전당)","28716","28916","20220404",""
"20220401","3호선","양재(서초구청)","37358","39966","20220404",""
"20220401","3호선","매봉","11596","11102","20220404",""
"20220401","3호선","도곡","5004","5232","20220404",""
"20220401","3호선","대치","10670","10752","20220404",""
"20220401","3호선","학여울","1653","1713","20220404",""
"20220401","3호선","대청","9753","8995","20220404",""
"20220401","3호선","일원","9912","9330","20220404",""
"20220401","3호선","수서","17340","17878","20220404",""
"20220401","3호선","가락시장","8716","8708","20220404",""
"20220401","3호선","경찰병원","6993","6858","20220404",""
"20220401","3호선","오금","6062","5504","20220404",""
"20220401","4호선","당고개","9010","8265","20220404",""
"20220401","4호선","상계","18867","17499","20220404",""
"20220401","4호선","노원","19016","21631","20220404",""
"20220401","4호선","창동","25142","26993","20220404",""
"20220401","4호선","쌍문","28548","26150","20220404",""
"20220401","4호선","수유(강북구청)","33798","33789","20220404",""
"20220401","4호선","미아(서울사이버대학)","15070","14566","20220404",""
"20220401","4호선","미아사거리","26890","26236","20220404",""
"20220401","4호선","길음","20403","20026","20220404",""
"20220401","4호선","성신여대입구(돈암)","21283","20155","20220404",""
"20220401","4호선","한성대입구(삼선교)","14163","13696","20220404",""
"20220401","4호선","혜화","32391","31757","20220404",""
"20220401","4호선","동대문","18885","19148","20220404",""
"20220401","4호선","동대문역사문화공원(DDP)","14504","13304","20220404",""
"20220401","4호선","충무로","26912","27790","20220404",""
"20220401","4호선","명동","18753","19848","20220404",""
"20220401","4호선","회현(남대문시장)","23134","24640","20220404",""
"20220401","4호선","서울역","10455","17206","20220404",""
"20220401","4호선","숙대입구(갈월)","13318","12850","20220404",""
"20220401","4호선","삼각지","4984","5614","20220404",""
"20220401","4호선","신용산","15447","16528","20220404",""
"20220401","4호선","이촌(국립중앙박물관)","7054","7844","20220404",""
"20220401","4호선","동작(현충원)","1574","1805","20220404",""
"20220401","4호선","총신대입구(이수)","18572","19970","20220404",""
"20220401","4호선","사당","25061","21399","20220404",""
"20220401","4호선","남태령","1268","976","20220404",""
"20220401","5호선","방화","6503","6153","20220404",""
"20220401","5호선","개화산","5389","5251","20220404",""
"20220401","5호선","김포공항","7128","7327","20220404",""
"20220401","5호선","송정","6403","6065","20220404",""
"20220401","5호선","마곡","10244","10049","20220404",""
"20220401","5호선","발산","19305","20085","20220404",""
"20220401","5호선","우장산","14164","13696","20220404",""
"20220401","5호선","화곡","27773","25611","20220404",""
"20220401","5호선","까치산","28147","26784","20220404",""
"20220401","5호선","신정(은행정)","13504","10839","20220404",""
"20220401","5호선","목동","16375","17307","20220404",""
"20220401","5호선","오목교(목동운동장앞)","20635","22334","20220404",""
"20220401","5호선","양평","7395","6943","20220404",""
"20220401","5호선","영등포구청","3819","3901","20220404",""
"20220401","5호선","영등포시장","9993","10309","20220404",""
"20220401","5호선","신길","4106","4213","20220404",""
"20220401","5호선","여의도","27068","28600","20220404",""
"20220401","5호선","여의나루","15724","17322","20220404",""
"20220401","5호선","마포","13921","14384","20220404",""
"20220401","5호선","공덕","13268","14124","20220404",""
"20220401","5호선","애오개","6599","6691","20220404",""
"20220401","5호선","충정로(경기대입구)","4421","4475","20220404",""
"20220401","5호선","서대문","17915","18063","20220404",""
"20220401","5호선","광화문(세종문화회관)","27204","28300","20220404",""
"20220401","5호선","종로3가","12788","12940","20220404",""
"20220401","5호선","을지로4가","5993","6125","20220404",""
"20220401","5호선","동대문역사문화공원(DDP)","2621","3128","20220404",""
"20220401","5호선","청구","3994","3541","20220404",""
"20220401","5호선","신금호","6166","6412","20220404",""
"20220401","5호선","행당","7821","6865","20220404",""
"20220401","5호선","왕십리(성동구청)","4494","5448","20220404",""
"20220401","5호선","마장","5535","5281","20220404",""
"20220401","3호선","옥수","8999","9159","20220404",""
"20220401","6호선","역촌","3568","4277","20220404",""
"20220401","6호선","불광","4194","4057","20220404",""
"20220401","6호선","독바위","2614","2606","20220404",""
"20220401","6호선","연신내","1","0","20220404",""
"20220401","6호선","구산","7504","5402","20220404",""
"20220401","6호선","새절(신사)","12419","11494","20220404",""
"20220401","6호선","증산(명지대앞)","9831","9700","20220404",""
"20220401","6호선","디지털미디어시티","12810","14005","20220404",""
"20220401","6호선","월드컵경기장(성산)","4510","4641","20220404",""
"20220401","6호선","마포구청","13621","12244","20220404",""
"20220401","6호선","망원","13850","14919","20220404",""
"20220401","6호선","합정","13615","13376","20220404",""
"20220401","6호선","상수","9476","10826","20220404",""
"20220401","6호선","광흥창(서강)","8658","8415","20220404",""
"20220401","6호선","대흥(서강대앞)","8418","8637","20220404",""
"20220401","6호선","공덕","17441","16985","20220404",""
"20220401","6호선","효창공원앞","6979","6430","20220404",""
"20220401","6호선","삼각지","6343","5560","20220404",""
"20220401","6호선","녹사평(용산구청)","4944","4994","20220404",""
"20220401","6호선","이태원","12384","13248","20220404",""
"20220401","6호선","한강진","7621","9094","20220404",""
"20220401","6호선","버티고개","2031","2007","20220404",""
"20220401","6호선","약수","3585","3578","20220404",""
"20220401","6호선","청구","3553","3845","20220404",""
"20220401","6호선","신당","8502","8536","20220404",""
"20220401","6호선","동묘앞","7636","7535","20220404",""
"20220401","6호선","창신","3522","2878","20220404",""
"20220401","6호선","보문","7392","6605","20220404",""
"20220401","6호선","안암(고대병원앞)","13225","12625","20220404",""
"20220401","6호선","고려대(종암)","8608","8375","20220404",""
"20220401","6호선","월곡(동덕여대)","11707","11303","20220404",""
"20220401","6호선","상월곡(한국과학기술연구원)","6132","5502","20220404",""
"20220401","6호선","돌곶이","9294","8512","20220404",""
"20220401","6호선","석계","12127","12487","20220404",""
"20220401","6호선","태릉입구","5563","6043","20220404",""
"20220401","6호선","화랑대(서울여대입구)","11524","8863","20220404",""
"20220401","6호선","봉화산(서울의료원)","8464","8043","20220404",""
"20220401","7호선","장암","2153","932","20220404",""
"20220401","7호선","도봉산","9036","10671","20220404",""
"20220401","7호선","수락산","12156","11944","20220404",""
"20220401","7호선","마들","12430","11709","20220404",""
"20220401","7호선","노원","19086","20226","20220404",""
"20220401","7호선","중계","14245","12826","20220404",""
"20220401","7호선","하계","17105","15850","20220404",""
"20220401","7호선","공릉(서울과학기술대)","12655","12239","20220404",""
"20220401","7호선","태릉입구","8494","8219","20220404",""
"20220401","7호선","먹골","9889","9555","20220404",""
"20220401","7호선","중화","10596","10304","20220404",""
"20220401","7호선","상봉(시외버스터미널)","16289","15431","20220404",""
"20220401","7호선","면목","15963","15245","20220404",""
"20220401","7호선","사가정","15781","15779","20220404",""
"20220401","7호선","용마산(용마폭포공원)","5950","5619","20220404",""
"20220401","7호선","중곡","10723","9872","20220404",""
"20220401","7호선","군자(능동)","14719","11722","20220404",""
"20220401","7호선","어린이대공원(세종대)","14118","14354","20220404",""
"20220401","7호선","건대입구","12584","13775","20220404",""
"20220401","7호선","뚝섬유원지","12123","11953","20220404",""
"20220401","7호선","청담","18475","20724","20220404",""
"20220401","7호선","강남구청","15317","17312","20220404",""
"20220401","7호선","학동","22100","23650","20220404",""
"20220401","7호선","논현","19506","21387","20220404",""
"20220401","7호선","반포","5773","5563","20220404",""
"20220401","7호선","고속터미널","16198","13299","20220404",""
"20220401","7호선","내방","13958","14209","20220404",""
"20220401","7호선","이수","15355","14774","20220404",""
"20220401","7호선","남성","10896","9818","20220404",""
"20220401","7호선","숭실대입구(살피재)","13992","13754","20220404",""
"20220401","7호선","상도","10989","10413","20220404",""
"20220401","7호선","장승배기","8748","8465","20220404",""
"20220401","7호선","신대방삼거리","16356","15348","20220404",""
"20220401","7호선","보라매","9460","9281","20220404",""
"20220401","7호선","신풍","11099","10618","20220404",""
"20220401","7호선","대림(구로구청)","7204","7473","20220404",""
"20220401","7호선","남구로","14939","15778","20220404",""
"20220401","7호선","가산디지털단지","42305","42277","20220404",""
"20220401","7호선","철산","20262","20778","20220404",""
"20220401","7호선","광명사거리","21725","21499","20220404",""
"20220401","7호선","천왕","11088","10447","20220404",""
"20220401","7호선","온수(성공회대입구)","10320","9854","20220404",""
"20220401","8호선","암사","18128","15953","20220404",""
"20220401","8호선","천호(풍납토성)","14462","17016","20220404",""
"20220401","8호선","강동구청","10257","10332","20220404",""
"20220401","8호선","몽촌토성(평화의문)","5977","6110","20220404",""
"20220401","8호선","잠실(송파구청)","14090","16426","20220404",""
"20220401","8호선","석촌","7711","9041","20220404",""
"20220401","8호선","송파","7754","7598","20220404",""
"20220401","8호선","가락시장","7516","8321","20220404",""
"20220401","8호선","문정","21016","22003","20220404",""
"20220401","8호선","장지","16979","16116","20220404",""
"20220401","8호선","복정","9660","8074","20220404",""
"20220401","8호선","산성","5358","5260","20220404",""
"20220401","8호선","남한산성입구(성남법원.검찰청)","14833","13211","20220404",""
"20220401","8호선","단대오거리","11128","10282","20220404",""
"20220401","8호선","신흥","4055","4378","20220404",""
"20220401","8호선","수진","5336","4788","20220404",""
"20220401","8호선","모란","4490","3792","20220404",""
"20220401","8호선","남위례","4658","4795","20220404",""
"20220401","9호선","개화","2409","1716","20220404",""
"20220401","9호선","김포공항","7252","12324","20220404",""
"20220401","9호선","공항시장","3016","3225","20220404",""
"20220401","9호선","신방화","6745","6479","20220404",""
"20220401","9호선","마곡나루(서울식물원)","11883","11772","20220404",""
"20220401","9호선","양천향교","9786","9781","20220404",""
"20220401","9호선","가양","20123","19063","20220404",""
"20220401","9호선","증미","7007","6777","20220404",""
"20220401","9호선","등촌","10895","10320","20220404",""
"20220401","9호선","염창","16856","16074","20220404",""
"20220401","9호선","신목동","3942","3373","20220404",""
"20220401","9호선","선유도","8291","7873","20220404",""
"20220401","9호선","당산","18142","17838","20220404",""
"20220401","9호선","국회의사당","14600","14813","20220404",""
"20220401","9호선","여의도","26482","25126","20220404",""
"20220401","9호선","샛강","5630","5852","20220404",""
"20220401","9호선","노량진","26055","24712","20220404",""
"20220401","9호선","노들","4437","3632","20220404",""
"20220401","9호선","흑석(중앙대입구)","9319","9087","20220404",""
"20220401","9호선","동작(현충원)","2072","1712","20220404",""
"20220401","9호선","구반포","1244","1297","20220404",""
"20220401","9호선","신반포","3383","3285","20220404",""
"20220401","9호선","고속터미널","12707","16803","20220404",""
"20220401","9호선","사평","3435","3342","20220404",""
"20220401","9호선","신논현","31736","31458","20220404",""
"20220401","9호선2~3단계","언주","9900","9910","20220404",""
"20220401","9호선2~3단계","선정릉","9073","10050","20220404",""
"20220401","9호선2~3단계","삼성중앙","6352","6672","20220404",""
"20220401","9호선2~3단계","봉은사","15961","16401","20220404",""
"20220401","9호선2~3단계","종합운동장","3986","4170","20220404",""
"20220401","9호선2~3단계","삼전","6622","6485","20220404",""
"20220401","9호선2~3단계","석촌고분","5807","5625","20220404",""
"20220401","9호선2~3단계","석촌","8561","7683","20220404",""
"20220401","9호선2~3단계","송파나루","5237","5501","20220404",""
"20220401","9호선2~3단계","한성백제","2501","2133","20220404",""
"20220401","9호선2~3단계","올림픽공원(한국체대)","5951","5827","20220404",""
"20220401","9호선2~3단계","둔촌오륜","1250","1026","20220404",""
"20220401","9호선2~3단계","중앙보훈병원","10024","8810","20220404",""
"20220401","경강선","판교","4354","4405","20220404",""
"20220401","경강선","이매","1105","925","20220404",""
"20220401","경강선","삼동","2245","2057","20220404",""
"20220401","경강선","경기광주","7614","7162","20220404",""
"20220401","경강선","초월","3041","2862","20220404",""
"20220401","경강선","곤지암","2217","2184","20220404",""
"20220401","경강선","신둔도예촌","1689","1445","20220404",""
"20220401","경강선","이천","2688","2893","20220404",""
"20220401","경강선","부발","2569","2012","20220404",""
"20220401","경강선","세종대왕릉","338","363","20220404",""
"20220401","경강선","여주","2179","2302","20220404",""
"20220401","경부선","서울역","6849","2493","20220404",""
"20220401","경부선","남영","9364","9732","20220404",""
"20220401","경부선","용산","33746","35565","20220404",""
"20220401","경부선","노량진","8583","8371","20220404",""
"20220401","경부선","대방","12697","12721","20220404",""
"20220401","경부선","영등포","38355","39677","20220404",""
"20220401","경부선","신도림","4038","4019","20220404",""
"20220401","경부선","신길","8841","7534","20220404",""
"20220401","경부선","구로","17700","18684","20220404",""
"20220401","경부선","가산디지털단지","17501","20000","20220404",""
"20220401","경부선","금천구청","11476","11476","20220404",""
"20220401","경부선","석수","9560","8466","20220404",""
"20220401","경부선","관악","7143","6733","20220404",""
"20220401","경부선","안양","24700","24475","20220404",""
"20220401","경부선","명학","9198","8974","20220404",""
"20220401","경부선","금정","26295","26830","20220404",""
"20220401","경부선","군포","7689","7535","20220404",""
"20220401","경부선","의왕","9323","9137","20220404",""
"20220401","경부선","성균관대","15305","14802","20220404",""
"20220401","경부선","화서","8011","7572","20220404",""
"20220401","경부선","수원","36528","40171","20220404",""
"20220401","경부선","독산","18103","18236","20220404",""
"20220401","경부선","세류","3055","2771","20220404",""
"20220401","경부선","병점","15293","15421","20220404",""
"20220401","경부선","세마","2813","2626","20220404",""
"20220401","경부선","오산대","3776","3540","20220404",""
"20220401","경부선","오산","10155","9989","20220404",""
"20220401","경부선","진위","1881","1577","20220404",""
"20220401","경부선","송탄","4988","4471","20220404",""
"20220401","경부선","서정리","7978","6505","20220404",""
"20220401","경부선","평택지제","3806","3623","20220404",""
"20220401","경부선","평택","13991","13271","20220404",""
"20220401","경부선","성환","4459","3760","20220404",""
"20220401","경부선","직산","892","809","20220404",""
"20220401","경부선","두정","7348","6484","20220404",""
"20220401","경부선","천안","6792","6549","20220404",""
"20220401","경부선","당정","6273","5819","20220404",""
"20220401","경부선","서동탄","1354","1338","20220404",""
"20220401","경부선","광명","3397","3132","20220404",""
"20220401","경원선","이촌(국립중앙박물관)","3553","2795","20220404",""
"20220401","경원선","서빙고","2031","1897","20220404",""
"20220401","경원선","한남","3874","3709","20220404",""
"20220401","경원선","옥수","52","29","20220404",""
"20220401","경원선","응봉","2412","2468","20220404",""
"20220401","경원선","왕십리(성동구청)","15171","16014","20220404",""
"20220401","경원선","청량리(서울시립대입구)","16206","16523","20220404",""
"20220401","경원선","외대앞","8652","8339","20220404",""
"20220401","경원선","신이문","8282","7613","20220404",""
"20220401","경원선","석계","8107","9007","20220404",""
"20220401","경원선","광운대","8447","8138","20220404",""
"20220401","경원선","월계","7660","7116","20220404",""
"20220401","경원선","녹천","4665","3785","20220404",""
"20220401","경원선","방학","9561","9383","20220404",""
"20220401","경원선","도봉","5883","5567","20220404",""
"20220401","경원선","도봉산","7928","5217","20220404",""
"20220401","경원선","망월사","8092","8127","20220404",""
"20220401","경원선","회룡","12261","12174","20220404",""
"20220401","경원선","의정부","18483","19379","20220404",""
"20220401","경원선","가능","6787","6418","20220404",""
"20220401","경원선","녹양","4791","4489","20220404",""
"20220401","경원선","양주","7881","7447","20220404",""
"20220401","경원선","덕계","3120","2906","20220404",""
"20220401","경원선","덕정","6302","5813","20220404",""
"20220401","경원선","지행","6765","6726","20220404",""
"20220401","경원선","동두천중앙","3127","3085","20220404",""
"20220401","경원선","보산","1786","1557","20220404",""
"20220401","경원선","동두천","2551","2678","20220404",""
"20220401","경원선","소요산","2716","2415","20220404",""
"20220401","경의선","서울역","4240","5480","20220404",""
"20220401","경의선","신촌","812","1078","20220404",""
"20220401","경의선","효창공원앞","2969","3260","20220404",""
"20220401","경의선","공덕","3363","2958","20220404",""
"20220401","경의선","서강대","2181","2164","20220404",""
"20220401","경의선","홍대입구","1735","2142","20220404",""
"20220401","경의선","가좌","5207","5104","20220404",""
"20220401","경의선","디지털미디어시티","2411","2285","20220404",""
"20220401","경의선","수색","2688","2724","20220404",""
"20220401","경의선","화전","2919","2597","20220404",""
"20220401","경의선","강매","3230","2755","20220404",""
"20220401","경의선","행신","7985","8107","20220404",""
"20220401","경의선","능곡","3814","3612","20220404",""
"20220401","경의선","곡산","592","649","20220404",""
"20220401","경의선","백마","6973","6922","20220404",""
"20220401","경의선","풍산","5507","5126","20220404",""
"20220401","경의선","일산","9314","9256","20220404",""
"20220401","경의선","탄현","7608","7484","20220404",""
"20220401","경의선","야당","7848","8037","20220404",""
"20220401","경의선","운정","6942","6582","20220404",""
"20220401","경의선","금릉","4770","4649","20220404",""
"20220401","경의선","금촌","6782","6932","20220404",""
"20220401","경의선","월롱","2810","2181","20220404",""
"20220401","경의선","파주","1324","869","20220404",""
"20220401","경의선","문산","5271","5098","20220404",""
"20220401","경의선","임진강","18","11","20220404",""
"20220401","경인선","개봉","21016","20591","20220404",""
"20220401","경인선","오류동","11726","10639","20220404",""
"20220401","경인선","역곡","28127","27578","20220404",""
"20220401","경인선","부천","32354","32980","20220404",""
"20220401","경인선","송내","26416","26266","20220404",""
"20220401","경인선","부평","29597","32537","20220404",""
"20220401","경인선","백운","6886","6779","20220404",""
"20220401","경인선","동암","14235","14700","20220404",""
"20220401","경인선","주안","19608","17494","20220404",""
"20220401","경인선","제물포","10826","10327","20220404",""
"20220401","경인선","동인천","13915","13267","20220404",""
"20220401","경인선","인천","3549","2775","20220404",""
"20220401","경인선","구일","6608","6471","20220404",""
"20220401","경인선","소사","8788","8389","20220404",""
"20220401","경인선","부개","8311","7739","20220404",""
"20220401","경인선","간석","5914","5646","20220404",""
"20220401","경인선","도원","3140","3093","20220404",""
"20220401","경인선","온수(성공회대입구)","6902","6420","20220404",""
"20220401","경인선","중동","9196","8759","20220404",""
"20220401","경인선","도화","4208","3944","20220404",""
"20220401","경춘선","신내","2142","2108","20220404",""
"20220401","경춘선","갈매","3013","2618","20220404",""
"20220401","경춘선","별내","3157","3117","20220404",""
"20220401","경춘선","퇴계원","3393","3230","20220404",""
"20220401","경춘선","사릉","2450","2401","20220404",""
"20220401","경춘선","금곡","1549","1492","20220404",""
"20220401","경춘선","평내호평","6121","6170","20220404",""
"20220401","경춘선","천마산","1670","1603","20220404",""
"20220401","경춘선","마석","3912","3891","20220404",""
"20220401","경춘선","대성리","504","641","20220404",""
"20220401","경춘선","청평","1560","1714","20220404",""
"20220401","경춘선","상천","284","255","20220404",""
"20220401","경춘선","가평","1457","1690","20220404",""
"20220401","경춘선","굴봉산","129","128","20220404",""
"20220401","경춘선","백양리","86","92","20220404",""
"20220401","경춘선","강촌","328","393","20220404",""
"20220401","경춘선","김유정","303","345","20220404",""
"20220401","경춘선","남춘천","2949","2430","20220404",""
"20220401","경춘선","춘천","1581","1248","20220404",""
"20220401","공항철도 1호선","서울역","8782","8426","20220404",""
"20220401","공항철도 1호선","공덕","2172","2961","20220404",""
"20220401","공항철도 1호선","홍대입구","10102","10273","20220404",""
"20220401","공항철도 1호선","디지털미디어시티","12846","11720","20220404",""
"20220401","공항철도 1호선","마곡나루(서울식물원)","8021","7972","20220404",""
"20220401","공항철도 1호선","김포공항","12509","6935","20220404",""
"20220401","공항철도 1호선","계양","10099","9588","20220404",""
"20220401","공항철도 1호선","검암","6540","6516","20220404",""
"20220401","공항철도 1호선","청라국제도시","6681","6444","20220404",""
"20220401","공항철도 1호선","운서","6835","6751","20220404",""
"20220401","공항철도 1호선","공항화물청사","2280","2406","20220404",""
"20220401","공항철도 1호선","인천공항1터미널","4613","4538","20220404",""
"20220401","공항철도 1호선","인천공항2터미널","2596","2202","20220404",""
"20220401","공항철도 1호선","영종","3055","3135","20220404",""
"20220401","과천선","선바위","8263","7176","20220404",""
"20220401","과천선","경마공원","5632","5716","20220404",""
"20220401","과천선","대공원","3405","3489","20220404",""
"20220401","과천선","과천","6280","5626","20220404",""
"20220401","과천선","정부과천청사","10022","9905","20220404",""
"20220401","과천선","인덕원","23845","24462","20220404",""
"20220401","과천선","평촌","17076","16682","20220404",""
"20220401","과천선","범계","25902","26258","20220404",""
"20220401","분당선","선릉","12334","18434","20220404",""
"20220401","분당선","한티","14092","14960","20220404",""
"20220401","분당선","도곡","6878","6617","20220404",""
"20220401","분당선","구룡","2361","2263","20220404",""
"20220401","분당선","개포동","3954","4045","20220404",""
"20220401","분당선","대모산입구","4443","4040","20220404",""
"20220401","분당선","수서","13592","14840","20220404",""
"20220401","분당선","복정","1","0","20220404",""
"20220401","분당선","수원","8758","7249","20220404",""
"20220401","분당선","서울숲","11742","12064","20220404",""
"20220401","분당선","압구정로데오","20054","22600","20220404",""
"20220401","분당선","강남구청","9706","11080","20220404",""
"20220401","분당선","선정릉","7555","7890","20220404",""
"20220401","분당선","가천대","9575","9898","20220404",""
"20220401","분당선","태평","13472","12898","20220404",""
"20220401","분당선","모란","20233","20587","20220404",""
"20220401","분당선","야탑","25771","26677","20220404",""
"20220401","분당선","서현","24200","24806","20220404",""
"20220401","분당선","수내","12731","12801","20220404",""
"20220401","분당선","정자","16715","17848","20220404",""
"20220401","분당선","미금","15312","16215","20220404",""
"20220401","분당선","오리","11264","9167","20220404",""
"20220401","분당선","이매","5677","5394","20220404",""
"20220401","분당선","보정","2534","2205","20220404",""
"20220401","분당선","죽전","14116","15184","20220404",""
"20220401","분당선","구성","4822","5103","20220404",""
"20220401","분당선","신갈","4346","4304","20220404",""
"20220401","분당선","기흥","9615","9235","20220404",""
"20220401","분당선","상갈","5226","5134","20220404",""
"20220401","분당선","청명","4508","4210","20220404",""
"20220401","분당선","영통","8910","8857","20220404",""
"20220401","분당선","망포","14733","13799","20220404",""
"20220401","분당선","매탄권선","5264","5052","20220404",""
"20220401","분당선","수원시청","13101","14488","20220404",""
"20220401","분당선","매교","3132","3149","20220404",""
"20220401","수인선","고색","5311","4959","20220404",""
"20220401","수인선","오목천","3437","3016","20220404",""
"20220401","수인선","어천","842","775","20220404",""
"20220401","수인선","원인재","4425","4709","20220404",""
"20220401","수인선","연수","4897","4903","20220404",""
"20220401","수인선","송도","2594","2467","20220404",""
"20220401","수인선","인하대","7215","6589","20220404",""
"20220401","수인선","숭의","3835","3641","20220404",""
"20220401","수인선","신포","1871","1909","20220404",""
"20220401","수인선","인천","1053","1722","20220404",""
"20220401","안산선","산본","15587","17119","20220404",""
"20220401","안산선","대야미","5135","4553","20220404",""
"20220401","안산선","반월","4470","4197","20220404",""
"20220401","안산선","상록수","16012","15953","20220404",""
"20220401","안산선","한대앞","10531","10372","20220404",""
"20220401","안산선","중앙","18709","19810","20220404",""
"20220401","안산선","고잔","8853","8438","20220404",""
"20220401","안산선","초지","4791","5138","20220404",""
"20220401","안산선","안산","11360","10621","20220404",""
"20220401","안산선","신길온천","1761","1637","20220404",""
"20220401","안산선","정왕","10692","10047","20220404",""
"20220401","안산선","오이도","8278","8529","20220404",""
"20220401","안산선","수리산","4299","3422","20220404",""
"20220401","우이신설선","북한산우이","3509","3243","20220404",""
"20220401","우이신설선","솔밭공원","2424","2234","20220404",""
"20220401","우이신설선","4.19민주묘지","3587","3352","20220404",""
"20220401","우이신설선","가오리","4111","4045","20220404",""
"20220401","우이신설선","화계","3400","3139","20220404",""
"20220401","우이신설선","삼양","1997","2132","20220404",""
"20220401","우이신설선","삼양사거리","2434","2455","20220404",""
"20220401","우이신설선","솔샘","5627","5118","20220404",""
"20220401","우이신설선","북한산보국문","6159","5746","20220404",""
"20220401","우이신설선","정릉","4779","4248","20220404",""
"20220401","우이신설선","성신여대입구(돈암)","3375","3711","20220404",""
"20220401","우이신설선","보문","1499","1544","20220404",""
"20220401","우이신설선","신설동","2155","2137","20220404",""
"20220401","일산선","원흥","10402","9721","20220404",""
"20220401","일산선","삼송","19366","18600","20220404",""
"20220401","일산선","원당","11148","10346","20220404",""
"20220401","일산선","화정","16672","17207","20220404",""
"20220401","일산선","대곡","2134","1686","20220404",""
"20220401","일산선","백석","9452","9395","20220404",""
"20220401","일산선","마두","7295","7548","20220404",""
"20220401","일산선","정발산","7280","7657","20220404",""
"20220401","일산선","주엽","8690","8843","20220404",""
"20220401","일산선","대화","11921","9653","20220404",""
"20220401","장항선","봉명","1272","1182","20220404",""
"20220401","장항선","쌍용(나사렛대)","2687","2249","20220404",""
"20220401","장항선","아산","4140","4157","20220404",""
"20220401","장항선","탕정","823","683","20220404",""
"20220401","장항선","배방","1216","1163","20220404",""
"20220401","장항선","온양온천","3597","3991","20220404",""
"20220401","장항선","신창(순천향대)","3248","2050","20220404",""
"20220401","중앙선","회기","25777","24197","20220404",""
"20220401","중앙선","중랑","5538","5254","20220404",""
"20220401","중앙선","상봉(시외버스터미널)","5717","5775","20220404",""
"20220401","중앙선","망우","7581","7497","20220404",""
"20220401","중앙선","양원","2924","2736","20220404",""
"20220401","중앙선","구리","13076","13528","20220404",""
"20220401","중앙선","도농","10157","9406","20220404",""
"20220401","중앙선","양정","758","664","20220404",""
"20220401","중앙선","덕소","5443","5569","20220404",""
"20220401","중앙선","도심","2374","1942","20220404",""
"20220401","중앙선","팔당","878","959","20220404",""
"20220401","중앙선","운길산","939","893","20220404",""
"20220401","중앙선","양수","1986","2070","20220404",""
"20220401","중앙선","신원","237","223","20220404",""
"20220401","중앙선","국수","690","719","20220404",""
"20220401","중앙선","아신","532","553","20220404",""
"20220401","중앙선","오빈","327","335","20220404",""
"20220401","중앙선","양평","2769","2875","20220404",""
"20220401","중앙선","원덕","421","440","20220404",""
"20220401","중앙선","용문","1701","1836","20220404",""
"20220401","중앙선","지평","80","88","20220404",""
"20220401","1호선","서울역","43089","43731","20220404",""
"20220401","수인선","야목","390","301","20220404",""
"20220401","5호선","오금","3683","3724","20220404",""
"20220401","수인선","남동인더스파크","2340","2625","20220404",""
"20220401","수인선","호구포","4047","4148","20220404",""
"20220401","수인선","인천논현","5573","6036","20220404",""
"20220401","수인선","소래포구","5591","5341","20220404",""
"20220401","수인선","월곶","2739","2510","20220404",""
"20220401","수인선","달월","122","77","20220404",""
"20220402","7호선","사가정","11752","11299","20220405",""
"20220402","중앙선","용문","1944","2147","20220405",""
"20220402","중앙선","원덕","667","597","20220405",""
"20220402","중앙선","양평","2566","2697","20220405",""
"20220402","중앙선","오빈","293","313","20220405",""
"20220402","중앙선","아신","586","588","20220405",""
"20220402","중앙선","국수","781","717","20220405",""
"20220402","중앙선","신원","366","322","20220405",""
"20220402","중앙선","양수","2298","2248","20220405",""
"20220402","중앙선","운길산","1481","1416","20220405",""
"20220402","중앙선","팔당","1421","1657","20220405",""
"20220402","중앙선","도심","1573","1262","20220405",""
"20220402","중앙선","덕소","4305","4393","20220405",""
"20220402","중앙선","양정","576","472","20220405",""
"20220402","중앙선","도농","6738","6463","20220405",""
"20220402","중앙선","구리","9900","10115","20220405",""
"20220402","중앙선","양원","1877","1771","20220405",""
"20220402","중앙선","망우","6754","6329","20220405",""
"20220402","중앙선","상봉(시외버스터미널)","4830","4694","20220405",""
"20220402","중앙선","중랑","4279","4118","20220405",""
"20220402","중앙선","회기","20428","19552","20220405",""
"20220402","장항선","신창(순천향대)","1302","1199","20220405",""
"20220402","장항선","온양온천","3618","3599","20220405",""
"20220402","장항선","배방","1050","998","20220405",""
"20220402","장항선","탕정","658","562","20220405",""
"20220402","장항선","아산","2972","2910","20220405",""
"20220402","장항선","쌍용(나사렛대)","1620","1468","20220405",""
"20220402","장항선","봉명","683","601","20220405",""
"20220402","일산선","대화","8643","7806","20220405",""
"20220402","일산선","주엽","6272","6187","20220405",""
"20220402","일산선","정발산","6466","6758","20220405",""
"20220402","일산선","마두","4776","4808","20220405",""
"20220402","일산선","백석","6926","6811","20220405",""
"20220402","일산선","대곡","1421","1211","20220405",""
"20220402","일산선","화정","12257","12521","20220405",""
"20220402","일산선","원당","7925","7695","20220405",""
"20220402","일산선","삼송","13857","13352","20220405",""
"20220402","일산선","원흥","7076","6723","20220405",""
"20220402","우이신설선","신설동","1335","1407","20220405",""
"20220402","우이신설선","보문","1085","1081","20220405",""
"20220402","우이신설선","성신여대입구(돈암)","2649","3122","20220405",""
"20220402","우이신설선","정릉","3591","2836","20220405",""
"20220402","우이신설선","북한산보국문","4808","4235","20220405",""
"20220402","우이신설선","솔샘","3763","3301","20220405",""
"20220402","우이신설선","삼양사거리","1922","1849","20220405",""
"20220402","우이신설선","삼양","1504","1485","20220405",""
"20220402","우이신설선","화계","2497","2153","20220405",""
"20220402","수인선","숭의","2948","2633","20220405",""
"20220402","수인선","인하대","4513","4151","20220405",""
"20220402","수인선","송도","2171","2063","20220405",""
"20220402","수인선","연수","4054","3968","20220405",""
"20220402","수인선","원인재","3508","3638","20220405",""
"20220402","수인선","남동인더스파크","1015","977","20220405",""
"20220402","수인선","호구포","2594","2427","20220405",""
"20220402","수인선","인천논현","4061","4412","20220405",""
"20220402","수인선","소래포구","5942","5973","20220405",""
"20220402","수인선","월곶","2095","1967","20220405",""
"20220402","수인선","달월","57","55","20220405",""
"20220402","수인선","사리","3464","2991","20220405",""
"20220402","수인선","야목","270","253","20220405",""
"20220402","수인선","어천","680","577","20220405",""
"20220402","수인선","오목천","2266","1893","20220405",""
"20220402","수인선","고색","2952","3031","20220405",""
"20220402","분당선","매교","2098","2211","20220405",""
"20220402","분당선","수원시청","10430","11189","20220405",""
"20220402","분당선","매탄권선","3311","3213","20220405",""
"20220402","분당선","망포","8744","8041","20220405",""
"20220402","분당선","영통","6352","6184","20220405",""
"20220402","분당선","청명","2500","2487","20220405",""
"20220402","분당선","상갈","3552","3589","20220405",""
"20220402","분당선","기흥","6119","5898","20220405",""
"20220402","분당선","신갈","2603","2623","20220405",""
"20220402","분당선","구성","3139","3308","20220405",""
"20220402","분당선","죽전","9819","10952","20220405",""
"20220402","분당선","보정","1485","1419","20220405",""
"20220402","분당선","이매","3936","3925","20220405",""
"20220402","분당선","오리","7280","6113","20220405",""
"20220402","분당선","미금","10021","10342","20220405",""
"20220402","분당선","정자","10005","10138","20220405",""
"20220402","분당선","수내","8414","7754","20220405",""
"20220402","분당선","서현","18094","18181","20220405",""
"20220402","분당선","야탑","16665","17519","20220405",""
"20220402","분당선","모란","15673","15977","20220405",""
"20220402","분당선","태평","10309","9624","20220405",""
"20220402","분당선","가천대","5417","5755","20220405",""
"20220402","분당선","선정릉","3248","3296","20220405",""
"20220402","분당선","강남구청","5302","6498","20220405",""
"20220402","분당선","압구정로데오","19379","21738","20220405",""
"20220402","분당선","서울숲","12451","13642","20220405",""
"20220402","분당선","수원","7664","6100","20220405",""
"20220402","분당선","수서","9584","10177","20220405",""
"20220402","분당선","대모산입구","2997","2858","20220405",""
"20220402","분당선","개포동","2654","2667","20220405",""
"20220402","분당선","구룡","1519","1400","20220405",""
"20220402","분당선","도곡","4502","4186","20220405",""
"20220402","분당선","한티","11644","11455","20220405",""
"20220402","분당선","선릉","4885","7304","20220405",""
"20220402","과천선","범계","19363","18977","20220405",""
"20220402","과천선","평촌","8725","8492","20220405",""
"20220402","과천선","인덕원","15404","15252","20220405",""
"20220402","과천선","정부과천청사","6045","5956","20220405",""
"20220402","과천선","과천","4615","4207","20220405",""
"20220402","과천선","대공원","8541","8906","20220405",""
"20220402","과천선","경마공원","8886","8990","20220405",""
"20220402","과천선","선바위","5360","4795","20220405",""
"20220402","공항철도 1호선","영종","2892","2887","20220405",""
"20220402","공항철도 1호선","인천공항2터미널","2299","2152","20220405",""
"20220402","공항철도 1호선","인천공항1터미널","4139","3817","20220405",""
"20220402","공항철도 1호선","공항화물청사","1228","1299","20220405",""
"20220402","공항철도 1호선","운서","5915","5962","20220405",""
"20220402","공항철도 1호선","청라국제도시","4106","3944","20220405",""
"20220402","공항철도 1호선","검암","4321","4378","20220405",""
"20220402","공항철도 1호선","계양","6710","6330","20220405",""
"20220402","공항철도 1호선","김포공항","10540","5446","20220405",""
"20220402","공항철도 1호선","마곡나루(서울식물원)","3083","3530","20220405",""
"20220402","공항철도 1호선","디지털미디어시티","4775","4548","20220405",""
"20220402","공항철도 1호선","홍대입구","11466","11414","20220405",""
"20220402","공항철도 1호선","공덕","1421","2125","20220405",""
"20220402","공항철도 1호선","서울역","6922","7541","20220405",""
"20220402","경춘선","춘천","1734","1540","20220405",""
"20220402","경춘선","남춘천","3237","3243","20220405",""
"20220402","경춘선","김유정","520","593","20220405",""
"20220402","경춘선","강촌","719","705","20220405",""
"20220402","경춘선","백양리","104","130","20220405",""
"20220402","경춘선","굴봉산","207","242","20220405",""
"20220402","경춘선","가평","1718","1800","20220405",""
"20220402","경춘선","상천","410","382","20220405",""
"20220402","경춘선","청평","1760","1682","20220405",""
"20220402","경춘선","대성리","846","979","20220405",""
"20220402","경춘선","마석","3045","2978","20220405",""
"20220402","경춘선","천마산","1364","1400","20220405",""
"20220402","경춘선","평내호평","4460","4293","20220405",""
"20220402","경춘선","금곡","1144","1059","20220405",""
"20220402","경춘선","사릉","1663","1605","20220405",""
"20220402","경춘선","퇴계원","2466","2256","20220405",""
"20220402","경춘선","별내","2378","2193","20220405",""
"20220402","경춘선","갈매","1875","1597","20220405",""
"20220402","경춘선","신내","1277","1229","20220405",""
"20220402","경인선","도화","3077","2762","20220405",""
"20220402","경인선","중동","6628","6031","20220405",""
"20220402","경인선","온수(성공회대입구)","4726","4292","20220405",""
"20220402","경인선","도원","3585","3578","20220405",""
"20220402","경인선","간석","4118","3914","20220405",""
"20220402","경인선","부개","5966","5562","20220405",""
"20220402","경인선","소사","7066","6688","20220405",""
"20220402","경인선","구일","8397","8641","20220405",""
"20220402","경인선","인천","4405","3928","20220405",""
"20220402","경인선","동인천","11551","11321","20220405",""
"20220402","경인선","제물포","7484","7207","20220405",""
"20220402","경인선","주안","15199","13104","20220405",""
"20220402","경인선","동암","11527","11624","20220405",""
"20220402","경인선","백운","5109","5061","20220405",""
"20220402","경인선","부평","27396","30168","20220405",""
"20220402","경인선","송내","17060","16669","20220405",""
"20220402","경인선","부천","27489","28169","20220405",""
"20220402","경인선","역곡","19439","19008","20220405",""
"20220402","경인선","오류동","8556","7821","20220405",""
"20220402","경인선","개봉","15267","14877","20220405",""
"20220402","경의선","임진강","76","51","20220405",""
"20220402","경의선","문산","4187","4095","20220405",""
"20220402","경의선","파주","885","685","20220405",""
"20220402","경의선","월롱","1785","1419","20220405",""
"20220402","경의선","금촌","5230","5026","20220405",""
"20220402","경의선","금릉","3681","3629","20220405",""
"20220402","경의선","운정","4643","4298","20220405",""
"20220402","경의선","야당","5986","5844","20220405",""
"20220402","경의선","탄현","5118","4960","20220405",""
"20220402","경의선","일산","5894","5585","20220405",""
"20220402","경의선","풍산","4133","4049","20220405",""
"20220402","경의선","백마","4239","4068","20220405",""
"20220402","경의선","곡산","436","453","20220405",""
"20220402","경의선","능곡","2672","2701","20220405",""
"20220402","경의선","행신","5023","5107","20220405",""
"20220402","경의선","강매","1951","1796","20220405",""
"20220402","경의선","화전","1208","1094","20220405",""
"20220402","경의선","수색","1396","1386","20220405",""
"20220402","경의선","디지털미디어시티","1857","1639","20220405",""
"20220402","경의선","가좌","3567","3496","20220405",""
"20220402","경의선","홍대입구","1832","2384","20220405",""
"20220402","경의선","서강대","1575","1664","20220405",""
"20220402","경의선","공덕","2418","1931","20220405",""
"20220402","경의선","효창공원앞","1718","1781","20220405",""
"20220402","경의선","신촌","335","328","20220405",""
"20220402","경의선","서울역","1194","1372","20220405",""
"20220402","경원선","소요산","3798","3290","20220405",""
"20220402","경원선","동두천","1688","2146","20220405",""
"20220402","경원선","보산","1586","1524","20220405",""
"20220402","경원선","동두천중앙","2550","2458","20220405",""
"20220402","경원선","지행","5431","5426","20220405",""
"20220402","경원선","덕정","4645","4307","20220405",""
"20220402","경원선","덕계","2466","2298","20220405",""
"20220402","경원선","양주","6214","6026","20220405",""
"20220402","경원선","녹양","3497","3354","20220405",""
"20220402","경원선","가능","5025","4718","20220405",""
"20220402","경원선","의정부","17131","17849","20220405",""
"20220402","경원선","회룡","9229","9280","20220405",""
"20220402","경원선","망월사","5764","5793","20220405",""
"20220402","경원선","도봉산","8991","6350","20220405",""
"20220402","경원선","도봉","4293","4019","20220405",""
"20220402","경원선","방학","7198","7036","20220405",""
"20220402","경원선","창동","3","0","20220405",""
"20220402","경원선","녹천","3183","2795","20220405",""
"20220402","경원선","월계","4554","4230","20220405",""
"20220402","경원선","광운대","5311","5386","20220405",""
"20220402","경원선","석계","6346","6646","20220405",""
"20220402","경원선","신이문","5938","5289","20220405",""
"20220402","경원선","외대앞","6164","5732","20220405",""
"20220402","경원선","청량리(서울시립대입구)","14792","16083","20220405",""
"20220402","경원선","왕십리(성동구청)","12284","13628","20220405",""
"20220402","경원선","응봉","2761","3599","20220405",""
"20220402","경원선","옥수","43","35","20220405",""
"20220402","경원선","한남","2597","2488","20220405",""
"20220402","경원선","서빙고","1563","1838","20220405",""
"20220402","경원선","이촌(국립중앙박물관)","2866","2122","20220405",""
"20220402","경부선","광명","2465","2312","20220405",""
"20220402","경부선","서동탄","933","1006","20220405",""
"20220402","경부선","당정","3975","3678","20220405",""
"20220402","경부선","천안","5783","6100","20220405",""
"20220402","경부선","두정","5276","5078","20220405",""
"20220402","경부선","직산","660","623","20220405",""
"20220402","경부선","성환","2974","2722","20220405",""
"20220402","경부선","평택","13488","12635","20220405",""
"20220402","경부선","평택지제","2973","2793","20220405",""
"20220402","경부선","서정리","6684","5581","20220405",""
"20220402","경부선","송탄","5038","4337","20220405",""
"20220402","경부선","진위","1032","872","20220405",""
"20220402","경부선","오산","8865","8287","20220405",""
"20220402","경부선","오산대","2849","2533","20220405",""
"20220402","경부선","세마","2060","1833","20220405",""
"20220402","경부선","병점","11802","11796","20220405",""
"20220402","경부선","세류","2289","2285","20220405",""
"20220402","경부선","독산","8669","8504","20220405",""
"20220402","경부선","수원","36000","39451","20220405",""
"20220402","경부선","화서","5513","5541","20220405",""
"20220402","경부선","성균관대","10416","10266","20220405",""
"20220402","경부선","의왕","5977","5792","20220405",""
"20220402","경부선","군포","4108","3691","20220405",""
"20220402","경부선","금정","17776","18085","20220405",""
"20220402","경부선","명학","4705","4557","20220405",""
"20220402","경부선","안양","16613","16435","20220405",""
"20220402","경부선","관악","5754","5424","20220405",""
"20220402","경부선","석수","6453","6080","20220405",""
"20220402","경부선","금천구청","7706","7867","20220405",""
"20220402","경부선","가산디지털단지","5995","7834","20220405",""
"20220402","경부선","구로","11865","12088","20220405",""
"20220402","경부선","신길","5810","4875","20220405",""
"20220402","경부선","신도림","2983","2924","20220405",""
"20220402","경부선","영등포","36962","38261","20220405",""
"20220402","경부선","대방","7910","8073","20220405",""
"20220402","경부선","노량진","8107","7263","20220405",""
"20220402","경부선","용산","31156","33374","20220405",""
"20220402","경부선","남영","5405","5749","20220405",""
"20220402","경부선","서울역","6385","1779","20220405",""
"20220402","경강선","여주","2105","2383","20220405",""
"20220402","경강선","세종대왕릉","334","395","20220405",""
"20220402","경강선","부발","1983","1628","20220405",""
"20220402","경강선","이천","2657","2687","20220405",""
"20220402","경강선","신둔도예촌","1190","1116","20220405",""
"20220402","경강선","곤지암","1728","1863","20220405",""
"20220402","경강선","초월","2096","1983","20220405",""
"20220402","경강선","경기광주","5173","4905","20220405",""
"20220402","경강선","삼동","1352","1245","20220405",""
"20220402","경강선","이매","808","640","20220405",""
"20220402","경강선","판교","2993","2805","20220405",""
"20220402","9호선2~3단계","중앙보훈병원","4442","4134","20220405",""
"20220402","9호선2~3단계","둔촌오륜","626","621","20220405",""
"20220402","9호선2~3단계","올림픽공원(한국체대)","5149","5330","20220405",""
"20220402","9호선2~3단계","한성백제","1970","1642","20220405",""
"20220402","9호선2~3단계","송파나루","5110","5112","20220405",""
"20220402","9호선2~3단계","석촌","7170","6534","20220405",""
"20220402","9호선2~3단계","석촌고분","4065","3928","20220405",""
"20220402","9호선2~3단계","삼전","4736","4357","20220405",""
"20220402","9호선2~3단계","종합운동장","3973","3546","20220405",""
"20220402","9호선2~3단계","봉은사","11919","12833","20220405",""
"20220402","9호선2~3단계","삼성중앙","2905","2891","20220405",""
"20220402","9호선2~3단계","선정릉","4532","5153","20220405",""
"20220402","9호선2~3단계","언주","5468","5518","20220405",""
"20220402","9호선","신논현","24815","24045","20220405",""
"20220402","9호선","사평","2315","2146","20220405",""
"20220402","9호선","고속터미널","12321","17514","20220405",""
"20220402","9호선","신반포","2702","2651","20220405",""
"20220402","9호선","구반포","1016","1003","20220405",""
"20220402","9호선","동작(현충원)","1771","1512","20220405",""
"20220402","9호선","흑석(중앙대입구)","5761","5576","20220405",""
"20220402","9호선","노들","3115","2640","20220405",""
"20220402","9호선","노량진","20869","20175","20220405",""
"20220402","9호선","샛강","2699","2550","20220405",""
"20220402","9호선","여의도","13824","13242","20220405",""
"20220402","9호선","국회의사당","5161","5606","20220405",""
"20220402","9호선","당산","12897","12010","20220405",""
"20220402","9호선","선유도","4046","3969","20220405",""
"20220402","9호선","신목동","2297","1947","20220405",""
"20220402","9호선","염창","11758","10710","20220405",""
"20220402","9호선","등촌","6850","6396","20220405",""
"20220402","9호선","증미","3944","3758","20220405",""
"20220402","9호선","가양","13442","12573","20220405",""
"20220402","9호선","양천향교","5536","5276","20220405",""
"20220402","9호선","마곡나루(서울식물원)","8233","7911","20220405",""
"20220402","9호선","신방화","4458","4167","20220405",""
"20220402","9호선","공항시장","2265","2326","20220405",""
"20220402","9호선","김포공항","7087","11359","20220405",""
"20220402","9호선","개화","1417","1205","20220405",""
"20220402","8호선","남위례","2969","3113","20220405",""
"20220402","8호선","모란","3779","3320","20220405",""
"20220402","8호선","수진","4160","3670","20220405",""
"20220402","8호선","신흥","3388","3596","20220405",""
"20220402","8호선","단대오거리","7439","6869","20220405",""
"20220402","8호선","남한산성입구(성남법원.검찰청)","8906","7964","20220405",""
"20220402","8호선","산성","4104","4121","20220405",""
"20220402","8호선","복정","5831","5061","20220405",""
"20220402","8호선","장지","11485","10649","20220405",""
"20220402","8호선","문정","8299","8256","20220405",""
"20220402","8호선","가락시장","5315","5483","20220405",""
"20220402","8호선","송파","5386","5370","20220405",""
"20220402","8호선","석촌","6302","8346","20220405",""
"20220402","8호선","잠실(송파구청)","14450","16018","20220405",""
"20220402","8호선","몽촌토성(평화의문)","4768","4639","20220405",""
"20220402","8호선","강동구청","5739","5816","20220405",""
"20220402","8호선","천호(풍납토성)","11244","13367","20220405",""
"20220402","8호선","암사","11877","10784","20220405",""
"20220402","7호선","온수(성공회대입구)","5279","5231","20220405",""
"20220402","7호선","천왕","6566","6202","20220405",""
"20220402","7호선","광명사거리","16073","16082","20220405",""
"20220402","7호선","철산","13735","13900","20220405",""
"20220402","7호선","가산디지털단지","13770","12474","20220405",""
"20220402","7호선","남구로","7582","7758","20220405",""
"20220402","7호선","대림(구로구청)","6201","6644","20220405",""
"20220402","7호선","신풍","7588","7163","20220405",""
"20220402","7호선","보라매","6336","6076","20220405",""
"20220402","7호선","신대방삼거리","11119","10342","20220405",""
"20220402","7호선","장승배기","6179","5854","20220405",""
"20220402","7호선","상도","7325","6877","20220405",""
"20220402","7호선","숭실대입구(살피재)","8531","8364","20220405",""
"20220402","7호선","남성","7162","6602","20220405",""
"20220402","7호선","이수","11545","10780","20220405",""
"20220402","7호선","내방","7207","7163","20220405",""
"20220402","7호선","고속터미널","13318","10068","20220405",""
"20220402","7호선","반포","4107","3943","20220405",""
"20220402","7호선","논현","10282","11260","20220405",""
"20220402","7호선","학동","9906","10469","20220405",""
"20220402","7호선","강남구청","9386","10423","20220405",""
"20220402","7호선","청담","10399","11369","20220405",""
"20220402","7호선","뚝섬유원지","13332","13256","20220405",""
"20220402","7호선","건대입구","11299","11812","20220405",""
"20220402","7호선","어린이대공원(세종대)","11875","11929","20220405",""
"20220402","7호선","군자(능동)","10374","7866","20220405",""
"20220402","7호선","중곡","6860","6488","20220405",""
"20220402","7호선","용마산(용마폭포공원)","4476","4780","20220405",""
"20220402","7호선","면목","10635","10272","20220405",""
"20220402","7호선","상봉(시외버스터미널)","12608","12071","20220405",""
"20220402","7호선","중화","7067","6916","20220405",""
"20220402","7호선","먹골","7522","7094","20220405",""
"20220402","7호선","태릉입구","6390","5954","20220405",""
"20220402","7호선","공릉(서울과학기술대)","8565","8369","20220405",""
"20220402","7호선","하계","11773","11036","20220405",""
"20220402","7호선","중계","9150","8036","20220405",""
"20220402","7호선","노원","15065","15605","20220405",""
"20220402","7호선","마들","8506","7969","20220405",""
"20220402","7호선","수락산","9692","9344","20220405",""
"20220402","7호선","도봉산","6364","9041","20220405",""
"20220402","7호선","장암","1600","1119","20220405",""
"20220402","6호선","봉화산(서울의료원)","4978","4839","20220405",""
"20220402","6호선","화랑대(서울여대입구)","6956","5747","20220405",""
"20220402","6호선","태릉입구","4029","4322","20220405",""
"20220402","6호선","석계","8194","8282","20220405",""
"20220402","6호선","돌곶이","5997","5550","20220405",""
"20220402","6호선","상월곡(한국과학기술연구원)","4000","3465","20220405",""
"20220402","6호선","월곡(동덕여대)","7310","6988","20220405",""
"20220402","6호선","고려대(종암)","5319","5287","20220405",""
"20220402","6호선","안암(고대병원앞)","7520","7108","20220405",""
"20220402","6호선","보문","5004","4448","20220405",""
"20220402","6호선","창신","2159","1840","20220405",""
"20220402","6호선","동묘앞","7162","7097","20220405",""
"20220402","6호선","신당","6343","5564","20220405",""
"20220402","6호선","청구","2213","2358","20220405",""
"20220402","6호선","약수","2446","2508","20220405",""
"20220402","6호선","버티고개","1349","1463","20220405",""
"20220402","6호선","한강진","7991","10127","20220405",""
"20220402","6호선","이태원","15246","15657","20220405",""
"20220402","6호선","녹사평(용산구청)","5188","5383","20220405",""
"20220402","6호선","삼각지","5257","4108","20220405",""
"20220402","6호선","효창공원앞","4654","4135","20220405",""
"20220402","6호선","공덕","9449","8972","20220405",""
"20220402","6호선","대흥(서강대앞)","5420","5342","20220405",""
"20220402","6호선","광흥창(서강)","4984","4641","20220405",""
"20220402","6호선","상수","8868","10088","20220405",""
"20220402","6호선","합정","12286","11448","20220405",""
"20220402","6호선","망원","12668","13875","20220405",""
"20220402","6호선","마포구청","8808","7775","20220405",""
"20220402","6호선","월드컵경기장(성산)","4521","4516","20220405",""
"20220402","6호선","디지털미디어시티","6664","6901","20220405",""
"20220402","6호선","증산(명지대앞)","7373","7199","20220405",""
"20220402","6호선","새절(신사)","8665","8151","20220405",""
"20220402","6호선","구산","5275","3903","20220405",""
"20220402","6호선","연신내","1","0","20220405",""
"20220402","6호선","독바위","1892","2214","20220405",""
"20220402","6호선","불광","3502","3280","20220405",""
"20220402","6호선","역촌","2460","2899","20220405",""
"20220402","6호선","응암","11963","11897","20220405",""
"20220402","5호선","하남검단산","4974","5022","20220405",""
"20220402","5호선","하남시청(덕풍·신장)","5272","5054","20220405",""
"20220402","5호선","하남풍산","2780","2740","20220405",""
"20220402","5호선","미사","11766","11656","20220405",""
"20220402","5호선","강일","2758","2568","20220405",""
"20220402","5호선","마천","4562","4787","20220405",""
"20220402","5호선","거여","6169","5895","20220405",""
"20220402","5호선","개롱","3866","4029","20220405",""
"20220402","5호선","오금","2531","2274","20220405",""
"20220402","5호선","방이","5275","5129","20220405",""
"20220402","5호선","올림픽공원(한국체대)","3129","2970","20220405",""
"20220402","5호선","둔촌동","6030","6031","20220405",""
"20220402","5호선","상일동","8972","8438","20220405",""
"20220402","5호선","고덕","6270","6144","20220405",""
"20220402","5호선","명일","6118","6086","20220405",""
"20220402","5호선","굽은다리(강동구민회관앞)","7308","6544","20220405",""
"20220402","5호선","길동","5521","5817","20220405",""
"20220402","5호선","강동","12506","11967","20220405",""
"20220402","5호선","천호(풍납토성)","16064","15184","20220405",""
"20220402","5호선","광나루(장신대)","9494","9039","20220405",""
"20220402","5호선","아차산(어린이대공원후문)","13809","13505","20220405",""
"20220402","2호선","시청","8318","7507","20220405",""
"20220402","5호선","군자(능동)","8023","8740","20220405",""
"20220402","5호선","장한평","10783","10548","20220405",""
"20220402","5호선","답십리","9808","8824","20220405",""
"20220402","5호선","마장","3979","3787","20220405",""
"20220402","5호선","왕십리(성동구청)","3364","4257","20220405",""
"20220402","5호선","행당","5059","4423","20220405",""
"20220402","5호선","신금호","3859","4044","20220405",""
"20220402","5호선","청구","2450","2248","20220405",""
"20220402","5호선","동대문역사문화공원(DDP)","947","1232","20220405",""
"20220402","5호선","을지로4가","3155","3540","20220405",""
"20220402","5호선","종로3가","12914","12845","20220405",""
"20220402","5호선","광화문(세종문화회관)","15813","15649","20220405",""
"20220402","5호선","서대문","6990","6549","20220405",""
"20220402","5호선","충정로(경기대입구)","1916","1741","20220405",""
"20220402","5호선","애오개","3476","3378","20220405",""
"20220402","5호선","공덕","6773","6992","20220405",""
"20220402","5호선","마포","7134","7130","20220405",""
"20220402","5호선","여의나루","22126","25446","20220405",""
"20220402","5호선","여의도","13757","13833","20220405",""
"20220402","5호선","신길","2604","2775","20220405",""
"20220402","5호선","영등포시장","7639","7954","20220405",""
"20220402","5호선","영등포구청","1908","1869","20220405",""
"20220402","5호선","양평","3701","3512","20220405",""
"20220402","5호선","오목교(목동운동장앞)","15805","16110","20220405",""
"20220402","5호선","목동","10612","10784","20220405",""
"20220402","5호선","신정(은행정)","8737","7678","20220405",""
"20220402","5호선","까치산","20050","19152","20220405",""
"20220402","5호선","화곡","19269","18025","20220405",""
"20220402","5호선","우장산","9357","9124","20220405",""
"20220402","5호선","발산","13018","13683","20220405",""
"20220402","5호선","마곡","5240","5254","20220405",""
"20220402","5호선","송정","4688","4547","20220405",""
"20220402","5호선","김포공항","6827","7113","20220405",""
"20220402","5호선","개화산","3554","3613","20220405",""
"20220402","4호선","남태령","1021","580","20220405",""
"20220402","4호선","사당","20155","17237","20220405",""
"20220402","4호선","총신대입구(이수)","13545","14563","20220405",""
"20220402","4호선","동작(현충원)","1613","1812","20220405",""
"20220402","4호선","이촌(국립중앙박물관)","6288","7067","20220405",""
"20220402","4호선","신용산","9647","10427","20220405",""
"20220402","4호선","삼각지","3550","4514","20220405",""
"20220402","4호선","숙대입구(갈월)","9283","8968","20220405",""
"20220402","4호선","서울역","5275","12014","20220405",""
"20220402","4호선","회현(남대문시장)","17142","18775","20220405",""
"20220402","4호선","명동","13743","16198","20220405",""
"20220402","4호선","충무로","13194","13475","20220405",""
"20220402","4호선","동대문역사문화공원(DDP)","11250","10022","20220405",""
"20220402","4호선","동대문","12968","13344","20220405",""
"20220402","4호선","혜화","26200","26496","20220405",""
"20220402","4호선","한성대입구(삼선교)","10388","10155","20220405",""
"20220402","4호선","성신여대입구(돈암)","15776","14884","20220405",""
"20220402","4호선","길음","13714","12968","20220405",""
"20220402","4호선","미아사거리","21120","20114","20220405",""
"20220402","4호선","미아(서울사이버대학)","10349","9673","20220405",""
"20220402","4호선","수유(강북구청)","25622","25009","20220405",""
"20220402","4호선","쌍문","20510","18232","20220405",""
"20220402","4호선","창동","19079","19904","20220405",""
"20220402","4호선","노원","15383","17041","20220405",""
"20220402","4호선","상계","13709","12797","20220405",""
"20220402","4호선","당고개","7111","6808","20220405",""
"20220402","3호선","오금","3736","3639","20220405",""
"20220402","3호선","경찰병원","3697","3587","20220405",""
"20220402","3호선","가락시장","5652","5337","20220405",""
"20220402","3호선","수서","12160","12346","20220405",""
"20220402","3호선","일원","4847","4739","20220405",""
"20220402","3호선","대청","5572","5163","20220405",""
"20220402","3호선","학여울","1085","970","20220405",""
"20220402","3호선","대치","8898","8001","20220405",""
"20220402","수인선","신포","1447","1372","20220405",""
"20220402","수인선","인천","1273","2178","20220405",""
"20220402","안산선","산본","11825","12643","20220405",""
"20220402","안산선","대야미","3977","3572","20220405",""
"20220402","안산선","반월","3277","2997","20220405",""
"20220402","안산선","상록수","11823","11851","20220405",""
"20220402","안산선","한대앞","7246","6898","20220405",""
"20220402","안산선","중앙","15227","15806","20220405",""
"20220402","안산선","고잔","5967","6089","20220405",""
"20220402","안산선","초지","3258","3304","20220405",""
"20220402","안산선","안산","8720","9046","20220405",""
"20220402","안산선","신길온천","1404","1339","20220405",""
"20220402","안산선","정왕","6156","6093","20220405",""
"20220402","안산선","오이도","7268","7434","20220405",""
"20220402","안산선","수리산","2863","2576","20220405",""
"20220402","우이신설선","북한산우이","3416","3581","20220405",""
"20220402","우이신설선","솔밭공원","1785","1735","20220405",""
"20220402","우이신설선","4.19민주묘지","2402","2024","20220405",""
"20220402","우이신설선","가오리","2996","2715","20220405",""
"20220402","3호선","도곡","3217","3204","20220405",""
"20220402","5호선","방화","4361","4108","20220405",""
"20220402","3호선","매봉","5945","5641","20220405",""
"20220402","3호선","양재(서초구청)","18935","20889","20220405",""
"20220402","3호선","남부터미널(예술의전당)","18777","19025","20220405",""
"20220402","3호선","교대(법원.검찰청)","6362","3886","20220405",""
"20220402","3호선","고속터미널","45336","45686","20220405",""
"20220402","3호선","잠원","3299","3115","20220405",""
"20220402","3호선","신사","24762","25365","20220405",""
"20220402","3호선","압구정","22279","23528","20220405",""
"20220402","3호선","옥수","7175","7155","20220405",""
"20220402","3호선","금호","5488","5063","20220405",""
"20220402","3호선","약수","8769","8362","20220405",""
"20220402","3호선","동대입구","6450","7187","20220405",""
"20220402","3호선","충무로","2","0","20220405",""
"20220402","3호선","을지로3가","4878","5320","20220405",""
"20220402","3호선","종로3가","6041","8160","20220405",""
"20220402","3호선","안국","18173","20394","20220405",""
"20220402","3호선","경복궁(정부서울청사)","19427","20459","20220405",""
"20220402","3호선","독립문","5651","6505","20220405",""
"20220402","3호선","무악재","2676","2830","20220405",""
"20220402","3호선","홍제","12421","11773","20220405",""
"20220402","3호선","녹번","9801","8689","20220405",""
"20220402","3호선","불광","12352","13485","20220405",""
"20220402","3호선","연신내","28355","26882","20220405",""
"20220402","3호선","구파발","14356","14853","20220405",""
"20220402","3호선","지축","3207","2893","20220405",""
"20220402","2호선","용두(동대문구청)","1763","1665","20220405",""
"20220402","2호선","신정네거리","7265","7267","20220405",""
"20220402","2호선","양천구청","4424","4461","20220405",""
"20220402","2호선","도림천","841","832","20220405",""
"20220402","2호선","신설동","3398","1703","20220405",""
"20220402","2호선","신답","1038","1061","20220405",""
"20220402","2호선","용답","2269","2340","20220405",""
"20220402","2호선","충정로(경기대입구)","5015","5478","20220405",""
"20220402","2호선","아현","6951","6638","20220405",""
"20220402","2호선","이대","10039","10466","20220405",""
"20220402","2호선","신촌","29269","28408","20220405",""
"20220402","2호선","홍대입구","63406","67291","20220405",""
"20220402","2호선","합정","28045","30701","20220405",""
"20220402","2호선","당산","12522","13410","20220405",""
"20220402","2호선","영등포구청","11788","12286","20220405",""
"20220402","2호선","문래","13159","13592","20220405",""
"20220402","2호선","신도림","38203","39208","20220405",""
"20220402","2호선","대림(구로구청)","17284","18123","20220405",""
"20220402","2호선","구로디지털단지","32307","31415","20220405",""
"20220402","2호선","신대방","19293","18489","20220405",""
"20220402","2호선","신림","49280","46809","20220405",""
"20220402","2호선","봉천","16425","14947","20220405",""
"20220402","2호선","서울대입구(관악구청)","36179","35411","20220405",""
"20220402","2호선","낙성대(강감찬)","21235","18478","20220405",""
"20220402","2호선","사당","28587","31886","20220405",""
"20220402","2호선","방배","9474","9752","20220405",""
"20220402","2호선","서초","10191","8355","20220405",""
"20220402","2호선","교대(법원.검찰청)","15964","17546","20220405",""
"20220402","2호선","강남","57229","57273","20220405",""
"20220402","2호선","역삼","16784","18201","20220405",""
"20220402","2호선","선릉","22459","19670","20220405",""
"20220402","2호선","삼성(무역센터)","30343","30525","20220405",""
"20220402","2호선","종합운동장","14414","16092","20220405",""
"20220402","2호선","잠실새내","17654","17798","20220405",""
"20220402","2호선","잠실(송파구청)","75696","73365","20220405",""
"20220402","2호선","잠실나루","7005","6197","20220405",""
"20220402","2호선","강변(동서울터미널)","24280","24215","20220405",""
"20220402","2호선","구의(광진구청)","15985","15376","20220405",""
"20220402","2호선","건대입구","37902","38949","20220405",""
"20220402","2호선","성수","21006","23482","20220405",""
"20220402","2호선","뚝섬","18005","17458","20220405",""
"20220402","2호선","한양대","4606","4925","20220405",""
"20220402","2호선","왕십리(성동구청)","13554","11722","20220405",""
"20220402","2호선","상왕십리","9423","8716","20220405",""
"20220402","2호선","신당","11052","11573","20220405",""
"20220402","2호선","동대문역사문화공원(DDP)","10437","12013","20220405",""
"20220402","2호선","을지로4가","6847","7313","20220405",""
"20220402","2호선","을지로3가","10953","10637","20220405",""
"20220402","2호선","을지로입구","19342","19213","20220405",""
"20220402","1호선","동묘앞","11515","11938","20220405",""
"20220402","1호선","청량리(서울시립대입구)","17282","17276","20220405",""
"20220402","1호선","제기동","15027","15378","20220405",""
"20220402","1호선","신설동","9282","8764","20220405",""
"20220402","1호선","동대문","10056","9713","20220405",""
"20220402","1호선","종로5가","18374","18337","20220405",""
"20220402","1호선","종로3가","20827","19713","20220405",""
"20220402","1호선","종각","18211","16370","20220405",""
"20220402","1호선","시청","11118","11346","20220405",""
"20220402","1호선","서울역","28867","30246","20220405",""
"20220402","중앙선","지평","48","82","20220405",""
"20220403","5호선","고덕","4189","4243","20220406",""
"20220403","5호선","명일","4685","4674","20220406",""
"20220403","5호선","굽은다리(강동구민회관앞)","4900","4572","20220406",""
"20220403","5호선","길동","3866","3867","20220406",""
"20220403","5호선","강동","8534","8506","20220406",""
"20220403","5호선","천호(풍납토성)","12160","11116","20220406",""
"20220403","5호선","광나루(장신대)","7625","7571","20220406",""
"20220403","5호선","아차산(어린이대공원후문)","11690","11840","20220406",""
"20220403","5호선","군자(능동)","5781","6387","20220406",""
"20220403","5호선","장한평","7292","7267","20220406",""
"20220403","5호선","답십리","7056","6506","20220406",""
"20220403","5호선","마장","2762","2616","20220406",""
"20220403","5호선","상일동","5994","5885","20220406",""
"20220403","5호선","둔촌동","4297","4227","20220406",""
"20220403","5호선","올림픽공원(한국체대)","2344","2156","20220406",""
"20220403","5호선","방이","3707","3559","20220406",""
"20220403","5호선","오금","1471","1413","20220406",""
"20220403","5호선","개롱","2812","3150","20220406",""
"20220403","5호선","거여","4203","4121","20220406",""
"20220403","5호선","왕십리(성동구청)","2474","2945","20220406",""
"20220403","5호선","행당","3622","3333","20220406",""
"20220403","5호선","신금호","2745","3005","20220406",""
"20220403","5호선","청구","1722","1546","20220406",""
"20220403","5호선","동대문역사문화공원(DDP)","672","771","20220406",""
"20220403","5호선","을지로4가","1644","1599","20220406",""
"20220403","5호선","종로3가","9029","7704","20220406",""
"20220403","5호선","광화문(세종문화회관)","10738","10539","20220406",""
"20220403","5호선","서대문","4781","4751","20220406",""
"20220403","5호선","충정로(경기대입구)","1375","1316","20220406",""
"20220403","5호선","애오개","2541","2588","20220406",""
"20220403","5호선","공덕","4499","4449","20220406",""
"20220403","5호선","마포","4703","4742","20220406",""
"20220403","5호선","여의나루","21355","23226","20220406",""
"20220403","5호선","여의도","9739","9741","20220406",""
"20220403","5호선","신길","1889","2139","20220406",""
"20220403","5호선","영등포시장","5102","5366","20220406",""
"20220403","5호선","영등포구청","1313","1316","20220406",""
"20220403","5호선","양평","2473","2525","20220406",""
"20220403","5호선","오목교(목동운동장앞)","10887","11169","20220406",""
"20220403","5호선","목동","7113","7412","20220406",""
"20220403","5호선","신정(은행정)","6053","5590","20220406",""
"20220403","5호선","까치산","14888","14429","20220406",""
"20220403","5호선","화곡","13585","13079","20220406",""
"20220403","5호선","우장산","6398","6564","20220406",""
"20220403","5호선","발산","8800","9064","20220406",""
"20220403","5호선","마곡","3350","3604","20220406",""
"20220403","5호선","송정","3517","3421","20220406",""
"20220403","5호선","김포공항","6614","6306","20220406",""
"20220403","5호선","개화산","2724","2707","20220406",""
"20220403","5호선","방화","3393","3446","20220406",""
"20220403","4호선","남태령","734","481","20220406",""
"20220403","4호선","사당","14465","12985","20220406",""
"20220403","4호선","총신대입구(이수)","9579","10362","20220406",""
"20220403","4호선","동작(현충원)","1597","1620","20220406",""
"20220403","4호선","이촌(국립중앙박물관)","4562","5158","20220406",""
"20220403","4호선","신용산","7455","7430","20220406",""
"20220403","4호선","삼각지","2474","3239","20220406",""
"20220403","4호선","숙대입구(갈월)","6792","6502","20220406",""
"20220403","4호선","서울역","4043","9384","20220406",""
"20220403","4호선","회현(남대문시장)","8334","8778","20220406",""
"20220403","4호선","명동","11257","11153","20220406",""
"20220403","4호선","충무로","8669","8513","20220406",""
"20220403","4호선","동대문역사문화공원(DDP)","8879","8282","20220406",""
"20220403","4호선","동대문","7329","7830","20220406",""
"20220403","4호선","혜화","21224","21656","20220406",""
"20220403","4호선","한성대입구(삼선교)","7239","7372","20220406",""
"20220403","4호선","성신여대입구(돈암)","12090","11675","20220406",""
"20220403","4호선","길음","9525","9472","20220406",""
"20220403","4호선","미아사거리","15181","14677","20220406",""
"20220403","4호선","미아(서울사이버대학)","7551","7245","20220406",""
"20220403","4호선","수유(강북구청)","19138","18599","20220406",""
"20220403","4호선","쌍문","14939","13506","20220406",""
"20220403","4호선","창동","14406","15097","20220406",""
"20220403","4호선","노원","11223","12256","20220406",""
"20220403","4호선","상계","10173","9666","20220406",""
"20220403","4호선","당고개","5832","5567","20220406",""
"20220403","3호선","오금","2529","2482","20220406",""
"20220403","3호선","경찰병원","2438","2485","20220406",""
"20220403","3호선","가락시장","3439","3765","20220406",""
"20220403","3호선","수서","9878","9787","20220406",""
"20220403","3호선","일원","3297","3528","20220406",""
"20220403","3호선","대청","3932","3837","20220406",""
"20220403","3호선","학여울","876","869","20220406",""
"20220403","3호선","대치","5645","5009","20220406",""
"20220403","3호선","도곡","1889","2073","20220406",""
"20220403","3호선","매봉","3893","3895","20220406",""
"20220403","3호선","양재(서초구청)","12853","14614","20220406",""
"20220403","3호선","남부터미널(예술의전당)","13241","13836","20220406",""
"20220403","3호선","교대(법원.검찰청)","4090","2490","20220406",""
"20220403","3호선","고속터미널","38338","36068","20220406",""
"20220403","3호선","잠원","2246","2187","20220406",""
"20220403","3호선","신사","13653","13604","20220406",""
"20220403","3호선","압구정","12539","12846","20220406",""
"20220403","3호선","옥수","5017","5139","20220406",""
"20220403","3호선","금호","4052","3839","20220406",""
"20220403","3호선","약수","6226","6218","20220406",""
"20220403","3호선","동대입구","5279","5789","20220406",""
"20220403","3호선","충무로","2","0","20220406",""
"20220403","3호선","을지로3가","2978","2837","20220406",""
"20220403","3호선","종로3가","3972","4890","20220406",""
"20220403","3호선","안국","13524","15149","20220406",""
"20220403","3호선","경복궁(정부서울청사)","14802","15020","20220406",""
"20220403","3호선","독립문","4368","5265","20220406",""
"20220403","3호선","무악재","1763","1951","20220406",""
"20220403","3호선","홍제","8967","8634","20220406",""
"20220403","3호선","녹번","6829","6334","20220406",""
"20220403","3호선","불광","9157","10345","20220406",""
"20220403","3호선","연신내","20111","19078","20220406",""
"20220403","3호선","구파발","10455","10997","20220406",""
"20220403","3호선","지축","2275","2126","20220406",""
"20220403","2호선","용두(동대문구청)","1144","1132","20220406",""
"20220403","2호선","신정네거리","4874","4988","20220406",""
"20220403","2호선","양천구청","3079","3164","20220406",""
"20220403","2호선","도림천","467","496","20220406",""
"20220403","2호선","신설동","3259","1748","20220406",""
"20220403","2호선","신답","815","871","20220406",""
"20220403","2호선","용답","1838","2029","20220406",""
"20220403","2호선","충정로(경기대입구)","3410","3654","20220406",""
"20220403","2호선","아현","4962","4893","20220406",""
"20220403","2호선","이대","6775","7428","20220406",""
"20220403","2호선","신촌","20966","20281","20220406",""
"20220403","2호선","홍대입구","46727","45690","20220406",""
"20220403","2호선","합정","19254","20673","20220406",""
"20220403","2호선","당산","8875","9229","20220406",""
"20220403","2호선","영등포구청","7922","8373","20220406",""
"20220403","2호선","문래","7986","8340","20220406",""
"20220403","2호선","신도림","25731","26436","20220406",""
"20220403","2호선","대림(구로구청)","13285","13546","20220406",""
"20220403","2호선","구로디지털단지","22390","21986","20220406",""
"20220403","2호선","신대방","14477","14422","20220406",""
"20220403","2호선","신림","35450","35340","20220406",""
"20220403","2호선","봉천","11494","11170","20220406",""
"20220403","2호선","서울대입구(관악구청)","26062","27064","20220406",""
"20220403","2호선","낙성대(강감찬)","15270","15996","20220406",""
"20220403","2호선","사당","20116","22898","20220406",""
"20220403","2호선","방배","6342","6761","20220406",""
"20220403","2호선","서초","11096","10244","20220406",""
"20220403","2호선","교대(법원.검찰청)","9968","10799","20220406",""
"20220403","2호선","강남","31960","31026","20220406",""
"20220403","2호선","역삼","10138","11147","20220406",""
"20220403","2호선","선릉","12535","10762","20220406",""
"20220403","2호선","삼성(무역센터)","18282","17260","20220406",""
"20220403","2호선","종합운동장","11513","12465","20220406",""
"20220403","2호선","잠실새내","11472","11434","20220406",""
"20220403","2호선","잠실(송파구청)","58223","54111","20220406",""
"20220403","2호선","잠실나루","4889","5146","20220406",""
"20220403","2호선","강변(동서울터미널)","19907","19983","20220406",""
"20220403","2호선","구의(광진구청)","10806","10908","20220406",""
"20220403","2호선","건대입구","27795","27723","20220406",""
"20220403","2호선","성수","14398","15867","20220406",""
"20220403","2호선","뚝섬","12845","12528","20220406",""
"20220403","2호선","한양대","2594","3096","20220406",""
"20220403","2호선","왕십리(성동구청)","9506","8434","20220406",""
"20220403","2호선","상왕십리","6534","6578","20220406",""
"20220403","2호선","신당","7838","8461","20220406",""
"20220403","2호선","동대문역사문화공원(DDP)","8011","9816","20220406",""
"20220403","2호선","을지로4가","3361","3306","20220406",""
"20220403","2호선","을지로3가","7842","7015","20220406",""
"20220403","2호선","을지로입구","14403","13186","20220406",""
"20220403","2호선","시청","5604","4753","20220406",""
"20220403","1호선","동묘앞","12534","12714","20220406",""
"20220403","1호선","청량리(서울시립대입구)","12393","12134","20220406",""
"20220403","1호선","제기동","9644","10281","20220406",""
"20220403","1호선","신설동","7250","7463","20220406",""
"20220403","1호선","동대문","9068","9490","20220406",""
"20220403","1호선","종로5가","8896","9043","20220406",""
"20220403","1호선","종로3가","13697","11841","20220406",""
"20220403","1호선","종각","12019","9990","20220406",""
"20220403","1호선","시청","7388","6932","20220406",""
"20220403","1호선","서울역","26207","23197","20220406",""
"20220403","경인선","송내","12236","11689","20220406",""
"20220403","경인선","부평","21448","21606","20220406",""
"20220403","경인선","백운","3620","3677","20220406",""
"20220403","경인선","동암","9056","8748","20220406",""
"20220403","경인선","주안","10971","9868","20220406",""
"20220403","경인선","제물포","5239","5076","20220406",""
"20220403","경인선","동인천","9014","8730","20220406",""
"20220403","경인선","인천","4196","3570","20220406",""
"20220403","경인선","구일","5825","5967","20220406",""
"20220403","경인선","소사","5223","4917","20220406",""
"20220403","경인선","부개","4383","4186","20220406",""
"20220403","경인선","간석","2964","2852","20220406",""
"20220403","경인선","도원","1498","1554","20220406",""
"20220403","경인선","온수(성공회대입구)","3539","3318","20220406",""
"20220403","경인선","중동","4709","4419","20220406",""
"20220403","경인선","도화","2344","2218","20220406",""
"20220403","경춘선","신내","970","996","20220406",""
"20220403","경춘선","갈매","1446","1261","20220406",""
"20220403","경춘선","별내","1795","1586","20220406",""
"20220403","경춘선","퇴계원","1985","1807","20220406",""
"20220403","경춘선","사릉","1367","1349","20220406",""
"20220403","경춘선","금곡","996","911","20220406",""
"20220403","경춘선","평내호평","3546","3381","20220406",""
"20220403","경춘선","천마산","1153","1099","20220406",""
"20220403","경춘선","마석","3049","2997","20220406",""
"20220403","경춘선","대성리","1009","556","20220406",""
"20220403","경춘선","청평","1559","1191","20220406",""
"20220403","경춘선","상천","394","288","20220406",""
"20220403","경춘선","가평","1650","1398","20220406",""
"20220403","경춘선","굴봉산","221","219","20220406",""
"20220403","경춘선","백양리","112","84","20220406",""
"20220403","경춘선","강촌","686","624","20220406",""
"20220403","경춘선","김유정","474","430","20220406",""
"20220403","경춘선","남춘천","2067","2691","20220406",""
"20220403","경춘선","춘천","1537","1457","20220406",""
"20220403","공항철도 1호선","서울역","7530","6816","20220406",""
"20220403","공항철도 1호선","공덕","1075","1519","20220406",""
"20220403","공항철도 1호선","홍대입구","9530","8840","20220406",""
"20220403","공항철도 1호선","디지털미디어시티","3295","3344","20220406",""
"20220403","공항철도 1호선","마곡나루(서울식물원)","2373","2589","20220406",""
"20220403","공항철도 1호선","김포공항","11552","5724","20220406",""
"20220403","공항철도 1호선","계양","5039","4871","20220406",""
"20220403","공항철도 1호선","검암","3384","3505","20220406",""
"20220403","공항철도 1호선","청라국제도시","3108","3014","20220406",""
"20220403","공항철도 1호선","운서","4928","5176","20220406",""
"20220403","공항철도 1호선","공항화물청사","971","1046","20220406",""
"20220403","공항철도 1호선","인천공항1터미널","4082","3844","20220406",""
"20220403","공항철도 1호선","인천공항2터미널","2155","1921","20220406",""
"20220403","공항철도 1호선","영종","2348","2336","20220406",""
"20220403","과천선","선바위","4104","3780","20220406",""
"20220403","과천선","경마공원","9917","10066","20220406",""
"20220403","과천선","대공원","7143","7292","20220406",""
"20220403","과천선","과천","3367","3197","20220406",""
"20220403","과천선","정부과천청사","4243","4305","20220406",""
"20220403","과천선","인덕원","11391","11386","20220406",""
"20220403","과천선","평촌","5680","5532","20220406",""
"20220403","과천선","범계","13759","13263","20220406",""
"20220403","분당선","선릉","2702","4055","20220406",""
"20220403","분당선","한티","7921","7731","20220406",""
"20220403","분당선","도곡","2708","2595","20220406",""
"20220403","분당선","구룡","768","836","20220406",""
"20220403","분당선","개포동","1947","1935","20220406",""
"20220403","분당선","대모산입구","2035","1906","20220406",""
"20220403","분당선","수서","8356","7521","20220406",""
"20220403","분당선","수원","5701","4500","20220406",""
"20220403","분당선","서울숲","10139","10714","20220406",""
"20220403","분당선","압구정로데오","10417","11226","20220406",""
"20220403","분당선","강남구청","2957","3569","20220406",""
"20220403","분당선","선정릉","1903","1954","20220406",""
"20220403","분당선","가천대","3774","4679","20220406",""
"20220403","분당선","태평","7647","7220","20220406",""
"20220403","분당선","모란","10693","10989","20220406",""
"20220403","분당선","야탑","12752","12994","20220406",""
"20220403","분당선","서현","13588","13291","20220406",""
"20220403","분당선","수내","5607","5402","20220406",""
"20220403","분당선","정자","6844","7203","20220406",""
"20220403","분당선","미금","6747","7258","20220406",""
"20220403","분당선","오리","4983","4394","20220406",""
"20220403","분당선","이매","2854","3035","20220406",""
"20220403","분당선","보정","1070","990","20220406",""
"20220403","분당선","죽전","7394","8275","20220406",""
"20220403","분당선","구성","2245","2445","20220406",""
"20220403","분당선","신갈","1802","1955","20220406",""
"20220403","분당선","기흥","4703","4309","20220406",""
"20220403","분당선","상갈","2566","2593","20220406",""
"20220403","분당선","청명","1809","1918","20220406",""
"20220403","분당선","영통","4630","4583","20220406",""
"20220403","5호선","미사","8449","8184","20220406",""
"20220403","분당선","망포","5814","5994","20220406",""
"20220403","분당선","매탄권선","2281","2304","20220406",""
"20220403","분당선","수원시청","6877","6731","20220406",""
"20220403","분당선","매교","1339","1383","20220406",""
"20220403","수인선","고색","2087","2190","20220406",""
"20220403","수인선","오목천","1420","1387","20220406",""
"20220403","수인선","어천","501","649","20220406",""
"20220403","수인선","야목","228","181","20220406",""
"20220403","수인선","사리","2513","2173","20220406",""
"20220403","수인선","달월","56","68","20220406",""
"20220403","수인선","월곶","1616","1524","20220406",""
"20220403","수인선","소래포구","5052","4880","20220406",""
"20220403","수인선","인천논현","2713","2792","20220406",""
"20220403","안산선","산본","8571","9158","20220406",""
"20220403","안산선","대야미","3156","2845","20220406",""
"20220403","안산선","반월","2309","2369","20220406",""
"20220403","안산선","상록수","8658","8536","20220406",""
"20220403","안산선","한대앞","5185","5306","20220406",""
"20220403","안산선","중앙","10992","10898","20220406",""
"20220403","안산선","고잔","4311","4135","20220406",""
"20220403","안산선","초지","2230","2211","20220406",""
"20220403","안산선","안산","8747","8058","20220406",""
"20220403","안산선","신길온천","1087","1030","20220406",""
"20220403","안산선","정왕","4981","5538","20220406",""
"20220403","안산선","오이도","5621","5466","20220406",""
"20220403","안산선","수리산","2086","2079","20220406",""
"20220403","우이신설선","북한산우이","3320","3561","20220406",""
"20220403","우이신설선","솔밭공원","1345","1335","20220406",""
"20220403","우이신설선","4.19민주묘지","2186","1828","20220406",""
"20220403","우이신설선","가오리","2260","2098","20220406",""
"20220403","우이신설선","화계","1932","1846","20220406",""
"20220403","우이신설선","삼양","1158","1189","20220406",""
"20220403","우이신설선","삼양사거리","1378","1406","20220406",""
"20220403","우이신설선","솔샘","2677","2586","20220406",""
"20220403","우이신설선","북한산보국문","3824","3487","20220406",""
"20220403","우이신설선","정릉","2638","2214","20220406",""
"20220403","우이신설선","성신여대입구(돈암)","2129","2326","20220406",""
"20220403","우이신설선","보문","947","944","20220406",""
"20220403","우이신설선","신설동","1172","1185","20220406",""
"20220403","일산선","원흥","5215","5020","20220406",""
"20220403","일산선","삼송","10360","10133","20220406",""
"20220403","일산선","원당","5981","5657","20220406",""
"20220403","일산선","화정","8905","8929","20220406",""
"20220403","일산선","대곡","1058","932","20220406",""
"20220403","일산선","백석","5062","5080","20220406",""
"20220403","일산선","마두","3144","3174","20220406",""
"20220403","일산선","정발산","5337","5278","20220406",""
"20220403","일산선","주엽","4437","4232","20220406",""
"20220403","일산선","대화","5621","5077","20220406",""
"20220403","장항선","봉명","558","526","20220406",""
"20220403","장항선","쌍용(나사렛대)","1163","1433","20220406",""
"20220403","장항선","아산","3922","2431","20220406",""
"20220403","장항선","탕정","404","512","20220406",""
"20220403","장항선","배방","802","954","20220406",""
"20220403","장항선","온양온천","3278","3153","20220406",""
"20220403","장항선","신창(순천향대)","1087","2084","20220406",""
"20220403","중앙선","회기","15455","15679","20220406",""
"20220403","중앙선","중랑","3287","3206","20220406",""
"20220403","중앙선","상봉(시외버스터미널)","3614","3711","20220406",""
"20220403","중앙선","망우","4741","4745","20220406",""
"20220403","중앙선","양원","1383","1394","20220406",""
"20220403","중앙선","구리","7276","7570","20220406",""
"20220403","중앙선","도농","4830","4875","20220406",""
"20220403","중앙선","양정","523","410","20220406",""
"20220403","중앙선","덕소","3247","3241","20220406",""
"20220403","중앙선","도심","1279","1148","20220406",""
"20220403","중앙선","팔당","1472","1541","20220406",""
"20220403","중앙선","운길산","1472","1367","20220406",""
"20220403","중앙선","양수","1866","1711","20220406",""
"20220403","중앙선","신원","345","183","20220406",""
"20220403","중앙선","국수","689","622","20220406",""
"20220403","중앙선","아신","560","501","20220406",""
"20220403","중앙선","오빈","250","245","20220406",""
"20220403","중앙선","양평","4144","3882","20220406",""
"20220403","중앙선","원덕","535","626","20220406",""
"20220403","중앙선","용문","2059","1651","20220406",""
"20220403","중앙선","지평","69","64","20220406",""
"20220403","수인선","인천","1029","1653","20220406",""
"20220403","수인선","신포","1166","1101","20220406",""
"20220403","수인선","숭의","1901","1742","20220406",""
"20220403","수인선","인하대","3262","3165","20220406",""
"20220403","수인선","송도","1447","1387","20220406",""
"20220403","수인선","연수","3055","3007","20220406",""
"20220403","수인선","원인재","2732","2900","20220406",""
"20220403","수인선","남동인더스파크","549","576","20220406",""
"20220403","수인선","호구포","1884","1973","20220406",""
"20220403","9호선","샛강","1828","1608","20220406",""
"20220403","5호선","하남풍산","2077","2139","20220406",""
"20220403","5호선","하남시청(덕풍·신장)","3899","3637","20220406",""
"20220403","5호선","하남검단산","4228","4272","20220406",""
"20220403","6호선","응암","8873","9059","20220406",""
"20220403","6호선","역촌","1810","2123","20220406",""
"20220403","6호선","불광","2806","2564","20220406",""
"20220403","6호선","독바위","1447","1861","20220406",""
"20220403","6호선","구산","3703","2723","20220406",""
"20220403","6호선","새절(신사)","5984","5914","20220406",""
"20220403","6호선","증산(명지대앞)","5199","5375","20220406",""
"20220403","6호선","디지털미디어시티","4764","5104","20220406",""
"20220403","6호선","월드컵경기장(성산)","3965","3939","20220406",""
"20220403","6호선","마포구청","6532","5919","20220406",""
"20220403","6호선","망원","9635","10188","20220406",""
"20220403","6호선","합정","9045","8248","20220406",""
"20220403","6호선","상수","6043","6748","20220406",""
"20220403","6호선","광흥창(서강)","3780","3687","20220406",""
"20220403","6호선","대흥(서강대앞)","3720","3840","20220406",""
"20220403","6호선","공덕","6522","6121","20220406",""
"20220403","6호선","효창공원앞","3280","2921","20220406",""
"20220403","6호선","삼각지","3678","2849","20220406",""
"20220403","6호선","녹사평(용산구청)","3805","3604","20220406",""
"20220403","6호선","이태원","9646","8754","20220406",""
"20220403","6호선","한강진","6088","7131","20220406",""
"20220403","6호선","버티고개","1003","1034","20220406",""
"20220403","6호선","약수","1555","1483","20220406",""
"20220403","6호선","청구","1576","1614","20220406",""
"20220403","6호선","신당","4788","5126","20220406",""
"20220403","6호선","동묘앞","5950","5652","20220406",""
"20220403","6호선","창신","1551","1420","20220406",""
"20220403","6호선","보문","3802","3659","20220406",""
"20220403","6호선","안암(고대병원앞)","5513","6230","20220406",""
"20220403","6호선","고려대(종암)","4028","4171","20220406",""
"20220403","6호선","월곡(동덕여대)","5125","5196","20220406",""
"20220403","6호선","상월곡(한국과학기술연구원)","3165","2878","20220406",""
"20220403","6호선","돌곶이","4935","4822","20220406",""
"20220403","6호선","석계","6132","6441","20220406",""
"20220403","6호선","태릉입구","2937","3231","20220406",""
"20220403","6호선","화랑대(서울여대입구)","4817","4275","20220406",""
"20220403","6호선","봉화산(서울의료원)","3738","3627","20220406",""
"20220403","7호선","장암","1380","961","20220406",""
"20220403","7호선","도봉산","5443","7995","20220406",""
"20220403","7호선","수락산","7965","7849","20220406",""
"20220403","7호선","마들","5656","5170","20220406",""
"20220403","7호선","노원","10471","10390","20220406",""
"20220403","7호선","중계","6278","5981","20220406",""
"20220403","7호선","하계","8547","8101","20220406",""
"20220403","7호선","공릉(서울과학기술대)","6068","6203","20220406",""
"20220403","7호선","태릉입구","4627","4517","20220406",""
"20220403","7호선","먹골","5230","5002","20220406",""
"20220403","7호선","중화","5371","5232","20220406",""
"20220403","7호선","상봉(시외버스터미널)","8830","8411","20220406",""
"20220403","7호선","면목","7463","7377","20220406",""
"20220403","7호선","사가정","8429","8210","20220406",""
"20220403","7호선","용마산(용마폭포공원)","3307","3654","20220406",""
"20220403","7호선","중곡","4955","4901","20220406",""
"20220403","7호선","군자(능동)","7460","5836","20220406",""
"20220403","7호선","어린이대공원(세종대)","9087","9619","20220406",""
"20220403","7호선","건대입구","7734","8277","20220406",""
"20220403","7호선","뚝섬유원지","11864","11481","20220406",""
"20220403","7호선","청담","6164","6770","20220406",""
"20220403","7호선","강남구청","5236","5651","20220406",""
"20220403","7호선","학동","5648","6114","20220406",""
"20220403","7호선","논현","5736","5963","20220406",""
"20220403","7호선","반포","2749","2823","20220406",""
"20220403","7호선","고속터미널","11918","7373","20220406",""
"20220403","7호선","내방","4682","4894","20220406",""
"20220403","7호선","이수","7721","7224","20220406",""
"20220403","7호선","남성","5052","4918","20220406",""
"20220403","7호선","숭실대입구(살피재)","5309","5828","20220406",""
"20220403","7호선","상도","5082","5237","20220406",""
"20220403","7호선","장승배기","4147","4105","20220406",""
"20220403","7호선","신대방삼거리","7498","7296","20220406",""
"20220403","7호선","보라매","4495","4353","20220406",""
"20220403","7호선","신풍","5431","5217","20220406",""
"20220403","7호선","대림(구로구청)","5911","5623","20220406",""
"20220403","7호선","남구로","5929","5724","20220406",""
"20220403","7호선","가산디지털단지","9827","9178","20220406",""
"20220403","7호선","철산","9473","9593","20220406",""
"20220403","7호선","광명사거리","11779","11744","20220406",""
"20220403","7호선","천왕","4578","4381","20220406",""
"20220403","7호선","온수(성공회대입구)","3708","3769","20220406",""
"20220403","8호선","암사","8386","8016","20220406",""
"20220403","8호선","천호(풍납토성)","8419","9667","20220406",""
"20220403","8호선","강동구청","4232","4325","20220406",""
"20220403","8호선","몽촌토성(평화의문)","3652","3536","20220406",""
"20220403","8호선","잠실(송파구청)","11559","12496","20220406",""
"20220403","8호선","석촌","4567","6226","20220406",""
"20220403","8호선","송파","3525","3634","20220406",""
"20220403","8호선","가락시장","2967","3748","20220406",""
"20220403","8호선","문정","5399","5679","20220406",""
"20220403","8호선","장지","8295","8690","20220406",""
"20220403","8호선","복정","4252","3930","20220406",""
"20220403","8호선","산성","2935","3131","20220406",""
"20220403","8호선","남한산성입구(성남법원.검찰청)","6596","6214","20220406",""
"20220403","8호선","단대오거리","5330","5273","20220406",""
"20220403","8호선","신흥","2464","2690","20220406",""
"20220403","8호선","수진","2980","2646","20220406",""
"20220403","8호선","모란","2623","2230","20220406",""
"20220403","8호선","남위례","2258","2271","20220406",""
"20220403","9호선","개화","1021","1061","20220406",""
"20220403","9호선","김포공항","6715","10614","20220406",""
"20220403","9호선","공항시장","1711","1846","20220406",""
"20220403","9호선","신방화","3371","3246","20220406",""
"20220403","9호선","마곡나루(서울식물원)","5546","5576","20220406",""
"20220403","9호선","양천향교","3923","4164","20220406",""
"20220403","9호선","가양","9746","9640","20220406",""
"20220403","9호선","증미","2794","2826","20220406",""
"20220403","9호선","등촌","4812","4817","20220406",""
"20220403","9호선","염창","8086","7906","20220406",""
"20220403","9호선","신목동","1688","1542","20220406",""
"20220403","9호선","선유도","2982","2997","20220406",""
"20220403","9호선","당산","8594","8535","20220406",""
"20220403","9호선","국회의사당","5128","4981","20220406",""
"20220403","9호선","여의도","10303","9249","20220406",""
"20220403","9호선","노량진","13903","14856","20220406",""
"20220403","9호선","노들","2541","2308","20220406",""
"20220403","9호선","흑석(중앙대입구)","4219","4334","20220406",""
"20220403","9호선","동작(현충원)","1561","1262","20220406",""
"20220403","9호선","구반포","475","477","20220406",""
"20220403","9호선","신반포","1818","1971","20220406",""
"20220403","9호선","고속터미널","10245","13877","20220406",""
"20220403","9호선","사평","1418","1516","20220406",""
"20220403","9호선","신논현","14579","13765","20220406",""
"20220403","9호선2~3단계","언주","3143","3233","20220406",""
"20220403","9호선2~3단계","선정릉","2709","3045","20220406",""
"20220403","9호선2~3단계","삼성중앙","1772","1999","20220406",""
"20220403","9호선2~3단계","봉은사","6816","6902","20220406",""
"20220403","9호선2~3단계","종합운동장","2773","2434","20220406",""
"20220403","9호선2~3단계","삼전","3441","3285","20220406",""
"20220403","9호선2~3단계","석촌고분","3051","2970","20220406",""
"20220403","9호선2~3단계","석촌","5177","4733","20220406",""
"20220403","9호선2~3단계","송파나루","3479","3698","20220406",""
"20220403","9호선2~3단계","한성백제","1606","1305","20220406",""
"20220403","9호선2~3단계","올림픽공원(한국체대)","4105","4534","20220406",""
"20220403","9호선2~3단계","둔촌오륜","446","493","20220406",""
"20220403","9호선2~3단계","중앙보훈병원","3245","3125","20220406",""
"20220403","경강선","판교","2384","2201","20220406",""
"20220403","경강선","이매","582","439","20220406",""
"20220403","경강선","삼동","1017","925","20220406",""
"20220403","경강선","경기광주","3754","3586","20220406",""
"20220403","경강선","초월","1488","1528","20220406",""
"20220403","경강선","곤지암","1398","1599","20220406",""
"20220403","경강선","신둔도예촌","972","998","20220406",""
"20220403","경강선","이천","1954","2245","20220406",""
"20220403","경강선","부발","1418","2075","20220406",""
"20220403","경강선","세종대왕릉","268","289","20220406",""
"20220403","경강선","여주","2074","2115","20220406",""
"20220403","경부선","서울역","7751","1591","20220406",""
"20220403","경부선","남영","3875","4239","20220406",""
"20220403","경부선","용산","29635","26215","20220406",""
"20220403","경부선","노량진","5313","5143","20220406",""
"20220403","경부선","대방","5512","5760","20220406",""
"20220403","경부선","영등포","30520","29333","20220406",""
"20220403","경부선","신도림","2308","2299","20220406",""
"20220403","경부선","신길","4586","4184","20220406",""
"20220403","경부선","구로","8505","8659","20220406",""
"20220403","경부선","가산디지털단지","4375","6123","20220406",""
"20220403","경부선","금천구청","5870","5835","20220406",""
"20220403","경부선","석수","4848","4539","20220406",""
"20220403","경부선","관악","4491","4055","20220406",""
"20220403","경부선","안양","12720","12162","20220406",""
"20220403","경부선","명학","3045","2921","20220406",""
"20220403","경부선","금정","13156","13385","20220406",""
"20220403","경부선","군포","2781","2613","20220406",""
"20220403","경부선","의왕","4109","4122","20220406",""
"20220403","경부선","성균관대","7026","7586","20220406",""
"20220403","경부선","화서","3953","3878","20220406",""
"20220403","경부선","수원","31175","30116","20220406",""
"20220403","경부선","독산","5837","5888","20220406",""
"20220403","경부선","세류","1873","1780","20220406",""
"20220403","경부선","병점","8812","9406","20220406",""
"20220403","경부선","세마","1593","1492","20220406",""
"20220403","5호선","마천","3439","3677","20220406",""
"20220403","경부선","오산대","2081","1998","20220406",""
"20220403","경부선","오산","7512","7839","20220406",""
"20220403","경부선","진위","867","882","20220406",""
"20220403","경부선","송탄","3497","4289","20220406",""
"20220403","경부선","서정리","4155","5967","20220406",""
"20220403","경부선","평택지제","2480","2251","20220406",""
"20220403","경부선","평택","10620","11448","20220406",""
"20220403","경부선","성환","2291","3050","20220406",""
"20220403","경부선","직산","555","597","20220406",""
"20220403","경부선","두정","4243","5521","20220406",""
"20220403","경부선","천안","5726","5842","20220406",""
"20220403","경부선","당정","2862","2833","20220406",""
"20220403","경부선","서동탄","728","761","20220406",""
"20220403","경부선","광명","2519","1909","20220406",""
"20220403","경원선","이촌(국립중앙박물관)","2206","1696","20220406",""
"20220403","5호선","강일","2010","1994","20220406",""
"20220403","경원선","서빙고","1331","1340","20220406",""
"20220403","경원선","한남","1862","1753","20220406",""
"20220403","경원선","옥수","41","18","20220406",""
"20220403","경원선","응봉","2360","3447","20220406",""
"20220403","경원선","왕십리(성동구청)","9389","10479","20220406",""
"20220403","경원선","청량리(서울시립대입구)","13207","12511","20220406",""
"20220403","경원선","외대앞","4690","4832","20220406",""
"20220403","경원선","신이문","4445","4322","20220406",""
"20220403","경원선","석계","4632","5024","20220406",""
"20220403","경원선","광운대","3939","4187","20220406",""
"20220403","경원선","월계","3662","3405","20220406",""
"20220403","경원선","녹천","2437","2073","20220406",""
"20220403","경원선","방학","5657","5348","20220406",""
"20220403","경원선","도봉","3355","3089","20220406",""
"20220403","경원선","도봉산","9334","6521","20220406",""
"20220403","경원선","망월사","4550","4656","20220406",""
"20220403","경원선","회룡","7158","7126","20220406",""
"20220403","경원선","의정부","13218","13494","20220406",""
"20220403","경원선","가능","3810","3674","20220406",""
"20220403","경원선","녹양","2884","2666","20220406",""
"20220403","경원선","양주","4879","4664","20220406",""
"20220403","경원선","덕계","1762","1763","20220406",""
"20220403","경원선","덕정","3175","3368","20220406",""
"20220403","경원선","지행","4169","4025","20220406",""
"20220403","경원선","동두천중앙","2035","1929","20220406",""
"20220403","경원선","보산","1121","1173","20220406",""
"20220403","경원선","동두천","1340","1725","20220406",""
"20220403","경원선","소요산","4117","3601","20220406",""
"20220403","경의선","서울역","982","913","20220406",""
"20220403","경의선","신촌","238","234","20220406",""
"20220403","경의선","효창공원앞","1227","1490","20220406",""
"20220403","경의선","공덕","1691","1333","20220406",""
"20220403","경의선","서강대","1289","1255","20220406",""
"20220403","경의선","홍대입구","1505","1820","20220406",""
"20220403","경의선","가좌","2579","2611","20220406",""
"20220403","경의선","디지털미디어시티","1333","1234","20220406",""
"20220403","경의선","수색","848","918","20220406",""
"20220403","경의선","화전","864","964","20220406",""
"20220403","경의선","강매","1423","1355","20220406",""
"20220403","경의선","행신","4254","3934","20220406",""
"20220403","경의선","능곡","2128","2120","20220406",""
"20220403","경의선","곡산","315","359","20220406",""
"20220403","경의선","백마","3439","3296","20220406",""
"20220403","경의선","풍산","3398","3192","20220406",""
"20220403","경의선","일산","5801","5499","20220406",""
"20220403","경의선","탄현","4088","3638","20220406",""
"20220403","경의선","야당","4747","4508","20220406",""
"20220403","경의선","운정","3547","3356","20220406",""
"20220403","경의선","금릉","2795","2743","20220406",""
"20220403","경의선","금촌","4003","4208","20220406",""
"20220403","경의선","월롱","997","2141","20220406",""
"20220403","경의선","파주","680","642","20220406",""
"20220403","경의선","문산","3460","3375","20220406",""
"20220403","경의선","임진강","59","47","20220406",""
"20220403","경인선","개봉","10720","10508","20220406",""
"20220403","경인선","오류동","6533","6351","20220406",""
"20220403","경인선","역곡","13620","13612","20220406",""
"20220403","경인선","부천","20982","20600","20220406",""
"20220404","경의선","디지털미디어시티","2399","2173","20220407",""
"20220404","경의선","화전","3486","3313","20220407",""
"20220404","경의선","강매","3215","2767","20220407",""
"20220404","경의선","행신","7779","7936","20220407",""
"20220404","경의선","능곡","3823","3502","20220407",""
"20220404","경의선","곡산","620","649","20220407",""
"20220404","경의선","백마","6869","6543","20220407",""
"20220404","경의선","풍산","5410","4935","20220407",""
"20220404","경의선","일산","9510","9249","20220407",""
"20220404","경의선","탄현","7641","7195","20220407",""
"20220404","경의선","야당","7174","7058","20220407",""
"20220404","경의선","운정","7006","6511","20220407",""
"20220404","경의선","금릉","4828","4679","20220407",""
"20220404","경의선","금촌","6261","6254","20220407",""
"20220404","경의선","월롱","2826","2787","20220407",""
"20220404","경의선","파주","1616","1261","20220407",""
"20220404","경의선","문산","5452","5383","20220407",""
"20220404","경의선","임진강","4","3","20220407",""
"20220404","경인선","개봉","20683","20258","20220407",""
"20220404","경인선","오류동","11636","10878","20220407",""
"20220404","경인선","역곡","27725","27315","20220407",""
"20220404","경인선","부천","30852","30567","20220407",""
"20220404","경인선","송내","26526","26422","20220407",""
"20220404","경인선","부평","27139","28843","20220407",""
"20220404","경인선","백운","6841","6785","20220407",""
"20220404","경인선","동암","13964","13947","20220407",""
"20220404","경인선","주안","18650","17096","20220407",""
"20220404","경인선","제물포","10737","10254","20220407",""
"20220404","경인선","동인천","13043","12406","20220407",""
"20220404","경인선","인천","3260","2544","20220407",""
"20220404","경인선","구일","6478","6425","20220407",""
"20220404","경인선","소사","8665","8507","20220407",""
"20220404","경인선","부개","8534","7839","20220407",""
"20220404","경인선","간석","5796","5397","20220407",""
"20220404","경인선","도원","3174","3116","20220407",""
"20220404","경인선","온수(성공회대입구)","6662","6378","20220407",""
"20220404","경인선","중동","9327","8685","20220407",""
"20220404","경인선","도화","4119","3758","20220407",""
"20220404","경춘선","신내","2242","2082","20220407",""
"20220404","경춘선","갈매","2949","2542","20220407",""
"20220404","경춘선","별내","3225","3035","20220407",""
"20220404","경춘선","퇴계원","3547","3189","20220407",""
"20220404","경춘선","사릉","2565","2393","20220407",""
"20220404","경춘선","금곡","1574","1450","20220407",""
"20220404","경춘선","평내호평","6271","6146","20220407",""
"20220404","경춘선","천마산","1696","1593","20220407",""
"20220404","경춘선","마석","4080","4033","20220407",""
"20220404","경춘선","대성리","525","456","20220407",""
"20220404","경춘선","청평","1647","1526","20220407",""
"20220404","경춘선","상천","272","252","20220407",""
"20220404","경춘선","가평","1507","1436","20220407",""
"20220404","경춘선","굴봉산","138","132","20220407",""
"20220404","경춘선","백양리","98","82","20220407",""
"20220404","경춘선","강촌","403","398","20220407",""
"20220404","경춘선","김유정","330","318","20220407",""
"20220404","경춘선","남춘천","2252","2515","20220407",""
"20220404","경춘선","춘천","1317","1412","20220407",""
"20220404","공항철도 1호선","서울역","6896","6660","20220407",""
"20220404","공항철도 1호선","공덕","2143","2679","20220407",""
"20220404","공항철도 1호선","홍대입구","8069","8194","20220407",""
"20220404","공항철도 1호선","디지털미디어시티","13232","12340","20220407",""
"20220404","공항철도 1호선","마곡나루(서울식물원)","8551","8384","20220407",""
"20220404","공항철도 1호선","김포공항","11402","6396","20220407",""
"20220404","공항철도 1호선","계양","10305","9631","20220407",""
"20220404","공항철도 1호선","검암","6427","6337","20220407",""
"20220404","공항철도 1호선","청라국제도시","6707","6225","20220407",""
"20220404","공항철도 1호선","운서","6413","6531","20220407",""
"20220404","공항철도 1호선","공항화물청사","2201","2357","20220407",""
"20220404","공항철도 1호선","인천공항1터미널","3752","3591","20220407",""
"20220404","공항철도 1호선","인천공항2터미널","2562","2061","20220407",""
"20220404","공항철도 1호선","영종","2996","2904","20220407",""
"20220404","과천선","선바위","7776","6919","20220407",""
"20220404","과천선","경마공원","883","857","20220407",""
"20220404","과천선","대공원","2860","2938","20220407",""
"20220404","과천선","과천","5951","5462","20220407",""
"20220404","과천선","정부과천청사","10070","10053","20220407",""
"20220404","과천선","인덕원","23104","23849","20220407",""
"20220404","과천선","평촌","17336","16945","20220407",""
"20220404","과천선","범계","24881","24619","20220407",""
"20220404","분당선","선릉","12590","19159","20220407",""
"20220404","분당선","한티","13221","14278","20220407",""
"20220404","분당선","도곡","6703","6687","20220407",""
"20220404","분당선","구룡","2278","2211","20220407",""
"20220404","분당선","개포동","3832","3941","20220407",""
"20220404","분당선","대모산입구","4471","4174","20220407",""
"20220404","분당선","수서","13410","13313","20220407",""
"20220404","분당선","수원","7873","6584","20220407",""
"20220404","분당선","서울숲","10960","11044","20220407",""
"20220404","분당선","압구정로데오","15957","17503","20220407",""
"20220404","분당선","강남구청","9361","10709","20220407",""
"20220404","분당선","선정릉","7681","8283","20220407",""
"20220404","분당선","가천대","9994","11102","20220407",""
"20220404","분당선","태평","13188","12686","20220407",""
"20220404","분당선","모란","26071","27498","20220407",""
"20220404","분당선","야탑","24720","25597","20220407",""
"20220404","분당선","서현","22464","22887","20220407",""
"20220404","분당선","수내","12496","12414","20220407",""
"20220404","분당선","정자","15952","16871","20220407",""
"20220404","분당선","미금","15109","15962","20220407",""
"20220404","분당선","오리","11487","9472","20220407",""
"20220404","분당선","이매","5565","5088","20220407",""
"20220404","분당선","보정","2500","2232","20220407",""
"20220404","분당선","죽전","13471","14755","20220407",""
"20220404","분당선","구성","4885","5228","20220407",""
"20220404","분당선","신갈","4335","4358","20220407",""
"20220404","분당선","기흥","9855","9173","20220407",""
"20220404","분당선","상갈","5159","5024","20220407",""
"20220404","분당선","청명","4167","4032","20220407",""
"20220404","분당선","영통","7717","7871","20220407",""
"20220404","분당선","망포","13834","13281","20220407",""
"20220404","분당선","매탄권선","4983","4754","20220407",""
"20220404","분당선","수원시청","11918","12598","20220407",""
"20220404","분당선","매교","3194","3107","20220407",""
"20220404","수인선","고색","5047","4932","20220407",""
"20220404","수인선","오목천","3440","3245","20220407",""
"20220404","수인선","어천","742","811","20220407",""
"20220404","수인선","야목","407","281","20220407",""
"20220404","수인선","사리","4786","4284","20220407",""
"20220404","수인선","달월","110","75","20220407",""
"20220404","수인선","월곶","2658","2508","20220407",""
"20220404","수인선","소래포구","5507","5101","20220407",""
"20220404","수인선","인천논현","5467","5834","20220407",""
"20220404","수인선","호구포","3964","4239","20220407",""
"20220404","수인선","남동인더스파크","2234","2535","20220407",""
"20220404","수인선","원인재","4362","4566","20220407",""
"20220404","수인선","연수","4422","4295","20220407",""
"20220404","수인선","송도","2447","2294","20220407",""
"20220404","수인선","인하대","6968","6749","20220407",""
"20220404","수인선","숭의","3989","3689","20220407",""
"20220404","수인선","신포","1796","1723","20220407",""
"20220404","수인선","인천","1023","1644","20220407",""
"20220404","안산선","산본","15277","16582","20220407",""
"20220404","안산선","대야미","4972","4588","20220407",""
"20220404","안산선","반월","4188","4103","20220407",""
"20220404","안산선","상록수","16035","16151","20220407",""
"20220404","안산선","한대앞","10129","10223","20220407",""
"20220404","안산선","중앙","17525","17973","20220407",""
"20220404","안산선","고잔","9014","8372","20220407",""
"20220404","안산선","초지","5105","5495","20220407",""
"20220404","안산선","안산","11606","10455","20220407",""
"20220404","안산선","신길온천","1722","1518","20220407",""
"20220404","안산선","정왕","9933","10530","20220407",""
"20220404","안산선","오이도","8329","7999","20220407",""
"20220404","안산선","수리산","4235","3509","20220407",""
"20220404","우이신설선","북한산우이","2600","2381","20220407",""
"20220404","우이신설선","솔밭공원","2419","2355","20220407",""
"20220404","우이신설선","4.19민주묘지","3579","3544","20220407",""
"20220404","우이신설선","가오리","4041","3996","20220407",""
"20220404","우이신설선","화계","3244","3004","20220407",""
"20220404","우이신설선","삼양","1928","2095","20220407",""
"20220404","우이신설선","삼양사거리","2454","2407","20220407",""
"20220404","우이신설선","솔샘","5671","5251","20220407",""
"20220404","우이신설선","북한산보국문","5910","5735","20220407",""
"20220404","우이신설선","정릉","4566","4165","20220407",""
"20220404","우이신설선","성신여대입구(돈암)","3227","3518","20220407",""
"20220404","우이신설선","보문","1447","1449","20220407",""
"20220404","우이신설선","신설동","2141","2037","20220407",""
"20220404","일산선","원흥","10350","9912","20220407",""
"20220404","일산선","삼송","19078","18525","20220407",""
"20220404","일산선","원당","11097","10290","20220407",""
"20220404","일산선","화정","16157","16511","20220407",""
"20220404","일산선","대곡","2134","1753","20220407",""
"20220404","일산선","백석","9295","9248","20220407",""
"20220404","일산선","마두","7320","7464","20220407",""
"20220404","일산선","정발산","6510","6620","20220407",""
"20220404","일산선","주엽","8737","8728","20220407",""
"20220404","일산선","대화","12233","9605","20220407",""
"20220404","장항선","봉명","1340","1321","20220407",""
"20220404","장항선","쌍용(나사렛대)","2926","2975","20220407",""
"20220404","장항선","아산","4043","3265","20220407",""
"20220404","장항선","탕정","854","715","20220407",""
"20220404","장항선","배방","1149","1204","20220407",""
"20220404","장항선","온양온천","4746","4770","20220407",""
"20220404","장항선","신창(순천향대)","2755","3329","20220407",""
"20220404","중앙선","오빈","300","291","20220407",""
"20220404","중앙선","양평","2702","2776","20220407",""
"20220404","중앙선","원덕","441","398","20220407",""
"20220404","중앙선","용문","1733","1627","20220407",""
"20220404","중앙선","지평","69","80","20220407",""
"20220404","중앙선","회기","23748","23485","20220407",""
"20220404","중앙선","중랑","5421","5159","20220407",""
"20220404","중앙선","상봉(시외버스터미널)","5408","5291","20220407",""
"20220404","중앙선","망우","7371","7200","20220407",""
"20220404","중앙선","양원","2905","2861","20220407",""
"20220404","중앙선","구리","12915","13002","20220407",""
"20220404","중앙선","도농","10237","9287","20220407",""
"20220404","중앙선","양정","775","697","20220407",""
"20220404","중앙선","덕소","5406","5513","20220407",""
"20220404","중앙선","도심","2378","1869","20220407",""
"20220404","중앙선","팔당","836","883","20220407",""
"20220404","중앙선","운길산","814","819","20220407",""
"20220404","중앙선","양수","1874","1874","20220407",""
"20220404","중앙선","신원","263","193","20220407",""
"20220404","중앙선","국수","804","754","20220407",""
"20220404","중앙선","아신","492","485","20220407",""
"20220404","1호선","서울역","39136","37312","20220407",""
"20220404","1호선","시청","20788","20597","20220407",""
"20220404","1호선","종각","31125","30741","20220407",""
"20220404","1호선","종로3가","22588","20757","20220407",""
"20220404","1호선","종로5가","21283","21355","20220407",""
"20220404","1호선","동대문","10189","9693","20220407",""
"20220404","1호선","신설동","13260","13173","20220407",""
"20220404","1호선","제기동","16651","17157","20220407",""
"20220404","1호선","청량리(서울시립대입구)","19062","18819","20220407",""
"20220404","1호선","동묘앞","7412","7753","20220407",""
"20220404","2호선","시청","21474","21090","20220407",""
"20220404","2호선","을지로입구","35316","36350","20220407",""
"20220404","2호선","을지로3가","20136","20378","20220407",""
"20220404","2호선","을지로4가","12084","12246","20220407",""
"20220404","2호선","동대문역사문화공원(DDP)","10740","12115","20220407",""
"20220404","2호선","신당","12856","13315","20220407",""
"20220404","2호선","상왕십리","13569","13195","20220407",""
"20220404","2호선","왕십리(성동구청)","15817","12391","20220407",""
"20220404","2호선","한양대","14476","16482","20220407",""
"20220404","2호선","뚝섬","20645","22530","20220407",""
"20220404","2호선","성수","34919","37918","20220407",""
"20220404","2호선","건대입구","33245","35382","20220407",""
"20220404","2호선","구의(광진구청)","22407","22035","20220407",""
"20220404","2호선","강변(동서울터미널)","27826","26423","20220407",""
"20220404","2호선","잠실나루","13660","13525","20220407",""
"20220404","2호선","잠실(송파구청)","64255","64016","20220407",""
"20220404","2호선","잠실새내","19571","19429","20220407",""
"20220404","2호선","종합운동장","6933","7785","20220407",""
"20220404","2호선","삼성(무역센터)","46160","46905","20220407",""
"20220404","2호선","선릉","53179","47567","20220407",""
"20220404","2호선","역삼","49488","55461","20220407",""
"20220404","2호선","강남","76003","75307","20220407",""
"20220404","2호선","교대(법원.검찰청)","31898","35912","20220407",""
"20220404","2호선","서초","20156","19379","20220407",""
"20220404","2호선","방배","18255","18826","20220407",""
"20220404","2호선","사당","32692","36801","20220407",""
"20220404","2호선","낙성대(강감찬)","25580","25436","20220407",""
"20220404","2호선","서울대입구(관악구청)","45087","44804","20220407",""
"20220404","2호선","봉천","22821","21128","20220407",""
"20220404","2호선","신림","59587","57535","20220407",""
"20220404","2호선","신대방","25354","24892","20220407",""
"20220404","2호선","구로디지털단지","55868","56060","20220407",""
"20220404","2호선","대림(구로구청)","23039","23352","20220407",""
"20220404","2호선","신도림","43603","42962","20220407",""
"20220404","2호선","문래","21009","21437","20220407",""
"20220404","2호선","영등포구청","21588","22419","20220407",""
"20220404","2호선","당산","18016","20690","20220407",""
"20220404","2호선","합정","27205","28264","20220407",""
"20220404","2호선","홍대입구","45432","47362","20220407",""
"20220404","2호선","신촌","30264","30832","20220407",""
"20220404","2호선","이대","12922","13898","20220407",""
"20220404","2호선","아현","9786","9266","20220407",""
"20220404","2호선","충정로(경기대입구)","9496","10024","20220407",""
"20220404","2호선","용답","3184","3322","20220407",""
"20220404","2호선","신답","1581","1879","20220407",""
"20220404","2호선","신설동","3097","1706","20220407",""
"20220404","2호선","도림천","1366","1460","20220407",""
"20220404","2호선","양천구청","6501","6734","20220407",""
"20220404","2호선","신정네거리","9910","10171","20220407",""
"20220404","2호선","용두(동대문구청)","2248","2372","20220407",""
"20220404","3호선","지축","4694","4437","20220407",""
"20220404","3호선","구파발","19600","18413","20220407",""
"20220404","3호선","연신내","34756","32945","20220407",""
"20220404","3호선","불광","15174","16202","20220407",""
"20220404","3호선","녹번","14906","13543","20220407",""
"20220404","3호선","홍제","17215","16473","20220407",""
"20220404","3호선","무악재","3722","3734","20220407",""
"20220404","3호선","독립문","6599","6840","20220407",""
"20220404","3호선","경복궁(정부서울청사)","19456","19144","20220407",""
"20220404","3호선","안국","18265","18907","20220407",""
"20220404","3호선","종로3가","9278","10695","20220407",""
"20220404","3호선","을지로3가","9652","9848","20220407",""
"20220404","3호선","충무로","4","0","20220407",""
"20220404","3호선","동대입구","8470","9354","20220407",""
"20220404","3호선","약수","12452","12157","20220407",""
"20220404","3호선","금호","7575","7155","20220407",""
"20220404","3호선","옥수","8371","8667","20220407",""
"20220404","3호선","압구정","28607","30553","20220407",""
"20220404","3호선","신사","27864","28942","20220407",""
"20220404","3호선","잠원","4632","4400","20220407",""
"20220404","3호선","고속터미널","34856","33253","20220407",""
"20220404","3호선","교대(법원.검찰청)","13691","9068","20220407",""
"20220404","3호선","남부터미널(예술의전당)","26560","27377","20220407",""
"20220404","3호선","양재(서초구청)","35822","39104","20220407",""
"20220404","3호선","매봉","11569","11060","20220407",""
"20220404","3호선","도곡","5147","5215","20220407",""
"20220404","3호선","대치","10411","10546","20220407",""
"20220404","3호선","학여울","1644","1682","20220407",""
"20220404","3호선","대청","10011","9182","20220407",""
"20220404","3호선","일원","10130","9899","20220407",""
"20220404","3호선","수서","16321","16711","20220407",""
"20220404","3호선","가락시장","8495","8447","20220407",""
"20220404","3호선","경찰병원","7078","7077","20220407",""
"20220404","3호선","오금","6043","5478","20220407",""
"20220404","4호선","당고개","8640","7797","20220407",""
"20220404","4호선","상계","18478","16934","20220407",""
"20220404","4호선","노원","17510","19688","20220407",""
"20220404","4호선","창동","23710","25225","20220407",""
"20220404","4호선","쌍문","28113","25838","20220407",""
"20220404","4호선","수유(강북구청)","32132","32330","20220407",""
"20220404","4호선","미아(서울사이버대학)","14979","14502","20220407",""
"20220404","4호선","미아사거리","25576","25092","20220407",""
"20220404","4호선","길음","20048","20054","20220407",""
"20220404","4호선","성신여대입구(돈암)","19662","18979","20220407",""
"20220404","4호선","한성대입구(삼선교)","13447","13114","20220407",""
"20220404","4호선","혜화","27930","27986","20220407",""
"20220404","4호선","동대문","19311","19671","20220407",""
"20220404","4호선","동대문역사문화공원(DDP)","13245","12339","20220407",""
"20220404","4호선","충무로","27314","28090","20220407",""
"20220404","4호선","명동","18236","18564","20220407",""
"20220404","4호선","회현(남대문시장)","22858","24358","20220407",""
"20220404","4호선","서울역","10093","14145","20220407",""
"20220404","4호선","숙대입구(갈월)","13231","12842","20220407",""
"20220404","4호선","삼각지","4423","4875","20220407",""
"20220404","4호선","신용산","14337","14917","20220407",""
"20220404","4호선","이촌(국립중앙박물관)","6254","7138","20220407",""
"20220404","4호선","동작(현충원)","1577","1812","20220407",""
"20220404","4호선","총신대입구(이수)","17997","19471","20220407",""
"20220404","4호선","사당","22913","18951","20220407",""
"20220404","4호선","남태령","1066","920","20220407",""
"20220404","5호선","방화","6439","6101","20220407",""
"20220404","5호선","개화산","5448","5093","20220407",""
"20220404","5호선","김포공항","6433","6240","20220407",""
"20220404","5호선","송정","6246","5865","20220407",""
"20220404","5호선","마곡","10273","10355","20220407",""
"20220404","5호선","발산","19435","19998","20220407",""
"20220404","5호선","우장산","14152","13915","20220407",""
"20220404","5호선","화곡","27486","25757","20220407",""
"20220404","5호선","까치산","27838","26642","20220407",""
"20220404","5호선","신정(은행정)","13509","10923","20220407",""
"20220404","5호선","목동","15991","17115","20220407",""
"20220404","5호선","오목교(목동운동장앞)","19911","21041","20220407",""
"20220404","5호선","양평","7267","7192","20220407",""
"20220404","5호선","영등포구청","3854","3910","20220407",""
"20220404","5호선","영등포시장","9409","9584","20220407",""
"20220404","5호선","신길","3969","4246","20220407",""
"20220404","5호선","여의도","27145","28578","20220407",""
"20220404","5호선","여의나루","13860","15081","20220407",""
"20220404","5호선","마포","13781","14166","20220407",""
"20220404","5호선","공덕","13045","13858","20220407",""
"20220404","5호선","애오개","6378","6468","20220407",""
"20220404","5호선","충정로(경기대입구)","4612","4797","20220407",""
"20220404","5호선","서대문","18923","18982","20220407",""
"20220404","5호선","광화문(세종문화회관)","26639","27950","20220407",""
"20220404","5호선","종로3가","10767","10716","20220407",""
"20220404","5호선","을지로4가","5961","5958","20220407",""
"20220404","5호선","동대문역사문화공원(DDP)","2667","3082","20220407",""
"20220404","5호선","청구","3902","3617","20220407",""
"20220404","5호선","신금호","6253","6488","20220407",""
"20220404","5호선","행당","7776","6899","20220407",""
"20220404","5호선","왕십리(성동구청)","4202","4837","20220407",""
"20220404","5호선","마장","5462","5177","20220407",""
"20220404","5호선","답십리","15306","14104","20220407",""
"20220404","5호선","장한평","17510","17231","20220407",""
"20220404","5호선","군자(능동)","10445","11365","20220407",""
"20220404","5호선","아차산(어린이대공원후문)","14306","13861","20220407",""
"20220404","5호선","광나루(장신대)","12998","11858","20220407",""
"20220404","5호선","천호(풍납토성)","16154","16300","20220407",""
"20220404","5호선","강동","17674","16991","20220407",""
"20220404","5호선","길동","7633","7940","20220407",""
"20220404","5호선","굽은다리(강동구민회관앞)","9173","8547","20220407",""
"20220404","5호선","명일","8321","8714","20220407",""
"20220404","5호선","고덕","9248","9257","20220407",""
"20220404","5호선","상일동","14420","13438","20220407",""
"20220404","5호선","둔촌동","8220","8128","20220407",""
"20220404","5호선","올림픽공원(한국체대)","4277","3771","20220407",""
"20220404","5호선","방이","6606","6941","20220407",""
"20220404","5호선","오금","3743","3681","20220407",""
"20220404","5호선","개롱","6168","6520","20220407",""
"20220404","5호선","거여","9904","9440","20220407",""
"20220404","5호선","마천","7085","6734","20220407",""
"20220404","5호선","강일","4035","3794","20220407",""
"20220404","5호선","미사","15232","15439","20220407",""
"20220404","5호선","하남풍산","4182","4136","20220407",""
"20220404","5호선","하남시청(덕풍·신장)","6712","6566","20220407",""
"20220404","5호선","하남검단산","5310","5114","20220407",""
"20220404","6호선","응암","16729","16687","20220407",""
"20220404","6호선","역촌","3501","4224","20220407",""
"20220404","6호선","불광","3895","4004","20220407",""
"20220404","6호선","독바위","2553","2728","20220407",""
"20220404","6호선","연신내","1","0","20220407",""
"20220404","6호선","구산","7420","5569","20220407",""
"20220404","6호선","새절(신사)","12226","11385","20220407",""
"20220404","6호선","증산(명지대앞)","9766","9731","20220407",""
"20220404","6호선","디지털미디어시티","13261","14452","20220407",""
"20220404","6호선","월드컵경기장(성산)","4189","4335","20220407",""
"20220404","6호선","마포구청","13595","12110","20220407",""
"20220404","6호선","망원","12579","13359","20220407",""
"20220404","6호선","합정","11569","11217","20220407",""
"20220404","6호선","상수","7591","8708","20220407",""
"20220404","6호선","광흥창(서강)","8566","8430","20220407",""
"20220404","6호선","대흥(서강대앞)","7865","8224","20220407",""
"20220404","6호선","공덕","17242","16711","20220407",""
"20220404","6호선","효창공원앞","7072","6605","20220407",""
"20220404","6호선","삼각지","5639","4963","20220407",""
"20220404","6호선","녹사평(용산구청)","4106","4104","20220407",""
"20220404","6호선","이태원","8287","8479","20220407",""
"20220404","6호선","한강진","6119","7117","20220407",""
"20220404","6호선","버티고개","1999","1962","20220407",""
"20220404","6호선","약수","3511","3519","20220407",""
"20220404","6호선","청구","3582","3865","20220407",""
"20220404","6호선","신당","7324","7857","20220407",""
"20220404","6호선","동묘앞","7418","7631","20220407",""
"20220404","6호선","창신","3526","2951","20220407",""
"20220404","6호선","보문","6936","6385","20220407",""
"20220404","6호선","안암(고대병원앞)","13398","13983","20220407",""
"20220404","6호선","고려대(종암)","8105","7851","20220407",""
"20220404","6호선","월곡(동덕여대)","12297","12060","20220407",""
"20220404","6호선","상월곡(한국과학기술연구원)","6275","5905","20220407",""
"20220404","6호선","돌곶이","9043","8357","20220407",""
"20220404","6호선","석계","11870","12661","20220407",""
"20220404","6호선","태릉입구","5238","5871","20220407",""
"20220404","6호선","화랑대(서울여대입구)","11642","9066","20220407",""
"20220404","6호선","봉화산(서울의료원)","8472","8032","20220407",""
"20220404","6호선","신내","1","0","20220407",""
"20220404","7호선","장암","2250","834","20220407",""
"20220404","7호선","도봉산","9229","10552","20220407",""
"20220404","7호선","수락산","12042","11750","20220407",""
"20220404","7호선","마들","12257","11793","20220407",""
"20220404","7호선","노원","17847","18850","20220407",""
"20220404","7호선","중계","14266","13116","20220407",""
"20220404","7호선","하계","17063","15869","20220407",""
"20220404","7호선","공릉(서울과학기술대)","12164","12040","20220407",""
"20220404","7호선","태릉입구","8308","7964","20220407",""
"20220404","7호선","먹골","9590","9437","20220407",""
"20220404","7호선","중화","10493","10182","20220407",""
"20220404","7호선","상봉(시외버스터미널)","15876","14814","20220407",""
"20220404","7호선","면목","15776","15476","20220407",""
"20220404","7호선","사가정","15428","15699","20220407",""
"20220404","7호선","용마산(용마폭포공원)","5976","5725","20220407",""
"20220404","7호선","중곡","10652","9847","20220407",""
"20220404","7호선","군자(능동)","14049","11265","20220407",""
"20220404","7호선","어린이대공원(세종대)","14338","14917","20220407",""
"20220404","7호선","건대입구","12164","12882","20220407",""
"20220404","7호선","뚝섬유원지","9580","9167","20220407",""
"20220404","7호선","청담","18563","20585","20220407",""
"20220404","7호선","강남구청","14936","16441","20220407",""
"20220404","7호선","학동","22976","24394","20220407",""
"20220404","7호선","논현","19354","21101","20220407",""
"20220404","7호선","반포","5549","5418","20220407",""
"20220404","7호선","고속터미널","14740","11974","20220407",""
"20220404","7호선","내방","13833","13969","20220407",""
"20220404","7호선","이수","14490","14061","20220407",""
"20220404","7호선","남성","10690","10064","20220407",""
"20220404","7호선","숭실대입구(살피재)","14393","14853","20220407",""
"20220404","7호선","상도","10986","10853","20220407",""
"20220404","7호선","장승배기","8646","8495","20220407",""
"20220404","7호선","신대방삼거리","16291","15676","20220407",""
"20220404","7호선","보라매","9695","9712","20220407",""
"20220404","7호선","신풍","11351","10829","20220407",""
"20220404","7호선","대림(구로구청)","7388","7265","20220407",""
"20220404","7호선","남구로","15534","16294","20220407",""
"20220404","7호선","가산디지털단지","44134","44589","20220407",""
"20220404","7호선","철산","20007","20342","20220407",""
"20220404","7호선","광명사거리","21165","20647","20220407",""
"20220404","7호선","천왕","10981","10572","20220407",""
"20220404","7호선","온수(성공회대입구)","10483","9739","20220407",""
"20220404","8호선","암사","18166","16064","20220407",""
"20220404","8호선","천호(풍납토성)","13542","15444","20220407",""
"20220404","8호선","강동구청","10013","10339","20220407",""
"20220404","8호선","몽촌토성(평화의문)","5833","5829","20220407",""
"20220404","8호선","잠실(송파구청)","13207","15393","20220407",""
"20220404","8호선","석촌","7678","8807","20220407",""
"20220404","8호선","송파","7758","7767","20220407",""
"20220404","8호선","가락시장","7391","8171","20220407",""
"20220404","8호선","문정","21532","22577","20220407",""
"20220404","8호선","장지","16175","15614","20220407",""
"20220404","8호선","복정","9450","7983","20220407",""
"20220404","8호선","산성","5353","5390","20220407",""
"20220404","8호선","남한산성입구(성남법원.검찰청)","15215","14313","20220407",""
"20220404","8호선","단대오거리","11326","10587","20220407",""
"20220404","8호선","신흥","4122","4450","20220407",""
"20220404","8호선","수진","5355","5051","20220407",""
"20220404","8호선","모란","6480","5160","20220407",""
"20220404","8호선","남위례","4573","4760","20220407",""
"20220404","9호선","개화","2483","1843","20220407",""
"20220404","9호선","김포공항","6828","9510","20220407",""
"20220404","9호선","공항시장","2876","3129","20220407",""
"20220404","9호선","신방화","6636","6500","20220407",""
"20220404","9호선","마곡나루(서울식물원)","11274","11281","20220407",""
"20220404","9호선","양천향교","9629","9801","20220407",""
"20220404","9호선","가양","19793","19128","20220407",""
"20220404","9호선","증미","7022","6823","20220407",""
"20220404","9호선","등촌","10822","10270","20220407",""
"20220404","9호선","염창","16482","15840","20220407",""
"20220404","9호선","신목동","3950","3483","20220407",""
"20220404","9호선","선유도","8410","8092","20220407",""
"20220404","9호선","당산","17102","17223","20220407",""
"20220404","9호선","국회의사당","15000","15776","20220407",""
"20220404","9호선","여의도","25893","25267","20220407",""
"20220404","9호선","샛강","5593","5871","20220407",""
"20220404","9호선","노량진","24769","24057","20220407",""
"20220404","9호선","노들","4226","3566","20220407",""
"20220404","9호선","흑석(중앙대입구)","8770","8918","20220407",""
"20220404","9호선","동작(현충원)","2022","1681","20220407",""
"20220404","9호선","구반포","1211","1307","20220407",""
"20220404","9호선","신반포","3208","3152","20220407",""
"20220404","9호선","고속터미널","11038","13566","20220407",""
"20220404","9호선","사평","3300","3255","20220407",""
"20220404","9호선","신논현","28646","28099","20220407",""
"20220404","9호선2~3단계","언주","9807","10091","20220407",""
"20220404","9호선2~3단계","선정릉","9190","10006","20220407",""
"20220404","9호선2~3단계","삼성중앙","6360","6776","20220407",""
"20220404","9호선2~3단계","봉은사","14181","14479","20220407",""
"20220404","9호선2~3단계","종합운동장","3914","3936","20220407",""
"20220404","9호선2~3단계","삼전","6438","6285","20220407",""
"20220404","9호선2~3단계","석촌고분","5755","5636","20220407",""
"20220404","9호선2~3단계","석촌","8344","7433","20220407",""
"20220404","9호선2~3단계","송파나루","4766","5075","20220407",""
"20220404","9호선2~3단계","한성백제","2387","2103","20220407",""
"20220404","9호선2~3단계","올림픽공원(한국체대)","5798","5930","20220407",""
"20220404","9호선2~3단계","둔촌오륜","1170","1094","20220407",""
"20220404","9호선2~3단계","중앙보훈병원","10608","9444","20220407",""
"20220404","경강선","판교","4512","4361","20220407",""
"20220404","경강선","이매","1085","945","20220407",""
"20220404","경강선","삼동","2399","2187","20220407",""
"20220404","경강선","경기광주","7513","7193","20220407",""
"20220404","경강선","초월","3089","2953","20220407",""
"20220404","경강선","곤지암","2151","2154","20220407",""
"20220404","경강선","신둔도예촌","1587","1464","20220407",""
"20220404","경강선","이천","2515","2655","20220407",""
"20220404","경강선","부발","1903","2034","20220407",""
"20220404","경강선","세종대왕릉","302","311","20220407",""
"20220404","경강선","여주","2364","2408","20220407",""
"20220404","경부선","서울역","5911","1848","20220407",""
"20220404","경부선","남영","9025","9677","20220407",""
"20220404","경부선","용산","28639","29066","20220407",""
"20220404","경부선","노량진","7575","7851","20220407",""
"20220404","경부선","대방","12779","13066","20220407",""
"20220404","경부선","영등포","33135","34257","20220407",""
"20220404","경부선","신도림","4025","4041","20220407",""
"20220404","경부선","신길","8841","7653","20220407",""
"20220404","경부선","구로","17706","17868","20220407",""
"20220404","경부선","가산디지털단지","18195","21001","20220407",""
"20220404","경부선","금천구청","11454","11317","20220407",""
"20220404","경부선","석수","9536","8439","20220407",""
"20220404","경부선","관악","7019","6453","20220407",""
"20220404","경부선","안양","25337","24941","20220407",""
"20220404","경부선","명학","10057","10173","20220407",""
"20220404","경부선","금정","25957","26411","20220407",""
"20220404","경부선","군포","7793","7829","20220407",""
"20220404","경부선","의왕","9321","9210","20220407",""
"20220404","경부선","성균관대","14501","14725","20220407",""
"20220404","경부선","화서","8035","7648","20220407",""
"20220404","경부선","수원","33216","35082","20220407",""
"20220404","경부선","독산","18383","18958","20220407",""
"20220404","경부선","세류","3129","2824","20220407",""
"20220404","경부선","병점","15198","15089","20220407",""
"20220404","경부선","세마","2756","2566","20220407",""
"20220404","경부선","오산대","3944","3650","20220407",""
"20220404","경부선","오산","9924","10057","20220407",""
"20220404","경부선","진위","1732","1468","20220407",""
"20220404","경부선","송탄","4228","4198","20220407",""
"20220404","경부선","서정리","7195","7009","20220407",""
"20220404","경부선","평택지제","3532","3277","20220407",""
"20220404","경부선","평택","12510","12634","20220407",""
"20220404","경부선","성환","5287","5496","20220407",""
"20220404","경부선","직산","864","840","20220407",""
"20220404","경부선","두정","7168","8381","20220407",""
"20220404","경부선","천안","6601","6481","20220407",""
"20220404","경부선","당정","6906","6514","20220407",""
"20220404","경부선","서동탄","1327","1134","20220407",""
"20220404","경부선","광명","3231","2749","20220407",""
"20220404","경원선","이촌(국립중앙박물관)","3493","2709","20220407",""
"20220404","경원선","서빙고","1810","1652","20220407",""
"20220404","경원선","한남","3908","3741","20220407",""
"20220404","경원선","옥수","41","43","20220407",""
"20220404","경원선","응봉","2352","2511","20220407",""
"20220404","경원선","왕십리(성동구청)","13457","14539","20220407",""
"20220404","경원선","청량리(서울시립대입구)","13692","14538","20220407",""
"20220404","경원선","외대앞","8206","8562","20220407",""
"20220404","경원선","신이문","8124","7521","20220407",""
"20220404","경원선","석계","8092","9010","20220407",""
"20220404","경원선","광운대","8929","9017","20220407",""
"20220404","경원선","월계","7531","6892","20220407",""
"20220404","경원선","녹천","4724","3970","20220407",""
"20220404","경원선","창동","1","0","20220407",""
"20220404","경원선","방학","9588","9234","20220407",""
"20220404","경원선","도봉","5775","5442","20220407",""
"20220404","경원선","도봉산","7645","5175","20220407",""
"20220404","경원선","망월사","8362","8369","20220407",""
"20220404","경원선","회룡","12293","12293","20220407",""
"20220404","경원선","의정부","17540","17938","20220407",""
"20220404","경원선","가능","6718","6447","20220407",""
"20220404","경원선","녹양","4652","4399","20220407",""
"20220404","경원선","양주","7886","7395","20220407",""
"20220404","경원선","덕계","3206","2943","20220407",""
"20220404","경원선","덕정","6468","6322","20220407",""
"20220404","경원선","지행","6454","6380","20220407",""
"20220404","경원선","동두천중앙","3060","2957","20220407",""
"20220404","경원선","보산","1518","1307","20220407",""
"20220404","경원선","동두천","2625","2964","20220407",""
"20220404","경원선","소요산","2803","2354","20220407",""
"20220404","경의선","서울역","4197","5419","20220407",""
"20220404","경의선","신촌","807","1065","20220407",""
"20220404","경의선","효창공원앞","3043","3279","20220407",""
"20220404","경의선","공덕","3184","2900","20220407",""
"20220404","경의선","서강대","2083","1977","20220407",""
"20220404","경의선","홍대입구","1511","1639","20220407",""
"20220404","경의선","가좌","5335","4956","20220407",""
"20220404","경의선","수색","2832","2972","20220407",""
"20220405","5호선","올림픽공원(한국체대)","4349","3754","20220408",""
"20220405","5호선","방이","6836","7020","20220408",""
"20220405","5호선","오금","3775","3759","20220408",""
"20220405","5호선","개롱","6314","6559","20220408",""
"20220405","5호선","거여","10163","9578","20220408",""
"20220405","5호선","마천","7111","6935","20220408",""
"20220405","5호선","강일","4096","3906","20220408",""
"20220405","5호선","미사","15431","15391","20220408",""
"20220405","5호선","하남풍산","4171","4169","20220408",""
"20220405","5호선","하남시청(덕풍·신장)","6363","6214","20220408",""
"20220405","5호선","하남검단산","5506","5222","20220408",""
"20220405","6호선","응암","17217","16979","20220408",""
"20220405","6호선","역촌","3599","4195","20220408",""
"20220405","6호선","불광","4157","4074","20220408",""
"20220405","6호선","독바위","2599","2776","20220408",""
"20220405","6호선","연신내","1","0","20220408",""
"20220405","6호선","구산","7518","5559","20220408",""
"20220405","6호선","새절(신사)","12622","11771","20220408",""
"20220405","6호선","증산(명지대앞)","9795","9950","20220408",""
"20220405","6호선","디지털미디어시티","13379","14629","20220408",""
"20220405","6호선","월드컵경기장(성산)","4198","4450","20220408",""
"20220405","6호선","마포구청","13715","12400","20220408",""
"20220405","6호선","망원","12787","13600","20220408",""
"20220405","6호선","합정","12139","11659","20220408",""
"20220405","6호선","상수","8062","9132","20220408",""
"20220405","6호선","광흥창(서강)","8831","8584","20220408",""
"20220405","6호선","대흥(서강대앞)","8139","8464","20220408",""
"20220405","6호선","공덕","17709","17090","20220408",""
"20220405","6호선","효창공원앞","7068","6688","20220408",""
"20220405","6호선","삼각지","6087","5334","20220408",""
"20220405","6호선","녹사평(용산구청)","4288","4215","20220408",""
"20220405","6호선","이태원","8651","8921","20220408",""
"20220405","6호선","한강진","6978","8130","20220408",""
"20220405","6호선","버티고개","2097","2080","20220408",""
"20220405","6호선","약수","3593","3563","20220408",""
"20220405","6호선","청구","3677","3974","20220408",""
"20220405","6호선","신당","8296","8664","20220408",""
"20220405","6호선","동묘앞","7422","7555","20220408",""
"20220405","6호선","창신","3617","3037","20220408",""
"20220405","6호선","보문","7115","6561","20220408",""
"20220405","6호선","안암(고대병원앞)","13979","13997","20220408",""
"20220405","6호선","고려대(종암)","8424","8317","20220408",""
"20220405","6호선","월곡(동덕여대)","12389","12017","20220408",""
"20220405","6호선","상월곡(한국과학기술연구원)","6364","5897","20220408",""
"20220405","6호선","돌곶이","9191","8453","20220408",""
"20220405","6호선","석계","12295","12837","20220408",""
"20220405","6호선","태릉입구","5356","5968","20220408",""
"20220405","6호선","화랑대(서울여대입구)","12226","9587","20220408",""
"20220405","6호선","봉화산(서울의료원)","8708","8245","20220408",""
"20220405","7호선","장암","2226","858","20220408",""
"20220405","7호선","도봉산","9602","10973","20220408",""
"20220405","7호선","수락산","12250","12012","20220408",""
"20220405","7호선","마들","12450","11840","20220408",""
"20220405","7호선","노원","18170","19157","20220408",""
"20220405","7호선","중계","14596","13325","20220408",""
"20220405","7호선","하계","17417","16420","20220408",""
"20220405","7호선","공릉(서울과학기술대)","12566","12413","20220408",""
"20220405","7호선","태릉입구","8683","8318","20220408",""
"20220405","7호선","먹골","9765","9670","20220408",""
"20220405","7호선","중화","10600","10357","20220408",""
"20220405","7호선","상봉(시외버스터미널)","16093","15073","20220408",""
"20220405","7호선","면목","16136","15667","20220408",""
"20220405","7호선","사가정","15887","15891","20220408",""
"20220405","7호선","용마산(용마폭포공원)","6089","5993","20220408",""
"20220405","7호선","중곡","10859","10172","20220408",""
"20220405","7호선","군자(능동)","14436","11541","20220408",""
"20220405","7호선","어린이대공원(세종대)","14928","15285","20220408",""
"20220405","7호선","건대입구","12463","12893","20220408",""
"20220405","7호선","뚝섬유원지","9614","9532","20220408",""
"20220405","7호선","청담","18905","21145","20220408",""
"20220405","7호선","강남구청","15664","17283","20220408",""
"20220405","7호선","학동","23463","25117","20220408",""
"20220405","7호선","논현","19754","21528","20220408",""
"20220405","7호선","반포","5563","5421","20220408",""
"20220405","7호선","고속터미널","13820","12013","20220408",""
"20220405","7호선","내방","14102","14499","20220408",""
"20220405","7호선","이수","14986","14498","20220408",""
"20220405","7호선","남성","11004","10250","20220408",""
"20220405","7호선","숭실대입구(살피재)","14816","15223","20220408",""
"20220405","7호선","상도","11152","10892","20220408",""
"20220405","7호선","장승배기","8723","8437","20220408",""
"20220405","7호선","신대방삼거리","16257","15511","20220408",""
"20220405","7호선","보라매","9996","9861","20220408",""
"20220405","7호선","신풍","11399","10892","20220408",""
"20220405","7호선","대림(구로구청)","7409","7405","20220408",""
"20220405","7호선","남구로","15445","16244","20220408",""
"20220405","7호선","가산디지털단지","44203","44959","20220408",""
"20220405","1호선","서울역","38512","37425","20220408",""
"20220405","1호선","시청","21895","21825","20220408",""
"20220405","1호선","종각","32121","31438","20220408",""
"20220405","1호선","종로3가","23299","21360","20220408",""
"20220405","1호선","종로5가","22152","21995","20220408",""
"20220405","1호선","동대문","10543","9724","20220408",""
"20220405","1호선","신설동","13044","12791","20220408",""
"20220405","1호선","제기동","17223","17507","20220408",""
"20220405","1호선","청량리(서울시립대입구)","19367","18999","20220408",""
"20220405","1호선","동묘앞","7797","8125","20220408",""
"20220405","2호선","시청","22546","22079","20220408",""
"20220405","2호선","을지로입구","35970","37300","20220408",""
"20220405","2호선","을지로3가","20833","20909","20220408",""
"20220405","2호선","을지로4가","12352","12402","20220408",""
"20220405","2호선","동대문역사문화공원(DDP)","11141","12401","20220408",""
"20220405","2호선","신당","13210","13892","20220408",""
"20220405","2호선","상왕십리","13657","13257","20220408",""
"20220405","2호선","왕십리(성동구청)","15913","12431","20220408",""
"20220405","2호선","한양대","15383","17011","20220408",""
"20220405","2호선","뚝섬","21369","23024","20220408",""
"20220405","2호선","성수","35974","39200","20220408",""
"20220405","2호선","건대입구","33749","36088","20220408",""
"20220405","2호선","구의(광진구청)","22885","22573","20220408",""
"20220405","2호선","강변(동서울터미널)","27206","25695","20220408",""
"20220405","2호선","잠실나루","14415","13985","20220408",""
"20220405","2호선","잠실(송파구청)","67590","67230","20220408",""
"20220405","2호선","잠실새내","19966","20068","20220408",""
"20220405","2호선","종합운동장","9646","10490","20220408",""
"20220405","2호선","삼성(무역센터)","47137","47803","20220408",""
"20220405","2호선","선릉","54240","48365","20220408",""
"20220405","2호선","역삼","49665","55687","20220408",""
"20220405","2호선","강남","77221","76703","20220408",""
"20220405","2호선","교대(법원.검찰청)","32950","36972","20220408",""
"20220405","2호선","서초","20802","20402","20220408",""
"20220405","2호선","방배","19032","19921","20220408",""
"20220405","2호선","사당","34634","38544","20220408",""
"20220405","2호선","낙성대(강감찬)","26196","25758","20220408",""
"20220405","2호선","서울대입구(관악구청)","46645","45856","20220408",""
"20220405","중앙선","지평","67","82","20220408",""
"20220405","중앙선","용문","3790","3684","20220408",""
"20220405","중앙선","원덕","467","434","20220408",""
"20220405","중앙선","양평","2652","2757","20220408",""
"20220405","중앙선","오빈","304","316","20220408",""
"20220405","중앙선","아신","549","529","20220408",""
"20220405","중앙선","국수","807","765","20220408",""
"20220405","중앙선","신원","237","216","20220408",""
"20220405","중앙선","양수","1930","1973","20220408",""
"20220405","중앙선","운길산","927","865","20220408",""
"20220405","우이신설선","4.19민주묘지","3354","3217","20220408",""
"20220405","우이신설선","솔밭공원","2477","2380","20220408",""
"20220405","우이신설선","북한산우이","2683","2503","20220408",""
"20220405","안산선","수리산","4298","3529","20220408",""
"20220405","안산선","오이도","8425","8264","20220408",""
"20220405","안산선","정왕","10247","10572","20220408",""
"20220405","안산선","신길온천","1725","1598","20220408",""
"20220405","안산선","안산","11452","10290","20220408",""
"20220405","안산선","초지","5204","5537","20220408",""
"20220405","안산선","고잔","8961","8411","20220408",""
"20220405","안산선","중앙","17617","18387","20220408",""
"20220405","안산선","한대앞","10610","10930","20220408",""
"20220405","안산선","상록수","16166","16478","20220408",""
"20220405","안산선","반월","4367","4218","20220408",""
"20220405","안산선","대야미","5055","4516","20220408",""
"20220405","안산선","산본","15445","16552","20220408",""
"20220405","수인선","인천","958","1598","20220408",""
"20220405","수인선","신포","1887","1859","20220408",""
"20220405","수인선","숭의","4042","3808","20220408",""
"20220405","수인선","인하대","7108","6814","20220408",""
"20220405","수인선","송도","2498","2313","20220408",""
"20220405","수인선","연수","4561","4569","20220408",""
"20220405","수인선","원인재","4333","4594","20220408",""
"20220405","수인선","남동인더스파크","2296","2571","20220408",""
"20220405","수인선","호구포","4046","4158","20220408",""
"20220405","수인선","인천논현","5503","5850","20220408",""
"20220405","수인선","소래포구","5539","5225","20220408",""
"20220405","수인선","월곶","2740","2493","20220408",""
"20220405","수인선","달월","99","58","20220408",""
"20220405","수인선","사리","4799","4330","20220408",""
"20220405","수인선","야목","406","315","20220408",""
"20220405","수인선","어천","755","745","20220408",""
"20220405","수인선","오목천","3510","3382","20220408",""
"20220405","수인선","고색","5246","4952","20220408",""
"20220405","분당선","매교","3167","3153","20220408",""
"20220405","분당선","수원시청","11954","12773","20220408",""
"20220405","분당선","매탄권선","5015","4915","20220408",""
"20220405","분당선","망포","13909","13266","20220408",""
"20220405","분당선","영통","7977","8232","20220408",""
"20220405","분당선","청명","4239","4092","20220408",""
"20220405","분당선","상갈","5286","5180","20220408",""
"20220405","분당선","기흥","9825","9177","20220408",""
"20220405","분당선","신갈","4352","4359","20220408",""
"20220405","분당선","구성","4947","5100","20220408",""
"20220405","분당선","죽전","13942","15329","20220408",""
"20220405","분당선","보정","2509","2233","20220408",""
"20220405","분당선","이매","5562","5197","20220408",""
"20220405","분당선","오리","11364","9285","20220408",""
"20220405","분당선","미금","14922","15937","20220408",""
"20220405","분당선","정자","16241","17289","20220408",""
"20220405","분당선","수내","12594","12749","20220408",""
"20220405","분당선","서현","22614","22868","20220408",""
"20220405","분당선","야탑","24624","25804","20220408",""
"20220405","분당선","모란","19484","19809","20220408",""
"20220405","분당선","태평","13088","12644","20220408",""
"20220405","분당선","가천대","10199","11086","20220408",""
"20220405","분당선","선정릉","7798","8429","20220408",""
"20220405","분당선","강남구청","9742","11260","20220408",""
"20220405","분당선","압구정로데오","17488","19257","20220408",""
"20220405","분당선","서울숲","11436","11632","20220408",""
"20220405","분당선","수원","7907","6673","20220408",""
"20220405","분당선","수서","12641","12645","20220408",""
"20220405","분당선","대모산입구","4394","4125","20220408",""
"20220405","분당선","개포동","3861","3962","20220408",""
"20220405","분당선","구룡","2308","2201","20220408",""
"20220405","분당선","도곡","6948","6716","20220408",""
"20220405","분당선","한티","13825","14816","20220408",""
"20220405","분당선","선릉","12863","19562","20220408",""
"20220405","과천선","범계","25397","25299","20220408",""
"20220405","과천선","평촌","17406","17107","20220408",""
"20220405","과천선","인덕원","23962","24572","20220408",""
"20220405","과천선","정부과천청사","10393","10246","20220408",""
"20220405","과천선","과천","6086","5650","20220408",""
"20220405","과천선","대공원","3364","3468","20220408",""
"20220405","과천선","경마공원","1459","1429","20220408",""
"20220405","과천선","선바위","8170","7271","20220408",""
"20220405","공항철도 1호선","영종","2945","2970","20220408",""
"20220405","공항철도 1호선","인천공항2터미널","2301","2168","20220408",""
"20220405","공항철도 1호선","인천공항1터미널","3858","4022","20220408",""
"20220405","공항철도 1호선","공항화물청사","2321","2516","20220408",""
"20220405","공항철도 1호선","운서","6578","6511","20220408",""
"20220405","공항철도 1호선","청라국제도시","6873","6460","20220408",""
"20220405","공항철도 1호선","검암","6362","6380","20220408",""
"20220405","공항철도 1호선","계양","10386","9878","20220408",""
"20220405","공항철도 1호선","김포공항","10490","5991","20220408",""
"20220405","공항철도 1호선","마곡나루(서울식물원)","8876","8697","20220408",""
"20220405","공항철도 1호선","디지털미디어시티","13542","12574","20220408",""
"20220405","공항철도 1호선","홍대입구","8342","8493","20220408",""
"20220405","공항철도 1호선","공덕","2189","2749","20220408",""
"20220405","공항철도 1호선","서울역","6734","6219","20220408",""
"20220405","경춘선","춘천","1465","1389","20220408",""
"20220405","경춘선","남춘천","2247","2241","20220408",""
"20220405","경춘선","김유정","276","291","20220408",""
"20220405","경춘선","강촌","406","426","20220408",""
"20220405","경춘선","백양리","87","84","20220408",""
"20220405","경춘선","굴봉산","143","144","20220408",""
"20220405","경춘선","가평","1464","1415","20220408",""
"20220405","경춘선","상천","299","291","20220408",""
"20220405","경춘선","청평","1524","1487","20220408",""
"20220405","경춘선","대성리","555","439","20220408",""
"20220405","경춘선","마석","3986","3981","20220408",""
"20220405","경춘선","천마산","1764","1600","20220408",""
"20220405","경춘선","평내호평","6358","6261","20220408",""
"20220405","경춘선","금곡","1571","1509","20220408",""
"20220405","경춘선","사릉","2561","2472","20220408",""
"20220405","경춘선","퇴계원","3525","3294","20220408",""
"20220405","경춘선","별내","3248","3054","20220408",""
"20220405","경춘선","갈매","3015","2661","20220408",""
"20220405","경춘선","신내","2273","2154","20220408",""
"20220405","경인선","도화","4153","3743","20220408",""
"20220405","경인선","중동","9270","8672","20220408",""
"20220405","경인선","온수(성공회대입구)","6973","6625","20220408",""
"20220405","경인선","도원","3133","3070","20220408",""
"20220405","경인선","간석","5930","5585","20220408",""
"20220405","경인선","부개","8528","7994","20220408",""
"20220405","경인선","소사","9078","8721","20220408",""
"20220405","경인선","구일","7643","7640","20220408",""
"20220405","경인선","인천","3420","2657","20220408",""
"20220405","경인선","동인천","13392","12505","20220408",""
"20220405","경인선","제물포","10932","10614","20220408",""
"20220405","경인선","주안","19094","17387","20220408",""
"20220405","경인선","동암","14069","14172","20220408",""
"20220405","경인선","백운","6880","6752","20220408",""
"20220405","경인선","부평","27010","28802","20220408",""
"20220405","경인선","송내","26802","26773","20220408",""
"20220405","경인선","부천","30876","30770","20220408",""
"20220405","경인선","역곡","28091","27549","20220408",""
"20220405","경인선","오류동","11686","10791","20220408",""
"20220405","경인선","개봉","20772","4896","20220408",""
"20220405","경의선","임진강","9","7","20220408",""
"20220405","경의선","문산","4941","4833","20220408",""
"20220405","경의선","파주","1531","1147","20220408",""
"20220405","경의선","월롱","2903","2738","20220408",""
"20220405","경의선","금촌","6218","6060","20220408",""
"20220405","경의선","금릉","4743","4645","20220408",""
"20220405","경의선","운정","7005","6492","20220408",""
"20220405","경의선","야당","7240","7336","20220408",""
"20220405","경의선","탄현","7637","7365","20220408",""
"20220405","경의선","일산","9499","9315","20220408",""
"20220405","경의선","풍산","5576","5187","20220408",""
"20220405","경의선","백마","6905","6691","20220408",""
"20220405","경의선","곡산","657","676","20220408",""
"20220405","경의선","능곡","3767","3517","20220408",""
"20220405","경의선","행신","7648","7841","20220408",""
"20220405","경의선","강매","3283","2882","20220408",""
"20220405","경의선","화전","3650","3412","20220408",""
"20220405","경의선","수색","2862","3003","20220408",""
"20220405","경의선","디지털미디어시티","2458","2224","20220408",""
"20220405","경의선","가좌","5365","5110","20220408",""
"20220405","경의선","홍대입구","1552","1696","20220408",""
"20220405","경의선","서강대","2053","2044","20220408",""
"20220405","경의선","공덕","3200","2950","20220408",""
"20220405","경의선","효창공원앞","3017","3205","20220408",""
"20220405","경의선","신촌","871","1106","20220408",""
"20220405","경의선","서울역","4273","5440","20220408",""
"20220405","경원선","소요산","2674","2370","20220408",""
"20220405","경원선","동두천","2781","2970","20220408",""
"20220405","경원선","보산","1429","1294","20220408",""
"20220405","경원선","동두천중앙","3306","3272","20220408",""
"20220405","경원선","지행","6450","6368","20220408",""
"20220405","경원선","덕정","6565","6395","20220408",""
"20220405","경원선","덕계","3422","3046","20220408",""
"20220405","경원선","양주","7943","7499","20220408",""
"20220405","경원선","녹양","4667","4377","20220408",""
"20220405","경원선","가능","6756","6475","20220408",""
"20220405","경원선","의정부","17614","18127","20220408",""
"20220405","경원선","회룡","12515","12494","20220408",""
"20220405","경원선","망월사","8520","8665","20220408",""
"20220405","경원선","도봉산","7956","5302","20220408",""
"20220405","경원선","도봉","5885","5755","20220408",""
"20220405","경원선","방학","9562","9384","20220408",""
"20220405","경원선","녹천","4794","3946","20220408",""
"20220405","경원선","월계","8138","7545","20220408",""
"20220405","경원선","광운대","8808","8762","20220408",""
"20220405","경원선","석계","8268","9176","20220408",""
"20220405","경원선","신이문","8279","7679","20220408",""
"20220405","경원선","외대앞","8259","8345","20220408",""
"20220405","경원선","청량리(서울시립대입구)","13649","14297","20220408",""
"20220405","경원선","왕십리(성동구청)","13663","14545","20220408",""
"20220405","경원선","응봉","2346","2309","20220408",""
"20220405","경원선","옥수","45","33","20220408",""
"20220405","경원선","한남","3927","3729","20220408",""
"20220405","경원선","서빙고","1976","1843","20220408",""
"20220405","경원선","이촌(국립중앙박물관)","3434","2709","20220408",""
"20220405","경부선","광명","3047","2598","20220408",""
"20220405","경부선","서동탄","1405","1193","20220408",""
"20220405","경부선","당정","6975","6581","20220408",""
"20220405","경부선","천안","6544","6247","20220408",""
"20220405","경부선","두정","7404","8087","20220408",""
"20220405","경부선","직산","838","841","20220408",""
"20220405","경부선","성환","4860","4800","20220408",""
"20220405","경부선","평택","11970","12169","20220408",""
"20220405","경부선","평택지제","3411","3222","20220408",""
"20220405","경부선","서정리","7225","6870","20220408",""
"20220405","경부선","송탄","4268","4070","20220408",""
"20220405","경부선","진위","1770","1558","20220408",""
"20220405","경부선","오산","9816","9770","20220408",""
"20220405","경부선","오산대","4131","3772","20220408",""
"20220405","경부선","세마","2852","2653","20220408",""
"20220405","경부선","병점","15424","15411","20220408",""
"20220405","경부선","세류","2868","2625","20220408",""
"20220405","경부선","독산","18641","19213","20220408",""
"20220405","경부선","수원","33421","35465","20220408",""
"20220405","경부선","화서","8261","7898","20220408",""
"20220405","경부선","성균관대","14967","14865","20220408",""
"20220405","경부선","의왕","9119","9075","20220408",""
"20220405","경부선","군포","7655","7708","20220408",""
"20220405","경부선","금정","26613","27143","20220408",""
"20220405","경부선","명학","10757","10695","20220408",""
"20220405","경부선","안양","25527","25251","20220408",""
"20220405","경부선","관악","7291","6723","20220408",""
"20220405","경부선","석수","9714","8627","20220408",""
"20220405","경부선","금천구청","11609","11647","20220408",""
"20220405","경부선","가산디지털단지","18282","21099","20220408",""
"20220405","경부선","구로","17813","18122","20220408",""
"20220405","경부선","신길","9041","7650","20220408",""
"20220405","경부선","신도림","4045","4087","20220408",""
"20220405","경부선","영등포","34070","34780","20220408",""
"20220405","경부선","대방","12813","13082","20220408",""
"20220405","경부선","노량진","7829","7860","20220408",""
"20220405","경부선","용산","27677","28142","20220408",""
"20220405","경부선","남영","9336","9909","20220408",""
"20220405","경부선","서울역","4939","1630","20220408",""
"20220405","경강선","여주","2407","2407","20220408",""
"20220405","경강선","세종대왕릉","314","298","20220408",""
"20220405","경강선","부발","1989","1964","20220408",""
"20220405","경강선","이천","2392","2546","20220408",""
"20220405","경강선","신둔도예촌","1669","1455","20220408",""
"20220405","경강선","곤지암","2137","2135","20220408",""
"20220405","경강선","초월","3181","3043","20220408",""
"20220405","경강선","경기광주","7648","7184","20220408",""
"20220405","경강선","삼동","2316","2126","20220408",""
"20220405","경강선","이매","1132","954","20220408",""
"20220405","경강선","판교","4396","4377","20220408",""
"20220405","9호선2~3단계","중앙보훈병원","10625","9421","20220408",""
"20220405","9호선2~3단계","둔촌오륜","1166","1081","20220408",""
"20220405","9호선2~3단계","올림픽공원(한국체대)","5800","5702","20220408",""
"20220405","9호선2~3단계","한성백제","2458","2141","20220408",""
"20220405","9호선2~3단계","송파나루","4991","5249","20220408",""
"20220405","9호선2~3단계","석촌","8356","7618","20220408",""
"20220405","9호선2~3단계","석촌고분","5886","5763","20220408",""
"20220405","9호선2~3단계","삼전","6606","6334","20220408",""
"20220405","9호선2~3단계","종합운동장","3954","4014","20220408",""
"20220405","9호선2~3단계","봉은사","14881","15059","20220408",""
"20220405","9호선2~3단계","삼성중앙","6534","6984","20220408",""
"20220405","9호선2~3단계","선정릉","9245","10294","20220408",""
"20220405","9호선2~3단계","언주","10029","10317","20220408",""
"20220405","9호선","신논현","29167","28786","20220408",""
"20220405","9호선","사평","3305","3243","20220408",""
"20220405","9호선","고속터미널","10885","13324","20220408",""
"20220405","9호선","신반포","3355","3190","20220408",""
"20220405","9호선","구반포","1242","1285","20220408",""
"20220405","9호선","동작(현충원)","2166","1772","20220408",""
"20220405","9호선","흑석(중앙대입구)","9121","9322","20220408",""
"20220405","9호선","노들","4280","3571","20220408",""
"20220405","9호선","노량진","25211","24666","20220408",""
"20220405","9호선","샛강","5660","5981","20220408",""
"20220405","9호선","여의도","26500","26078","20220408",""
"20220405","9호선","국회의사당","15455","16114","20220408",""
"20220405","9호선","당산","17515","17409","20220408",""
"20220405","9호선","선유도","8586","8236","20220408",""
"20220405","9호선","신목동","4093","3591","20220408",""
"20220405","9호선","염창","16754","16127","20220408",""
"20220405","9호선","등촌","10870","10483","20220408",""
"20220405","9호선","증미","7082","6931","20220408",""
"20220405","9호선","가양","20002","19339","20220408",""
"20220405","9호선","양천향교","9860","9983","20220408",""
"20220405","9호선","마곡나루(서울식물원)","11911","11661","20220408",""
"20220405","9호선","신방화","6645","6373","20220408",""
"20220405","9호선","공항시장","2970","3176","20220408",""
"20220405","9호선","김포공항","6598","9462","20220408",""
"20220405","9호선","개화","2519","1733","20220408",""
"20220405","8호선","남위례","4716","4966","20220408",""
"20220405","8호선","모란","4298","3448","20220408",""
"20220405","8호선","수진","5192","4729","20220408",""
"20220405","8호선","신흥","3897","4272","20220408",""
"20220405","8호선","단대오거리","10995","10495","20220408",""
"20220405","8호선","남한산성입구(성남법원.검찰청)","15621","14353","20220408",""
"20220405","8호선","산성","5360","5329","20220408",""
"20220405","8호선","복정","10004","8313","20220408",""
"20220405","8호선","장지","16476","15788","20220408",""
"20220405","8호선","문정","21615","22867","20220408",""
"20220405","8호선","가락시장","7452","8280","20220408",""
"20220405","8호선","송파","7783","7645","20220408",""
"20220405","8호선","석촌","7631","9196","20220408",""
"20220405","8호선","잠실(송파구청)","13821","16050","20220408",""
"20220405","8호선","몽촌토성(평화의문)","5933","5975","20220408",""
"20220405","8호선","강동구청","10064","10385","20220408",""
"20220405","8호선","천호(풍납토성)","14003","16000","20220408",""
"20220405","8호선","암사","18588","16324","20220408",""
"20220405","7호선","온수(성공회대입구)","10752","10110","20220408",""
"20220405","7호선","천왕","11370","10816","20220408",""
"20220405","7호선","광명사거리","21325","21047","20220408",""
"20220405","7호선","철산","20403","20703","20220408",""
"20220405","2호선","대림(구로구청)","23064","23589","20220408",""
"20220405","2호선","구로디지털단지","56798","56856","20220408",""
"20220405","2호선","신대방","26016","25289","20220408",""
"20220405","2호선","신림","60713","58617","20220408",""
"20220405","2호선","봉천","23090","21270","20220408",""
"20220405","우이신설선","가오리","4090","4032","20220408",""
"20220405","우이신설선","화계","3273","2997","20220408",""
"20220405","우이신설선","삼양","1979","2095","20220408",""
"20220405","우이신설선","삼양사거리","2400","2496","20220408",""
"20220405","우이신설선","솔샘","5666","5388","20220408",""
"20220405","우이신설선","북한산보국문","6016","5583","20220408",""
"20220405","우이신설선","정릉","4599","4316","20220408",""
"20220405","우이신설선","성신여대입구(돈암)","3094","3588","20220408",""
"20220405","우이신설선","보문","1440","1427","20220408",""
"20220405","우이신설선","신설동","2140","2066","20220408",""
"20220405","일산선","원흥","10590","10039","20220408",""
"20220405","일산선","삼송","19535","18866","20220408",""
"20220405","일산선","원당","11027","10521","20220408",""
"20220405","일산선","화정","16408","16806","20220408",""
"20220405","일산선","대곡","2159","1661","20220408",""
"20220405","일산선","백석","9356","9288","20220408",""
"20220405","일산선","마두","7323","7582","20220408",""
"20220405","일산선","정발산","6478","6570","20220408",""
"20220405","일산선","주엽","8589","8572","20220408",""
"20220405","일산선","대화","12169","9605","20220408",""
"20220405","장항선","봉명","1257","1267","20220408",""
"20220405","장항선","쌍용(나사렛대)","2963","2726","20220408",""
"20220405","장항선","아산","3608","3066","20220408",""
"20220405","장항선","탕정","774","645","20220408",""
"20220405","장항선","배방","1078","1045","20220408",""
"20220405","장항선","온양온천","3586","3697","20220408",""
"20220405","장항선","신창(순천향대)","2929","2933","20220408",""
"20220405","중앙선","회기","24375","23782","20220408",""
"20220405","중앙선","중랑","5513","5194","20220408",""
"20220405","중앙선","상봉(시외버스터미널)","5561","5562","20220408",""
"20220405","중앙선","망우","7695","7509","20220408",""
"20220405","중앙선","양원","3056","2888","20220408",""
"20220405","중앙선","구리","12897","13261","20220408",""
"20220405","중앙선","도농","10449","9548","20220408",""
"20220405","중앙선","양정","788","653","20220408",""
"20220405","중앙선","덕소","5574","5597","20220408",""
"20220405","중앙선","도심","2465","1965","20220408",""
"20220405","중앙선","팔당","916","962","20220408",""
"20220405","2호선","신도림","44532","44139","20220408",""
"20220405","2호선","문래","21268","21512","20220408",""
"20220405","2호선","영등포구청","21853","22607","20220408",""
"20220405","2호선","당산","18786","21282","20220408",""
"20220405","2호선","합정","28196","29408","20220408",""
"20220405","2호선","홍대입구","46307","48735","20220408",""
"20220405","2호선","신촌","30526","31307","20220408",""
"20220405","2호선","이대","13396","14332","20220408",""
"20220405","2호선","아현","10408","9946","20220408",""
"20220405","2호선","충정로(경기대입구)","9671","10266","20220408",""
"20220405","2호선","용답","3167","3332","20220408",""
"20220405","2호선","신답","1620","1853","20220408",""
"20220405","2호선","신설동","3041","1697","20220408",""
"20220405","2호선","도림천","1371","1519","20220408",""
"20220405","2호선","양천구청","6666","6896","20220408",""
"20220405","2호선","신정네거리","9936","10130","20220408",""
"20220405","2호선","용두(동대문구청)","2287","2381","20220408",""
"20220405","3호선","지축","4807","4550","20220408",""
"20220405","3호선","구파발","19893","19030","20220408",""
"20220405","3호선","연신내","35417","33436","20220408",""
"20220405","3호선","불광","15605","16711","20220408",""
"20220405","3호선","녹번","15302","13824","20220408",""
"20220405","3호선","홍제","17297","16300","20220408",""
"20220405","3호선","무악재","3726","3877","20220408",""
"20220405","3호선","독립문","6659","6958","20220408",""
"20220405","3호선","경복궁(정부서울청사)","20124","19601","20220408",""
"20220405","3호선","안국","20611","21851","20220408",""
"20220405","3호선","종로3가","9530","10858","20220408",""
"20220405","3호선","을지로3가","9798","10011","20220408",""
"20220405","3호선","동대입구","8772","9467","20220408",""
"20220405","3호선","약수","12554","12225","20220408",""
"20220405","3호선","금호","7536","7099","20220408",""
"20220405","3호선","옥수","8747","9024","20220408",""
"20220405","3호선","압구정","29701","31667","20220408",""
"20220405","3호선","신사","28419","29873","20220408",""
"20220405","3호선","잠원","4671","4566","20220408",""
"20220405","3호선","고속터미널","34412","32897","20220408",""
"20220405","3호선","교대(법원.검찰청)","13997","9240","20220408",""
"20220405","3호선","남부터미널(예술의전당)","27272","28059","20220408",""
"20220405","3호선","양재(서초구청)","36849","40111","20220408",""
"20220405","3호선","매봉","12055","11488","20220408",""
"20220405","3호선","도곡","5102","5323","20220408",""
"20220405","3호선","대치","10429","10591","20220408",""
"20220405","3호선","학여울","1729","1719","20220408",""
"20220405","3호선","대청","10097","9252","20220408",""
"20220405","3호선","일원","10438","9969","20220408",""
"20220405","3호선","수서","15553","15971","20220408",""
"20220405","3호선","가락시장","8523","8547","20220408",""
"20220405","3호선","경찰병원","6977","7014","20220408",""
"20220405","3호선","오금","6156","5616","20220408",""
"20220405","4호선","당고개","8996","8055","20220408",""
"20220405","4호선","상계","18970","17616","20220408",""
"20220405","4호선","노원","17832","19924","20220408",""
"20220405","4호선","창동","24406","25774","20220408",""
"20220405","4호선","쌍문","28380","26403","20220408",""
"20220405","4호선","수유(강북구청)","32784","32669","20220408",""
"20220405","4호선","미아(서울사이버대학)","15078","14834","20220408",""
"20220405","4호선","미아사거리","26452","25641","20220408",""
"20220405","4호선","길음","20605","20327","20220408",""
"20220405","4호선","성신여대입구(돈암)","20312","19279","20220408",""
"20220405","4호선","한성대입구(삼선교)","13869","13407","20220408",""
"20220405","4호선","혜화","31213","31353","20220408",""
"20220405","4호선","동대문","19037","19589","20220408",""
"20220405","4호선","동대문역사문화공원(DDP)","13417","12439","20220408",""
"20220405","4호선","충무로","27711","28145","20220408",""
"20220405","4호선","명동","18427","19101","20220408",""
"20220405","4호선","회현(남대문시장)","23607","25172","20220408",""
"20220405","4호선","서울역","10470","14314","20220408",""
"20220405","4호선","숙대입구(갈월)","13840","13393","20220408",""
"20220405","4호선","삼각지","4525","5106","20220408",""
"20220405","4호선","신용산","14716","15392","20220408",""
"20220405","4호선","이촌(국립중앙박물관)","6844","7518","20220408",""
"20220405","4호선","동작(현충원)","1645","1879","20220408",""
"20220405","4호선","총신대입구(이수)","18220","19675","20220408",""
"20220405","4호선","사당","23835","19968","20220408",""
"20220405","4호선","남태령","1151","998","20220408",""
"20220405","5호선","방화","6526","6284","20220408",""
"20220405","5호선","개화산","5464","5330","20220408",""
"20220405","5호선","김포공항","6385","6083","20220408",""
"20220405","5호선","송정","6328","6060","20220408",""
"20220405","5호선","마곡","10496","10506","20220408",""
"20220405","5호선","발산","19696","20223","20220408",""
"20220405","5호선","우장산","14450","14163","20220408",""
"20220405","5호선","화곡","27789","25957","20220408",""
"20220405","5호선","까치산","28357","26961","20220408",""
"20220405","5호선","신정(은행정)","13618","11178","20220408",""
"20220405","5호선","목동","16337","17445","20220408",""
"20220405","5호선","오목교(목동운동장앞)","20333","21669","20220408",""
"20220405","5호선","양평","7406","7341","20220408",""
"20220405","5호선","영등포구청","3955","4044","20220408",""
"20220405","5호선","영등포시장","9715","9993","20220408",""
"20220405","5호선","신길","4086","4339","20220408",""
"20220405","5호선","여의도","27841","29601","20220408",""
"20220405","5호선","여의나루","14504","15879","20220408",""
"20220405","5호선","마포","14119","14540","20220408",""
"20220405","5호선","공덕","13591","14414","20220408",""
"20220405","5호선","애오개","6709","6709","20220408",""
"20220405","5호선","충정로(경기대입구)","4828","4883","20220408",""
"20220405","5호선","서대문","19111","19461","20220408",""
"20220405","5호선","광화문(세종문화회관)","27544","29067","20220408",""
"20220405","5호선","종로3가","11380","11359","20220408",""
"20220405","5호선","을지로4가","6038","6020","20220408",""
"20220405","5호선","동대문역사문화공원(DDP)","2784","3236","20220408",""
"20220405","5호선","청구","3915","3545","20220408",""
"20220405","5호선","신금호","6406","6654","20220408",""
"20220405","5호선","행당","8010","7111","20220408",""
"20220405","5호선","왕십리(성동구청)","4409","4973","20220408",""
"20220405","5호선","마장","5576","5279","20220408",""
"20220405","5호선","답십리","15304","13952","20220408",""
"20220405","5호선","장한평","17774","17625","20220408",""
"20220405","5호선","군자(능동)","10747","11763","20220408",""
"20220405","5호선","아차산(어린이대공원후문)","15250","14680","20220408",""
"20220405","5호선","광나루(장신대)","13274","12169","20220408",""
"20220405","5호선","천호(풍납토성)","16777","16906","20220408",""
"20220405","5호선","강동","17988","17316","20220408",""
"20220405","5호선","길동","7795","8037","20220408",""
"20220405","5호선","굽은다리(강동구민회관앞)","9060","8513","20220408",""
"20220405","5호선","명일","8483","8735","20220408",""
"20220405","5호선","고덕","9468","9365","20220408",""
"20220405","5호선","상일동","14535","13595","20220408",""
"20220405","5호선","둔촌동","8230","8254","20220408",""
"20220406","6호선","창신","3588","2947","20220409",""
"20220406","6호선","동묘앞","7521","7695","20220409",""
"20220406","6호선","신당","8312","8631","20220409",""
"20220406","6호선","청구","3659","3943","20220409",""
"20220406","6호선","약수","3547","3602","20220409",""
"20220406","6호선","버티고개","2092","2029","20220409",""
"20220406","6호선","한강진","7128","8303","20220409",""
"20220406","6호선","이태원","8941","9231","20220409",""
"20220406","6호선","녹사평(용산구청)","4468","4475","20220409",""
"20220406","6호선","삼각지","6114","5541","20220409",""
"20220406","6호선","효창공원앞","7156","6658","20220409",""
"20220406","6호선","공덕","17622","17310","20220409",""
"20220406","6호선","대흥(서강대앞)","8270","8595","20220409",""
"20220406","6호선","광흥창(서강)","8777","8645","20220409",""
"20220406","6호선","상수","8065","9308","20220409",""
"20220406","6호선","합정","12321","12254","20220409",""
"20220406","6호선","망원","13350","13894","20220409",""
"20220406","6호선","마포구청","13657","12344","20220409",""
"20220406","6호선","디지털미디어시티","13588","14790","20220409",""
"20220406","6호선","증산(명지대앞)","10050","10146","20220409",""
"20220406","6호선","새절(신사)","12877","12266","20220409",""
"20220406","6호선","구산","7850","5733","20220409",""
"20220406","6호선","독바위","2680","2797","20220409",""
"20220406","6호선","불광","4225","4230","20220409",""
"20220406","6호선","역촌","3631","4266","20220409",""
"20220406","6호선","응암","17511","17353","20220409",""
"20220406","5호선","하남검단산","5463","5196","20220409",""
"20220406","5호선","하남시청(덕풍·신장)","6714","6426","20220409",""
"20220406","5호선","하남풍산","4290","4299","20220409",""
"20220406","5호선","미사","15604","15624","20220409",""
"20220406","5호선","강일","4056","3892","20220409",""
"20220406","5호선","마천","7120","6841","20220409",""
"20220406","5호선","거여","10055","9550","20220409",""
"20220406","5호선","개롱","6360","6582","20220409",""
"20220406","5호선","오금","3742","3773","20220409",""
"20220406","5호선","방이","6848","7025","20220409",""
"20220406","5호선","올림픽공원(한국체대)","4399","3845","20220409",""
"20220406","5호선","둔촌동","8387","8129","20220409",""
"20220406","5호선","상일동","14749","13581","20220409",""
"20220406","5호선","고덕","9431","9262","20220409",""
"20220406","5호선","명일","8780","9013","20220409",""
"20220406","5호선","굽은다리(강동구민회관앞)","9231","8815","20220409",""
"20220406","5호선","길동","7598","8013","20220409",""
"20220406","5호선","강동","18101","17347","20220409",""
"20220406","5호선","천호(풍납토성)","16836","17038","20220409",""
"20220406","5호선","광나루(장신대)","13435","11981","20220409",""
"20220406","5호선","아차산(어린이대공원후문)","15254","14752","20220409",""
"20220406","5호선","군자(능동)","10807","11916","20220409",""
"20220406","5호선","장한평","18439","18250","20220409",""
"20220406","5호선","답십리","15700","14243","20220409",""
"20220406","5호선","마장","5714","5368","20220409",""
"20220406","5호선","왕십리(성동구청)","4403","5136","20220409",""
"20220406","5호선","행당","8016","7083","20220409",""
"20220406","5호선","신금호","6441","6778","20220409",""
"20220406","5호선","동대문역사문화공원(DDP)","2686","3155","20220409",""
"20220406","5호선","을지로4가","6138","6168","20220409",""
"20220406","5호선","종로3가","11868","11651","20220409",""
"20220406","5호선","광화문(세종문화회관)","28545","29991","20220409",""
"20220406","5호선","서대문","19373","19438","20220409",""
"20220406","5호선","충정로(경기대입구)","4744","4840","20220409",""
"20220406","5호선","애오개","6648","6730","20220409",""
"20220406","5호선","공덕","13834","14620","20220409",""
"20220406","5호선","마포","14187","14405","20220409",""
"20220406","5호선","여의도","28416","30590","20220409",""
"20220406","5호선","신길","4064","4285","20220409",""
"20220406","5호선","영등포시장","9762","9961","20220409",""
"20220406","5호선","영등포구청","3974","4089","20220409",""
"20220406","5호선","양평","7483","7301","20220409",""
"20220406","5호선","오목교(목동운동장앞)","20610","22207","20220409",""
"20220406","5호선","목동","16518","17703","20220409",""
"20220406","5호선","신정(은행정)","13697","11136","20220409",""
"20220406","5호선","까치산","28359","27097","20220409",""
"20220406","5호선","화곡","28101","26269","20220409",""
"20220406","5호선","우장산","14614","14376","20220409",""
"20220406","5호선","발산","20124","20582","20220409",""
"20220406","5호선","마곡","10446","10467","20220409",""
"20220406","5호선","송정","6407","6023","20220409",""
"20220406","5호선","김포공항","6119","6295","20220409",""
"20220406","5호선","개화산","5557","5314","20220409",""
"20220406","5호선","방화","6597","6289","20220409",""
"20220406","4호선","남태령","1202","1008","20220409",""
"20220406","4호선","사당","24108","20061","20220409",""
"20220406","4호선","총신대입구(이수)","18707","20012","20220409",""
"20220406","4호선","동작(현충원)","1716","1953","20220409",""
"20220406","4호선","이촌(국립중앙박물관)","6886","7671","20220409",""
"20220406","4호선","신용산","14814","15561","20220409",""
"20220406","4호선","삼각지","4707","5133","20220409",""
"20220406","4호선","숙대입구(갈월)","14143","13505","20220409",""
"20220406","4호선","서울역","10511","14687","20220409",""
"20220406","4호선","회현(남대문시장)","23433","24868","20220409",""
"20220406","수인선","연수","4621","4553","20220409",""
"20220406","수인선","송도","2565","2432","20220409",""
"20220406","수인선","인하대","7007","6788","20220409",""
"20220406","수인선","숭의","4030","3770","20220409",""
"20220406","수인선","신포","1909","1914","20220409",""
"20220406","수인선","인천","983","1672","20220409",""
"20220406","중앙선","지평","85","94","20220409",""
"20220406","중앙선","용문","1830","1721","20220409",""
"20220406","중앙선","원덕","471","438","20220409",""
"20220406","중앙선","양평","2687","2731","20220409",""
"20220406","중앙선","오빈","338","333","20220409",""
"20220406","중앙선","아신","548","508","20220409",""
"20220406","중앙선","국수","752","776","20220409",""
"20220406","중앙선","신원","241","215","20220409",""
"20220406","중앙선","양수","1949","1983","20220409",""
"20220406","중앙선","운길산","952","869","20220409",""
"20220406","중앙선","팔당","870","911","20220409",""
"20220406","중앙선","도심","2417","1837","20220409",""
"20220406","중앙선","덕소","5364","5540","20220409",""
"20220406","중앙선","양정","740","637","20220409",""
"20220406","중앙선","도농","10585","9610","20220409",""
"20220406","중앙선","구리","13084","13355","20220409",""
"20220406","중앙선","양원","3082","2917","20220409",""
"20220406","중앙선","망우","7652","7591","20220409",""
"20220406","중앙선","상봉(시외버스터미널)","5651","5636","20220409",""
"20220406","중앙선","중랑","5679","5323","20220409",""
"20220406","중앙선","회기","24846","24284","20220409",""
"20220406","장항선","신창(순천향대)","3029","2776","20220409",""
"20220406","장항선","온양온천","3629","3699","20220409",""
"20220406","장항선","배방","1127","1133","20220409",""
"20220406","4호선","명동","19315","19734","20220409",""
"20220406","4호선","충무로","28169","28788","20220409",""
"20220406","4호선","동대문역사문화공원(DDP)","13845","12858","20220409",""
"20220406","4호선","동대문","19310","19596","20220409",""
"20220406","4호선","혜화","31369","31332","20220409",""
"20220406","4호선","한성대입구(삼선교)","13914","13821","20220409",""
"20220406","4호선","성신여대입구(돈암)","20879","19657","20220409",""
"20220406","4호선","길음","20762","20723","20220409",""
"20220406","4호선","미아사거리","26547","25750","20220409",""
"20220406","4호선","미아(서울사이버대학)","15100","14668","20220409",""
"20220406","4호선","수유(강북구청)","32778","32813","20220409",""
"20220406","4호선","쌍문","28734","26410","20220409",""
"20220406","4호선","창동","24488","26043","20220409",""
"20220406","4호선","노원","18172","20304","20220409",""
"20220406","4호선","상계","19179","17790","20220409",""
"20220406","4호선","당고개","8956","7992","20220409",""
"20220406","3호선","오금","6073","5532","20220409",""
"20220406","3호선","경찰병원","7096","7003","20220409",""
"20220406","3호선","가락시장","8663","8625","20220409",""
"20220406","3호선","수서","15900","16138","20220409",""
"20220406","3호선","일원","10226","9812","20220409",""
"20220406","3호선","대청","10198","9279","20220409",""
"20220406","3호선","학여울","1855","1927","20220409",""
"20220406","3호선","대치","10267","10350","20220409",""
"20220406","3호선","도곡","5283","5571","20220409",""
"20220406","3호선","매봉","12210","11658","20220409",""
"20220406","3호선","양재(서초구청)","36856","40218","20220409",""
"20220406","3호선","남부터미널(예술의전당)","27597","28133","20220409",""
"20220406","3호선","교대(법원.검찰청)","14004","9249","20220409",""
"20220406","3호선","고속터미널","34523","33086","20220409",""
"20220406","3호선","잠원","4645","4662","20220409",""
"20220406","3호선","신사","28247","29354","20220409",""
"20220406","3호선","압구정","28959","31081","20220409",""
"20220406","3호선","옥수","8671","8821","20220409",""
"20220406","3호선","금호","7822","7198","20220409",""
"20220406","3호선","약수","12880","12528","20220409",""
"20220406","3호선","동대입구","8313","9360","20220409",""
"20220406","5호선","청구","3989","3657","20220409",""
"20220406","3호선","안국","21173","22128","20220409",""
"20220406","3호선","경복궁(정부서울청사)","22048","21733","20220409",""
"20220406","3호선","독립문","6829","7224","20220409",""
"20220406","3호선","무악재","3778","3914","20220409",""
"20220406","3호선","홍제","17525","16541","20220409",""
"20220406","3호선","녹번","15566","13903","20220409",""
"20220406","3호선","불광","15433","16526","20220409",""
"20220406","3호선","연신내","35745","33706","20220409",""
"20220406","3호선","구파발","19926","19056","20220409",""
"20220406","3호선","지축","4891","4595","20220409",""
"20220406","2호선","용두(동대문구청)","2301","2372","20220409",""
"20220406","2호선","신정네거리","10007","10300","20220409",""
"20220406","2호선","양천구청","6543","6804","20220409",""
"20220406","2호선","도림천","1426","1480","20220409",""
"20220406","2호선","신설동","3124","1792","20220409",""
"20220406","2호선","신답","1583","1872","20220409",""
"20220406","2호선","용답","3236","3194","20220409",""
"20220406","2호선","충정로(경기대입구)","9860","10446","20220409",""
"20220406","2호선","아현","10485","9846","20220409",""
"20220406","2호선","이대","13657","14536","20220409",""
"20220406","2호선","신촌","30966","31609","20220409",""
"20220406","2호선","홍대입구","48396","50874","20220409",""
"20220406","2호선","합정","29419","30774","20220409",""
"20220406","2호선","당산","18867","21555","20220409",""
"20220406","2호선","영등포구청","22325","23027","20220409",""
"20220406","2호선","문래","21645","21995","20220409",""
"20220406","2호선","신도림","45429","45315","20220409",""
"20220406","2호선","대림(구로구청)","23199","23619","20220409",""
"20220406","2호선","구로디지털단지","56841","57080","20220409",""
"20220406","2호선","신대방","26097","25586","20220409",""
"20220406","2호선","신림","61277","59160","20220409",""
"20220406","2호선","봉천","23484","21744","20220409",""
"20220406","2호선","서울대입구(관악구청)","46769","45779","20220409",""
"20220406","2호선","낙성대(강감찬)","26770","25864","20220409",""
"20220406","2호선","사당","35073","38984","20220409",""
"20220406","2호선","방배","18842","19735","20220409",""
"20220406","2호선","서초","20931","20366","20220409",""
"20220406","2호선","교대(법원.검찰청)","32786","36807","20220409",""
"20220406","2호선","강남","77317","76566","20220409",""
"20220406","2호선","역삼","50138","56131","20220409",""
"20220406","2호선","선릉","54844","48990","20220409",""
"20220406","2호선","삼성(무역센터)","48922","49802","20220409",""
"20220406","2호선","종합운동장","9618","10406","20220409",""
"20220406","2호선","잠실새내","20300","20153","20220409",""
"20220406","2호선","잠실(송파구청)","73160","73639","20220409",""
"20220406","2호선","잠실나루","14257","13973","20220409",""
"20220406","2호선","강변(동서울터미널)","27822","25658","20220409",""
"20220406","2호선","구의(광진구청)","22931","22305","20220409",""
"20220406","2호선","건대입구","33968","36257","20220409",""
"20220406","2호선","성수","36457","39851","20220409",""
"20220406","2호선","뚝섬","22041","23350","20220409",""
"20220406","2호선","한양대","14838","16430","20220409",""
"20220406","2호선","왕십리(성동구청)","16376","13195","20220409",""
"20220406","2호선","상왕십리","14067","13574","20220409",""
"20220406","2호선","신당","13665","14209","20220409",""
"20220406","2호선","동대문역사문화공원(DDP)","11385","12849","20220409",""
"20220406","2호선","을지로4가","12476","12395","20220409",""
"20220406","2호선","을지로3가","21494","21608","20220409",""
"20220406","2호선","을지로입구","36446","37768","20220409",""
"20220406","2호선","시청","22592","22337","20220409",""
"20220406","1호선","동묘앞","7881","8398","20220409",""
"20220406","1호선","청량리(서울시립대입구)","19081","19041","20220409",""
"20220406","1호선","제기동","16886","17057","20220409",""
"20220406","1호선","신설동","13589","13280","20220409",""
"20220406","1호선","동대문","10441","9838","20220409",""
"20220406","1호선","종로5가","21565","21739","20220409",""
"20220406","1호선","종로3가","23789","21607","20220409",""
"20220406","1호선","종각","32109","31388","20220409",""
"20220406","1호선","시청","21854","22135","20220409",""
"20220406","1호선","서울역","38934","37846","20220409",""
"20220406","안산선","산본","15714","16898","20220409",""
"20220406","안산선","대야미","5146","4761","20220409",""
"20220406","안산선","반월","4367","4229","20220409",""
"20220406","안산선","상록수","16033","16409","20220409",""
"20220406","안산선","한대앞","10468","10388","20220409",""
"20220406","안산선","중앙","17667","18402","20220409",""
"20220406","안산선","고잔","8939","8608","20220409",""
"20220406","안산선","초지","5140","5484","20220409",""
"20220406","안산선","안산","11421","10385","20220409",""
"20220406","안산선","신길온천","1751","1629","20220409",""
"20220406","장항선","탕정","788","693","20220409",""
"20220406","장항선","아산","3737","3259","20220409",""
"20220406","장항선","쌍용(나사렛대)","2881","2728","20220409",""
"20220406","장항선","봉명","1260","1260","20220409",""
"20220406","일산선","대화","12260","9804","20220409",""
"20220406","일산선","주엽","8851","8886","20220409",""
"20220406","일산선","정발산","6689","6925","20220409",""
"20220406","일산선","마두","7478","7543","20220409",""
"20220406","일산선","백석","9337","9309","20220409",""
"20220406","일산선","대곡","2200","1842","20220409",""
"20220406","일산선","화정","16513","16919","20220409",""
"20220406","일산선","원당","11234","10614","20220409",""
"20220406","일산선","삼송","19644","18903","20220409",""
"20220406","일산선","원흥","10755","10297","20220409",""
"20220406","우이신설선","신설동","2219","2067","20220409",""
"20220406","우이신설선","보문","1411","1484","20220409",""
"20220406","우이신설선","성신여대입구(돈암)","3233","3519","20220409",""
"20220406","우이신설선","정릉","4717","4238","20220409",""
"20220406","우이신설선","북한산보국문","6024","5756","20220409",""
"20220406","우이신설선","솔샘","5796","5395","20220409",""
"20220406","우이신설선","삼양사거리","2411","2433","20220409",""
"20220406","3호선","충무로","3","0","20220409",""
"20220406","5호선","여의나루","16869","18246","20220409",""
"20220406","3호선","을지로3가","9884","10227","20220409",""
"20220406","3호선","종로3가","9503","11006","20220409",""
"20220406","우이신설선","삼양","1996","2110","20220409",""
"20220406","우이신설선","화계","3330","3131","20220409",""
"20220406","우이신설선","가오리","4172","4087","20220409",""
"20220406","우이신설선","4.19민주묘지","3868","3703","20220409",""
"20220406","우이신설선","솔밭공원","2548","2440","20220409",""
"20220406","우이신설선","북한산우이","2743","2473","20220409",""
"20220406","안산선","수리산","4261","3496","20220409",""
"20220406","안산선","오이도","8291","8228","20220409",""
"20220406","안산선","정왕","9990","10264","20220409",""
"20220406","수인선","원인재","4413","4743","20220409",""
"20220406","수인선","남동인더스파크","2239","2578","20220409",""
"20220406","수인선","호구포","4125","4274","20220409",""
"20220406","수인선","인천논현","5696","6113","20220409",""
"20220406","수인선","소래포구","5695","5337","20220409",""
"20220406","수인선","월곶","2968","2709","20220409",""
"20220406","수인선","달월","107","74","20220409",""
"20220406","수인선","사리","4858","4284","20220409",""
"20220406","수인선","야목","406","292","20220409",""
"20220406","수인선","어천","731","751","20220409",""
"20220406","수인선","오목천","3617","3287","20220409",""
"20220406","수인선","고색","5290","5093","20220409",""
"20220406","분당선","매교","3255","3229","20220409",""
"20220406","분당선","수원시청","12187","12992","20220409",""
"20220406","분당선","매탄권선","5115","4867","20220409",""
"20220406","분당선","망포","13855","13292","20220409",""
"20220406","분당선","영통","8023","8188","20220409",""
"20220406","분당선","청명","4148","4021","20220409",""
"20220406","분당선","상갈","5323","5196","20220409",""
"20220406","분당선","기흥","9988","9416","20220409",""
"20220406","분당선","신갈","4324","4387","20220409",""
"20220406","분당선","구성","4860","5121","20220409",""
"20220406","분당선","죽전","14079","15388","20220409",""
"20220406","분당선","보정","2615","2284","20220409",""
"20220406","분당선","이매","5707","5368","20220409",""
"20220406","분당선","오리","11523","9463","20220409",""
"20220406","분당선","미금","15381","16061","20220409",""
"20220406","분당선","정자","16653","17706","20220409",""
"20220406","6호선","월드컵경기장(성산)","6084","6249","20220409",""
"20220406","분당선","수내","12932","13026","20220409",""
"20220406","분당선","서현","22642","23027","20220409",""
"20220406","분당선","야탑","25883","26997","20220409",""
"20220406","분당선","모란","19483","19947","20220409",""
"20220406","분당선","태평","13105","12633","20220409",""
"20220406","분당선","가천대","9845","10844","20220409",""
"20220406","분당선","선정릉","7919","8489","20220409",""
"20220406","분당선","강남구청","10047","11349","20220409",""
"20220406","분당선","압구정로데오","17717","19476","20220409",""
"20220406","분당선","서울숲","12061","12602","20220409",""
"20220406","분당선","수원","8089","6824","20220409",""
"20220406","분당선","수서","12961","12951","20220409",""
"20220406","분당선","대모산입구","4455","4203","20220409",""
"20220406","분당선","개포동","4067","4144","20220409",""
"20220406","분당선","구룡","2428","2349","20220409",""
"20220406","분당선","도곡","6969","6914","20220409",""
"20220406","분당선","한티","13593","14647","20220409",""
"20220406","분당선","선릉","13149","19600","20220409",""
"20220406","과천선","범계","25760","25801","20220409",""
"20220406","과천선","평촌","17685","17370","20220409",""
"20220406","과천선","인덕원","24095","24760","20220409",""
"20220406","과천선","정부과천청사","10521","10465","20220409",""
"20220406","과천선","과천","6287","5752","20220409",""
"20220406","과천선","대공원","3452","3596","20220409",""
"20220406","과천선","경마공원","1669","1587","20220409",""
"20220406","과천선","선바위","7980","7203","20220409",""
"20220406","공항철도 1호선","영종","3043","3049","20220409",""
"20220406","공항철도 1호선","인천공항2터미널","2309","2092","20220409",""
"20220406","공항철도 1호선","인천공항1터미널","4272","4045","20220409",""
"20220406","공항철도 1호선","공항화물청사","2321","2485","20220409",""
"20220406","공항철도 1호선","운서","6714","6682","20220409",""
"20220406","공항철도 1호선","청라국제도시","6883","6503","20220409",""
"20220406","공항철도 1호선","검암","6478","6506","20220409",""
"20220406","공항철도 1호선","계양","10420","9812","20220409",""
"20220406","공항철도 1호선","김포공항","10261","6010","20220409",""
"20220406","공항철도 1호선","마곡나루(서울식물원)","8950","8716","20220409",""
"20220406","공항철도 1호선","디지털미디어시티","13601","12603","20220409",""
"20220406","공항철도 1호선","홍대입구","8819","8663","20220409",""
"20220406","공항철도 1호선","공덕","2167","2828","20220409",""
"20220406","공항철도 1호선","서울역","6873","6352","20220409",""
"20220406","경춘선","춘천","1477","1316","20220409",""
"20220406","경춘선","남춘천","2240","2152","20220409",""
"20220406","경춘선","김유정","291","324","20220409",""
"20220406","경춘선","강촌","417","454","20220409",""
"20220406","경춘선","백양리","76","80","20220409",""
"20220406","경춘선","굴봉산","139","124","20220409",""
"20220406","경춘선","가평","1426","1454","20220409",""
"20220406","경춘선","상천","301","288","20220409",""
"20220406","경춘선","청평","1553","1487","20220409",""
"20220406","경춘선","대성리","529","503","20220409",""
"20220406","경춘선","마석","3974","3950","20220409",""
"20220406","경춘선","천마산","1717","1573","20220409",""
"20220406","경춘선","평내호평","6292","6247","20220409",""
"20220406","경춘선","금곡","1579","1506","20220409",""
"20220406","경춘선","사릉","2639","2584","20220409",""
"20220406","경춘선","퇴계원","3493","3231","20220409",""
"20220406","경춘선","별내","3133","3103","20220409",""
"20220406","경춘선","갈매","3053","2682","20220409",""
"20220406","경춘선","신내","2340","2191","20220409",""
"20220406","경인선","도화","4269","3952","20220409",""
"20220406","경인선","중동","9506","8786","20220409",""
"20220406","경인선","온수(성공회대입구)","7113","6700","20220409",""
"20220406","경인선","도원","3222","3169","20220409",""
"20220406","경인선","간석","5892","5690","20220409",""
"20220406","경인선","부개","8709","8114","20220409",""
"20220406","경인선","소사","9197","8735","20220409",""
"20220406","경인선","구일","7828","7801","20220409",""
"20220406","경인선","인천","3495","2694","20220409",""
"20220406","경인선","동인천","14121","13320","20220409",""
"20220406","경인선","제물포","10887","10426","20220409",""
"20220406","경인선","주안","19472","17937","20220409",""
"20220406","경인선","동암","14331","14424","20220409",""
"20220406","경인선","백운","7080","6916","20220409",""
"20220406","경인선","부평","27819","29837","20220409",""
"20220406","경인선","송내","27130","27081","20220409",""
"20220406","경인선","부천","32066","32249","20220409",""
"20220406","경인선","역곡","28317","27796","20220409",""
"20220406","경인선","오류동","11973","11080","20220409",""
"20220406","경인선","개봉","21208","20859","20220409",""
"20220406","경의선","검암","1","0","20220409",""
"20220406","경의선","계양","1","0","20220409",""
"20220406","경의선","임진강","10","35","20220409",""
"20220406","경의선","문산","5114","4916","20220409",""
"20220406","경의선","파주","1493","1169","20220409",""
"20220406","경의선","월롱","2984","2775","20220409",""
"20220406","경의선","금촌","6761","6827","20220409",""
"20220406","경의선","금릉","4889","4806","20220409",""
"20220406","경의선","운정","7152","6762","20220409",""
"20220406","경의선","야당","7595","7462","20220409",""
"20220406","경의선","탄현","7792","7378","20220409",""
"20220406","경의선","일산","9530","9403","20220409",""
"20220406","경의선","풍산","5568","5086","20220409",""
"20220406","경의선","백마","7072","6859","20220409",""
"20220406","경의선","곡산","616","656","20220409",""
"20220406","경의선","능곡","3963","3776","20220409",""
"20220406","경의선","행신","7680","7875","20220409",""
"20220406","경의선","강매","3308","2877","20220409",""
"20220406","경의선","화전","3601","3404","20220409",""
"20220406","경의선","수색","2769","2952","20220409",""
"20220406","경의선","디지털미디어시티","2464","2278","20220409",""
"20220406","경의선","가좌","5407","5227","20220409",""
"20220406","경의선","홍대입구","1640","1829","20220409",""
"20220406","경의선","서강대","2112","2029","20220409",""
"20220406","경의선","공덕","3313","2961","20220409",""
"20220406","경의선","효창공원앞","3245","3493","20220409",""
"20220406","경의선","신촌","809","1095","20220409",""
"20220406","경의선","서울역","4389","5488","20220409",""
"20220406","경원선","소요산","2747","2260","20220409",""
"20220406","경원선","동두천","2613","2874","20220409",""
"20220406","경원선","보산","1459","1367","20220409",""
"20220406","경원선","동두천중앙","3128","2992","20220409",""
"20220406","경원선","지행","6613","6680","20220409",""
"20220406","경원선","덕정","6075","5913","20220409",""
"20220406","경원선","덕계","3382","3045","20220409",""
"20220406","경원선","양주","8040","7464","20220409",""
"20220406","경원선","녹양","4718","4427","20220409",""
"20220406","경원선","가능","6724","6478","20220409",""
"20220406","경원선","의정부","17659","18257","20220409",""
"20220406","경원선","회룡","12691","12664","20220409",""
"20220406","경원선","망월사","9523","9678","20220409",""
"20220406","경원선","도봉산","7851","5297","20220409",""
"20220406","경원선","도봉","5988","5645","20220409",""
"20220406","경원선","방학","9704","9582","20220409",""
"20220406","경원선","녹천","4781","4006","20220409",""
"20220406","경원선","월계","8445","7804","20220409",""
"20220406","경원선","광운대","9105","8912","20220409",""
"20220406","경원선","석계","8281","9309","20220409",""
"20220406","경원선","신이문","8288","7721","20220409",""
"20220406","경원선","외대앞","8267","8349","20220409",""
"20220406","경원선","청량리(서울시립대입구)","13541","14242","20220409",""
"20220406","경원선","왕십리(성동구청)","13970","14911","20220409",""
"20220406","경원선","응봉","2216","2361","20220409",""
"20220406","경원선","옥수","39","23","20220409",""
"20220406","경원선","한남","3953","3812","20220409",""
"20220406","경원선","서빙고","1989","1923","20220409",""
"20220406","경원선","이촌(국립중앙박물관)","3593","2775","20220409",""
"20220406","경부선","광명","3005","2646","20220409",""
"20220406","경부선","서동탄","1421","1273","20220409",""
"20220406","경부선","당정","7300","6850","20220409",""
"20220406","경부선","천안","6631","6169","20220409",""
"20220406","경부선","두정","7598","8092","20220409",""
"20220406","경부선","직산","837","814","20220409",""
"20220406","경부선","성환","5602","5501","20220409",""
"20220406","경부선","평택","11988","12130","20220409",""
"20220406","경부선","평택지제","3369","3207","20220409",""
"20220406","경부선","서정리","7424","6881","20220409",""
"20220406","경부선","송탄","4327","4160","20220409",""
"20220406","경부선","진위","1785","1515","20220409",""
"20220406","경부선","오산","9735","9757","20220409",""
"20220406","경부선","오산대","4164","3878","20220409",""
"20220406","경부선","세마","2842","2676","20220409",""
"20220406","경부선","병점","15362","15364","20220409",""
"20220406","경부선","세류","2907","2688","20220409",""
"20220406","경부선","독산","18475","19249","20220409",""
"20220406","경부선","수원","33684","35910","20220409",""
"20220406","경부선","화서","8152","7842","20220409",""
"20220406","경부선","성균관대","14841","14721","20220409",""
"20220406","경부선","의왕","9420","9339","20220409",""
"20220406","경부선","군포","7858","7737","20220409",""
"20220406","경부선","금정","26856","27170","20220409",""
"20220406","경부선","명학","10691","10571","20220409",""
"20220406","경부선","안양","25937","25570","20220409",""
"20220406","경부선","관악","7366","6730","20220409",""
"20220406","경부선","석수","9993","8730","20220409",""
"20220406","경부선","금천구청","11787","11859","20220409",""
"20220406","경부선","가산디지털단지","18438","20977","20220409",""
"20220406","경부선","구로","18029","18633","20220409",""
"20220406","경부선","신길","9278","7851","20220409",""
"20220406","경부선","신도림","4176","4282","20220409",""
"20220406","경부선","영등포","34072","35083","20220409",""
"20220406","경부선","대방","13038","13320","20220409",""
"20220406","경부선","노량진","8050","8343","20220409",""
"20220406","경부선","용산","28346","28648","20220409",""
"20220406","경부선","남영","9541","10178","20220409",""
"20220406","경부선","서울역","4840","1684","20220409",""
"20220406","경강선","여주","2409","2346","20220409",""
"20220406","경강선","세종대왕릉","278","293","20220409",""
"20220406","경강선","부발","1972","1964","20220409",""
"20220406","경강선","이천","2446","2462","20220409",""
"20220406","경강선","신둔도예촌","1597","1442","20220409",""
"20220406","경강선","곤지암","2263","2232","20220409",""
"20220406","경강선","초월","3091","2952","20220409",""
"20220406","경강선","경기광주","7533","7162","20220409",""
"20220406","경강선","삼동","2326","2146","20220409",""
"20220406","경강선","이매","1095","970","20220409",""
"20220406","경강선","판교","4566","4440","20220409",""
"20220406","9호선2~3단계","중앙보훈병원","10856","9618","20220409",""
"20220406","9호선2~3단계","둔촌오륜","1222","1125","20220409",""
"20220406","9호선2~3단계","올림픽공원(한국체대)","5931","6038","20220409",""
"20220406","9호선2~3단계","한성백제","2546","2202","20220409",""
"20220406","9호선2~3단계","송파나루","5318","5683","20220409",""
"20220406","9호선2~3단계","석촌","8916","8119","20220409",""
"20220406","9호선2~3단계","석촌고분","6023","5829","20220409",""
"20220406","9호선2~3단계","삼전","6619","6346","20220409",""
"20220406","9호선2~3단계","종합운동장","4051","4206","20220409",""
"20220406","9호선2~3단계","봉은사","15416","15900","20220409",""
"20220406","9호선2~3단계","삼성중앙","6624","6953","20220409",""
"20220406","9호선2~3단계","선정릉","9502","10407","20220409",""
"20220406","9호선2~3단계","언주","9864","10169","20220409",""
"20220406","9호선","신논현","29183","28822","20220409",""
"20220406","9호선","사평","3400","3309","20220409",""
"20220406","9호선","고속터미널","11326","13586","20220409",""
"20220406","9호선","신반포","3405","3365","20220409",""
"20220406","9호선","구반포","1339","1343","20220409",""
"20220406","9호선","동작(현충원)","2297","1840","20220409",""
"20220406","9호선","흑석(중앙대입구)","9202","9202","20220409",""
"20220406","9호선","노들","4428","3660","20220409",""
"20220406","9호선","노량진","25794","24907","20220409",""
"20220406","9호선","샛강","5967","6155","20220409",""
"20220406","9호선","여의도","27264","26912","20220409",""
"20220406","9호선","국회의사당","16374","16986","20220409",""
"20220406","9호선","당산","17858","17653","20220409",""
"20220406","9호선","선유도","8604","8245","20220409",""
"20220406","9호선","신목동","4146","3620","20220409",""
"20220406","9호선","염창","16884","16360","20220409",""
"20220406","9호선","등촌","10981","10478","20220409",""
"20220406","9호선","증미","6983","6731","20220409",""
"20220406","9호선","가양","20275","19569","20220409",""
"20220406","9호선","양천향교","9813","10052","20220409",""
"20220406","9호선","마곡나루(서울식물원)","11971","11845","20220409",""
"20220406","9호선","신방화","6754","6561","20220409",""
"20220406","9호선","공항시장","2922","3232","20220409",""
"20220406","9호선","김포공항","6241","9756","20220409",""
"20220406","9호선","개화","2400","1738","20220409",""
"20220406","8호선","남위례","4755","4935","20220409",""
"20220406","8호선","모란","4413","3411","20220409",""
"20220406","8호선","수진","5285","4891","20220409",""
"20220406","8호선","신흥","4057","4433","20220409",""
"20220406","8호선","단대오거리","11381","10662","20220409",""
"20220406","8호선","남한산성입구(성남법원.검찰청)","15383","14142","20220409",""
"20220406","8호선","산성","5406","5394","20220409",""
"20220406","8호선","복정","9901","8286","20220409",""
"20220406","8호선","장지","17148","16404","20220409",""
"20220406","8호선","문정","21678","22758","20220409",""
"20220406","8호선","가락시장","7495","8337","20220409",""
"20220406","8호선","송파","7965","7793","20220409",""
"20220406","8호선","석촌","8034","9782","20220409",""
"20220406","8호선","잠실(송파구청)","14609","17192","20220409",""
"20220406","8호선","몽촌토성(평화의문)","6026","6069","20220409",""
"20220406","8호선","강동구청","10357","10590","20220409",""
"20220406","8호선","천호(풍납토성)","14188","16156","20220409",""
"20220406","8호선","암사","18534","16248","20220409",""
"20220406","7호선","온수(성공회대입구)","10749","10110","20220409",""
"20220406","7호선","천왕","11435","10884","20220409",""
"20220406","7호선","광명사거리","21589","21337","20220409",""
"20220406","7호선","철산","20491","20727","20220409",""
"20220406","7호선","가산디지털단지","44227","44819","20220409",""
"20220406","7호선","남구로","15407","16355","20220409",""
"20220406","7호선","대림(구로구청)","7397","7306","20220409",""
"20220406","7호선","신풍","11417","11020","20220409",""
"20220406","7호선","보라매","10069","10045","20220409",""
"20220406","7호선","신대방삼거리","16535","15917","20220409",""
"20220406","7호선","장승배기","8856","8612","20220409",""
"20220406","7호선","상도","11247","10968","20220409",""
"20220406","7호선","숭실대입구(살피재)","14422","14851","20220409",""
"20220406","7호선","남성","10946","10116","20220409",""
"20220406","7호선","이수","15185","14783","20220409",""
"20220406","7호선","내방","14314","14689","20220409",""
"20220406","7호선","고속터미널","13969","12322","20220409",""
"20220406","7호선","반포","5729","5534","20220409",""
"20220406","7호선","논현","19599","21396","20220409",""
"20220406","7호선","학동","23818","25503","20220409",""
"20220406","7호선","강남구청","15753","17453","20220409",""
"20220406","7호선","청담","18899","21339","20220409",""
"20220406","7호선","뚝섬유원지","10363","10102","20220409",""
"20220406","7호선","건대입구","12367","12960","20220409",""
"20220406","7호선","어린이대공원(세종대)","14886","15511","20220409",""
"20220406","7호선","군자(능동)","14580","11661","20220409",""
"20220406","7호선","중곡","11050","10196","20220409",""
"20220406","7호선","용마산(용마폭포공원)","6036","5743","20220409",""
"20220406","7호선","사가정","15805","15885","20220409",""
"20220406","7호선","면목","16232","15548","20220409",""
"20220406","7호선","상봉(시외버스터미널)","16303","15096","20220409",""
"20220406","7호선","중화","10672","10515","20220409",""
"20220406","7호선","먹골","9911","9669","20220409",""
"20220406","7호선","태릉입구","8807","8374","20220409",""
"20220406","7호선","공릉(서울과학기술대)","12633","12421","20220409",""
"20220406","7호선","하계","18400","17292","20220409",""
"20220406","7호선","중계","14701","13401","20220409",""
"20220406","7호선","노원","18333","19338","20220409",""
"20220406","7호선","마들","12507","11786","20220409",""
"20220406","7호선","수락산","12470","12185","20220409",""
"20220406","7호선","도봉산","9390","10839","20220409",""
"20220406","7호선","장암","2166","847","20220409",""
"20220406","6호선","신내","1","0","20220409",""
"20220406","6호선","봉화산(서울의료원)","8859","8245","20220409",""
"20220406","6호선","화랑대(서울여대입구)","12319","9671","20220409",""
"20220406","6호선","태릉입구","5518","6151","20220409",""
"20220406","6호선","석계","12515","12903","20220409",""
"20220406","6호선","돌곶이","9269","8625","20220409",""
"20220406","6호선","상월곡(한국과학기술연구원)","6422","5967","20220409",""
"20220406","6호선","월곡(동덕여대)","12550","12209","20220409",""
"20220406","6호선","고려대(종암)","8133","8099","20220409",""
"20220406","6호선","안암(고대병원앞)","14238","14223","20220409",""
"20220406","6호선","보문","7226","6587","20220409",""
"20220407","5호선","신정(은행정)","13686","11200","20220410",""
"20220407","5호선","화곡","28037","26129","20220410",""
"20220407","5호선","까치산","28366","27105","20220410",""
"20220407","5호선","우장산","14483","14291","20220410",""
"20220407","5호선","발산","19934","20456","20220410",""
"20220407","5호선","마곡","10483","10580","20220410",""
"20220407","5호선","김포공항","6610","6582","20220410",""
"20220407","5호선","개화산","5492","5308","20220410",""
"20220407","5호선","방화","6571","6235","20220410",""
"20220407","4호선","남태령","1177","989","20220410",""
"20220407","4호선","사당","24602","20573","20220410",""
"20220407","4호선","총신대입구(이수)","18258","19564","20220410",""
"20220407","4호선","동작(현충원)","1832","2110","20220410",""
"20220407","4호선","이촌(국립중앙박물관)","6855","7622","20220410",""
"20220407","4호선","신용산","15046","15697","20220410",""
"20220407","4호선","삼각지","4691","5295","20220410",""
"20220407","4호선","숙대입구(갈월)","13965","13548","20220410",""
"20220407","4호선","서울역","10508","15645","20220410",""
"20220407","4호선","회현(남대문시장)","23854","25375","20220410",""
"20220407","4호선","명동","18834","19432","20220410",""
"20220407","4호선","충무로","28517","29328","20220410",""
"20220407","4호선","동대문역사문화공원(DDP)","13872","12857","20220410",""
"20220407","4호선","동대문","19214","19821","20220410",""
"20220407","4호선","혜화","31670","31911","20220410",""
"20220407","4호선","한성대입구(삼선교)","14107","13844","20220410",""
"20220407","4호선","성신여대입구(돈암)","20744","19731","20220410",""
"20220407","4호선","길음","21259","20895","20220410",""
"20220407","4호선","미아사거리","26575","25899","20220410",""
"20220407","4호선","미아(서울사이버대학)","15451","14947","20220410",""
"20220407","4호선","수유(강북구청)","32959","33170","20220410",""
"20220407","4호선","쌍문","28936","26763","20220410",""
"20220407","4호선","창동","24870","25805","20220410",""
"20220407","4호선","노원","18209","20508","20220410",""
"20220407","4호선","상계","19173","17666","20220410",""
"20220407","4호선","당고개","8949","8189","20220410",""
"20220407","3호선","오금","6214","5592","20220410",""
"20220407","3호선","경찰병원","7010","7059","20220410",""
"20220407","3호선","가락시장","8783","8807","20220410",""
"20220407","3호선","수서","16403","16630","20220410",""
"20220407","6호선","독바위","2663","2820","20220410",""
"20220407","3호선","일원","10289","9949","20220410",""
"20220407","3호선","대청","10231","9337","20220410",""
"20220407","7호선","공릉(서울과학기술대)","12730","12487","20220410",""
"20220407","7호선","하계","17904","16899","20220410",""
"20220407","7호선","중계","14752","13424","20220410",""
"20220407","7호선","노원","18502","19436","20220410",""
"20220407","7호선","마들","12774","12132","20220410",""
"20220407","3호선","학여울","1986","2031","20220410",""
"20220407","3호선","대치","10464","10652","20220410",""
"20220407","3호선","도곡","5322","5615","20220410",""
"20220407","3호선","매봉","12487","12028","20220410",""
"20220407","3호선","양재(서초구청)","37428","40810","20220410",""
"20220407","3호선","남부터미널(예술의전당)","28287","28418","20220410",""
"20220407","3호선","교대(법원.검찰청)","14527","9533","20220410",""
"20220407","3호선","고속터미널","36420","34962","20220410",""
"20220407","3호선","잠원","4614","4510","20220410",""
"20220407","3호선","신사","28906","30114","20220410",""
"20220407","3호선","압구정","29200","31255","20220410",""
"20220407","3호선","옥수","8899","9052","20220410",""
"20220407","3호선","금호","7611","7194","20220410",""
"20220407","3호선","약수","12740","12419","20220410",""
"20220407","3호선","동대입구","8939","9884","20220410",""
"20220407","3호선","충무로","1","0","20220410",""
"20220407","3호선","을지로3가","9957","10196","20220410",""
"20220407","3호선","종로3가","9581","10949","20220410",""
"20220407","3호선","안국","20875","21793","20220410",""
"20220407","3호선","경복궁(정부서울청사)","21921","21932","20220410",""
"20220407","중앙선","지평","59","83","20220410",""
"20220407","중앙선","용문","1594","1596","20220410",""
"20220407","중앙선","원덕","404","412","20220410",""
"20220407","중앙선","양평","2560","2602","20220410",""
"20220407","중앙선","오빈","316","314","20220410",""
"20220407","중앙선","아신","527","551","20220410",""
"20220407","중앙선","국수","755","760","20220410",""
"20220407","중앙선","신원","243","205","20220410",""
"20220407","중앙선","양수","1780","1867","20220410",""
"20220407","중앙선","운길산","902","846","20220410",""
"20220407","중앙선","팔당","861","918","20220410",""
"20220407","중앙선","도심","2423","1957","20220410",""
"20220407","중앙선","덕소","5501","5583","20220410",""
"20220407","중앙선","양정","727","616","20220410",""
"20220407","중앙선","도농","10418","9579","20220410",""
"20220407","중앙선","구리","13017","13369","20220410",""
"20220407","중앙선","양원","3051","2858","20220410",""
"20220407","중앙선","망우","7655","7563","20220410",""
"20220407","중앙선","상봉(시외버스터미널)","5670","5732","20220410",""
"20220407","중앙선","중랑","5653","5374","20220410",""
"20220407","중앙선","회기","24894","24036","20220410",""
"20220407","장항선","신창(순천향대)","3667","2540","20220410",""
"20220407","장항선","온양온천","3600","3863","20220410",""
"20220407","장항선","배방","1193","1139","20220410",""
"20220407","장항선","탕정","781","675","20220410",""
"20220407","장항선","아산","3809","3546","20220410",""
"20220407","장항선","쌍용(나사렛대)","2973","2660","20220410",""
"20220407","장항선","봉명","1287","1245","20220410",""
"20220407","안산선","초지","5137","5480","20220410",""
"20220407","안산선","고잔","9115","8683","20220410",""
"20220407","안산선","중앙","17725","18599","20220410",""
"20220407","안산선","한대앞","10474","10482","20220410",""
"20220407","안산선","상록수","16087","16288","20220410",""
"20220407","안산선","반월","4267","4124","20220410",""
"20220407","안산선","대야미","5053","4594","20220410",""
"20220407","안산선","산본","15541","16598","20220410",""
"20220407","수인선","인천","989","1627","20220410",""
"20220407","수인선","신포","1903","1904","20220410",""
"20220407","수인선","숭의","4097","3696","20220410",""
"20220407","수인선","인하대","7128","6836","20220410",""
"20220407","수인선","송도","2535","2343","20220410",""
"20220407","수인선","연수","4567","4536","20220410",""
"20220407","수인선","원인재","4386","4619","20220410",""
"20220407","수인선","남동인더스파크","2223","2497","20220410",""
"20220407","수인선","호구포","4081","4192","20220410",""
"20220407","수인선","인천논현","5568","5986","20220410",""
"20220407","수인선","소래포구","5563","5222","20220410",""
"20220407","수인선","월곶","2857","2623","20220410",""
"20220407","수인선","달월","110","67","20220410",""
"20220407","수인선","사리","4834","4367","20220410",""
"20220407","수인선","야목","387","288","20220410",""
"20220407","수인선","어천","723","789","20220410",""
"20220407","수인선","오목천","3574","3387","20220410",""
"20220407","수인선","고색","5289","5000","20220410",""
"20220407","분당선","매교","3183","3256","20220410",""
"20220407","분당선","수원시청","12122","13098","20220410",""
"20220407","3호선","독립문","6781","7109","20220410",""
"20220407","3호선","무악재","3866","3904","20220410",""
"20220407","3호선","홍제","17461","16708","20220410",""
"20220407","3호선","녹번","15722","14120","20220410",""
"20220407","3호선","불광","15624","16736","20220410",""
"20220407","3호선","연신내","35315","33527","20220410",""
"20220407","3호선","구파발","19910","18843","20220410",""
"20220407","3호선","지축","4940","4569","20220410",""
"20220407","2호선","용두(동대문구청)","2316","2317","20220410",""
"20220407","2호선","신정네거리","10047","10291","20220410",""
"20220407","2호선","양천구청","6512","6774","20220410",""
"20220407","2호선","도림천","1444","1549","20220410",""
"20220407","2호선","신설동","3239","1746","20220410",""
"20220407","2호선","신답","1639","1842","20220410",""
"20220407","2호선","용답","3114","3269","20220410",""
"20220407","2호선","충정로(경기대입구)","9645","10348","20220410",""
"20220407","2호선","아현","10529","9953","20220410",""
"20220407","2호선","이대","13638","14374","20220410",""
"20220407","2호선","신촌","31649","32276","20220410",""
"20220407","2호선","홍대입구","49511","52103","20220410",""
"20220407","2호선","합정","29720","31339","20220410",""
"20220407","2호선","당산","19164","21746","20220410",""
"20220407","2호선","영등포구청","22216","22783","20220410",""
"20220407","2호선","문래","21602","21907","20220410",""
"20220407","2호선","신도림","45801","45922","20220410",""
"20220407","2호선","대림(구로구청)","23246","23513","20220410",""
"20220407","2호선","구로디지털단지","57775","57444","20220410",""
"20220407","2호선","신대방","26385","25823","20220410",""
"20220407","2호선","신림","61825","59321","20220410",""
"20220407","2호선","봉천","23389","21678","20220410",""
"20220407","2호선","서울대입구(관악구청)","46987","45985","20220410",""
"20220407","2호선","낙성대(강감찬)","26628","26080","20220410",""
"20220407","2호선","사당","35235","38986","20220410",""
"20220407","2호선","방배","19262","19935","20220410",""
"20220407","2호선","서초","20910","20207","20220410",""
"20220407","2호선","교대(법원.검찰청)","33265","37664","20220410",""
"20220407","2호선","강남","78855","78015","20220410",""
"20220407","2호선","역삼","50154","56525","20220410",""
"20220407","2호선","선릉","54623","48919","20220410",""
"20220407","2호선","삼성(무역센터)","49497","50525","20220410",""
"20220407","2호선","종합운동장","9279","9986","20220410",""
"20220407","2호선","잠실새내","20593","20394","20220410",""
"20220407","2호선","잠실(송파구청)","76368","76338","20220410",""
"20220407","2호선","잠실나루","14413","14138","20220410",""
"20220407","2호선","강변(동서울터미널)","28479","26436","20220410",""
"20220407","2호선","구의(광진구청)","23184","22640","20220410",""
"20220407","2호선","건대입구","34574","37034","20220410",""
"20220407","2호선","성수","36402","39905","20220410",""
"20220407","2호선","뚝섬","22503","23863","20220410",""
"20220407","2호선","한양대","14705","16266","20220410",""
"20220407","2호선","왕십리(성동구청)","16484","13155","20220410",""
"20220407","2호선","상왕십리","13956","13563","20220410",""
"20220407","2호선","신당","13689","14152","20220410",""
"20220407","2호선","동대문역사문화공원(DDP)","11454","12928","20220410",""
"20220407","2호선","을지로4가","12645","12697","20220410",""
"20220407","2호선","을지로3가","21374","21311","20220410",""
"20220407","2호선","을지로입구","36816","38502","20220410",""
"20220407","2호선","시청","23028","22205","20220410",""
"20220407","1호선","동묘앞","8053","8431","20220410",""
"20220407","1호선","청량리(서울시립대입구)","19668","19531","20220410",""
"20220407","1호선","제기동","17143","17384","20220410",""
"20220407","1호선","신설동","13561","13229","20220410",""
"20220407","1호선","동대문","10633","9921","20220410",""
"20220407","1호선","종로5가","22201","22162","20220410",""
"20220407","1호선","종로3가","23894","22044","20220410",""
"20220407","1호선","종각","32486","31686","20220410",""
"20220407","1호선","시청","21680","22129","20220410",""
"20220407","1호선","서울역","40672","39178","20220410",""
"20220407","분당선","매탄권선","4988","4939","20220410",""
"20220407","분당선","망포","14123","13474","20220410",""
"20220407","분당선","영통","8093","8158","20220410",""
"20220407","분당선","청명","4256","4075","20220410",""
"20220407","분당선","상갈","5408","5190","20220410",""
"20220407","분당선","기흥","9989","9333","20220410",""
"20220407","분당선","신갈","4329","4432","20220410",""
"20220407","분당선","구성","5002","5249","20220410",""
"20220407","분당선","죽전","14213","15505","20220410",""
"20220407","분당선","보정","2495","2187","20220410",""
"20220407","분당선","이매","5700","5253","20220410",""
"20220407","분당선","오리","11610","9454","20220410",""
"20220407","분당선","미금","15108","16116","20220410",""
"20220407","분당선","정자","16711","17723","20220410",""
"20220407","분당선","수내","12806","12844","20220410",""
"20220407","분당선","서현","22655","22490","20220410",""
"20220407","분당선","야탑","25292","26485","20220410",""
"20220407","분당선","모란","19759","19811","20220410",""
"20220407","분당선","태평","13158","12730","20220410",""
"20220407","분당선","가천대","10013","10833","20220410",""
"20220407","분당선","선정릉","8165","8614","20220410",""
"20220407","분당선","강남구청","9738","11273","20220410",""
"20220407","분당선","압구정로데오","18327","20225","20220410",""
"20220407","분당선","서울숲","12007","12492","20220410",""
"20220407","분당선","수원","8142","6770","20220410",""
"20220407","9호선","사평","3459","3341","20220410",""
"20220407","경원선","창동","2","0","20220410",""
"20220407","우이신설선","보문","1473","1473","20220410",""
"20220407","우이신설선","신설동","2184","2129","20220410",""
"20220407","일산선","원흥","10767","10149","20220410",""
"20220407","일산선","지축","1","0","20220410",""
"20220407","일산선","삼송","19459","18865","20220410",""
"20220407","일산선","원당","11341","10706","20220410",""
"20220407","일산선","화정","16650","17051","20220410",""
"20220407","일산선","대곡","2251","1753","20220410",""
"20220407","일산선","백석","9596","9544","20220410",""
"20220407","일산선","마두","7277","7354","20220410",""
"20220407","일산선","정발산","6561","6744","20220410",""
"20220407","일산선","주엽","8897","8988","20220410",""
"20220407","일산선","대화","12208","9835","20220410",""
"20220407","안산선","안산","11333","10238","20220410",""
"20220407","안산선","신길온천","1682","1609","20220410",""
"20220407","안산선","정왕","10122","10253","20220410",""
"20220407","안산선","오이도","8269","8245","20220410",""
"20220407","안산선","수리산","4278","3497","20220410",""
"20220407","우이신설선","북한산우이","2639","2446","20220410",""
"20220407","우이신설선","솔밭공원","2550","2409","20220410",""
"20220407","우이신설선","4.19민주묘지","3358","3161","20220410",""
"20220407","우이신설선","가오리","4058","4053","20220410",""
"20220407","우이신설선","화계","3308","3108","20220410",""
"20220407","우이신설선","삼양","1946","2062","20220410",""
"20220407","우이신설선","삼양사거리","2337","2381","20220410",""
"20220407","우이신설선","솔샘","5681","5376","20220410",""
"20220407","우이신설선","북한산보국문","6023","5637","20220410",""
"20220407","우이신설선","정릉","4642","4216","20220410",""
"20220407","우이신설선","성신여대입구(돈암)","3195","3469","20220410",""
"20220407","6호선","불광","4125","4189","20220410",""
"20220407","6호선","역촌","3606","4301","20220410",""
"20220407","6호선","응암","17583","17445","20220410",""
"20220407","5호선","하남검단산","5466","5175","20220410",""
"20220407","5호선","하남시청(덕풍·신장)","6600","6467","20220410",""
"20220407","5호선","하남풍산","4260","4220","20220410",""
"20220407","5호선","미사","15797","15703","20220410",""
"20220407","5호선","강일","4178","3940","20220410",""
"20220407","5호선","마천","7158","6870","20220410",""
"20220407","5호선","거여","10085","9623","20220410",""
"20220407","5호선","개롱","6394","6715","20220410",""
"20220407","5호선","오금","3763","3813","20220410",""
"20220407","5호선","방이","6920","7152","20220410",""
"20220407","5호선","올림픽공원(한국체대)","4457","3833","20220410",""
"20220407","5호선","둔촌동","8473","8433","20220410",""
"20220407","5호선","상일동","14685","13683","20220410",""
"20220407","5호선","고덕","9443","9262","20220410",""
"20220407","5호선","명일","8445","8658","20220410",""
"20220407","5호선","굽은다리(강동구민회관앞)","9370","8769","20220410",""
"20220407","5호선","길동","7754","7942","20220410",""
"20220407","5호선","송정","6460","6130","20220410",""
"20220407","7호선","수락산","12480","12097","20220410",""
"20220407","7호선","도봉산","9614","10930","20220410",""
"20220407","7호선","장암","2258","854","20220410",""
"20220407","6호선","봉화산(서울의료원)","8875","8430","20220410",""
"20220407","6호선","화랑대(서울여대입구)","12240","9445","20220410",""
"20220407","6호선","태릉입구","5608","6078","20220410",""
"20220407","6호선","석계","12344","12801","20220410",""
"20220407","6호선","돌곶이","9273","8521","20220410",""
"20220407","6호선","상월곡(한국과학기술연구원)","6320","5777","20220410",""
"20220407","6호선","월곡(동덕여대)","12184","11902","20220410",""
"20220407","6호선","고려대(종암)","8610","8446","20220410",""
"20220407","6호선","안암(고대병원앞)","14082","13946","20220410",""
"20220407","6호선","보문","7322","6688","20220410",""
"20220407","6호선","창신","3685","3082","20220410",""
"20220407","6호선","동묘앞","7492","7748","20220410",""
"20220407","6호선","신당","8488","8791","20220410",""
"20220407","6호선","청구","3643","3904","20220410",""
"20220407","6호선","약수","3538","3534","20220410",""
"20220407","6호선","버티고개","2048","2050","20220410",""
"20220407","6호선","한강진","6940","8082","20220410",""
"20220407","6호선","이태원","9157","9580","20220410",""
"20220407","6호선","녹사평(용산구청)","4531","4546","20220410",""
"20220407","6호선","삼각지","6137","5384","20220410",""
"20220407","6호선","효창공원앞","7174","6839","20220410",""
"20220407","6호선","공덕","18100","17482","20220410",""
"20220407","6호선","대흥(서강대앞)","8415","8757","20220410",""
"20220407","6호선","광흥창(서강)","8964","8630","20220410",""
"20220407","6호선","상수","8143","9293","20220410",""
"20220407","6호선","합정","12402","12335","20220410",""
"20220407","6호선","망원","13328","14099","20220410",""
"20220407","6호선","마포구청","13666","12381","20220410",""
"20220407","6호선","월드컵경기장(성산)","4381","4514","20220410",""
"20220407","6호선","디지털미디어시티","13641","14906","20220410",""
"20220407","6호선","증산(명지대앞)","10094","10118","20220410",""
"20220407","6호선","새절(신사)","13533","12676","20220410",""
"20220407","6호선","구산","7748","5723","20220410",""
"20220407","6호선","연신내","3","0","20220410",""
"20220407","분당선","수서","13145","13437","20220410",""
"20220407","분당선","대모산입구","4390","4142","20220410",""
"20220407","분당선","개포동","4077","4114","20220410",""
"20220407","분당선","구룡","2369","2293","20220410",""
"20220407","분당선","도곡","7160","7025","20220410",""
"20220407","분당선","한티","13844","14713","20220410",""
"20220407","분당선","선릉","12903","19661","20220410",""
"20220407","과천선","범계","25552","25306","20220410",""
"20220407","과천선","평촌","17755","17419","20220410",""
"20220407","과천선","인덕원","23725","24517","20220410",""
"20220407","과천선","정부과천청사","10490","10415","20220410",""
"20220407","과천선","과천","6273","5752","20220410",""
"20220407","과천선","대공원","3684","3901","20220410",""
"20220407","과천선","경마공원","1390","1363","20220410",""
"20220407","과천선","선바위","8234","7256","20220410",""
"20220407","공항철도 1호선","영종","3007","3048","20220410",""
"20220407","공항철도 1호선","인천공항2터미널","2674","2293","20220410",""
"20220407","공항철도 1호선","인천공항1터미널","4276","4077","20220410",""
"20220407","공항철도 1호선","공항화물청사","2377","2551","20220410",""
"20220407","공항철도 1호선","운서","6744","6760","20220410",""
"20220407","공항철도 1호선","청라국제도시","6774","6519","20220410",""
"20220407","공항철도 1호선","검암","6538","6605","20220410",""
"20220407","공항철도 1호선","계양","10525","9967","20220410",""
"20220407","공항철도 1호선","김포공항","11088","6533","20220410",""
"20220407","공항철도 1호선","마곡나루(서울식물원)","8787","8561","20220410",""
"20220407","공항철도 1호선","디지털미디어시티","13686","12593","20220410",""
"20220407","공항철도 1호선","홍대입구","8899","8937","20220410",""
"20220407","공항철도 1호선","공덕","2207","2960","20220410",""
"20220407","공항철도 1호선","서울역","7411","6949","20220410",""
"20220407","경춘선","춘천","1622","1280","20220410",""
"20220407","경춘선","남춘천","3214","2954","20220410",""
"20220407","경춘선","김유정","273","341","20220410",""
"20220407","경춘선","강촌","407","415","20220410",""
"20220407","경춘선","백양리","73","62","20220410",""
"20220407","경춘선","굴봉산","118","133","20220410",""
"20220407","경춘선","가평","1469","1527","20220410",""
"20220407","경춘선","상천","301","289","20220410",""
"20220407","경춘선","청평","1476","1480","20220410",""
"20220407","경춘선","대성리","532","460","20220410",""
"20220407","경춘선","마석","3972","3945","20220410",""
"20220407","경춘선","천마산","1759","1622","20220410",""
"20220407","경춘선","평내호평","6454","6368","20220410",""
"20220407","경춘선","금곡","1614","1569","20220410",""
"20220407","경춘선","사릉","2553","2541","20220410",""
"20220407","경춘선","퇴계원","3471","3196","20220410",""
"20220407","경춘선","별내","3226","3053","20220410",""
"20220407","경춘선","갈매","3010","2668","20220410",""
"20220407","경춘선","신내","2290","2231","20220410",""
"20220407","경인선","도화","4231","3848","20220410",""
"20220407","경인선","중동","9498","8900","20220410",""
"20220407","경인선","온수(성공회대입구)","7020","6608","20220410",""
"20220407","경인선","도원","3309","3332","20220410",""
"20220407","경인선","간석","5914","5571","20220410",""
"20220407","경인선","부개","8611","8067","20220410",""
"20220407","경인선","소사","8915","8744","20220410",""
"20220407","경인선","구일","7959","7929","20220410",""
"20220407","경인선","인천","3487","2735","20220410",""
"20220407","경인선","동인천","13926","13448","20220410",""
"20220407","경인선","제물포","10998","10435","20220410",""
"20220407","경인선","주안","19093","17601","20220410",""
"20220407","경인선","동암","14231","14307","20220410",""
"20220407","경인선","백운","7004","6890","20220410",""
"20220407","경인선","부평","27602","30130","20220410",""
"20220407","경인선","송내","27083","26921","20220410",""
"20220407","경인선","부천","31630","31679","20220410",""
"20220407","경인선","역곡","28578","28027","20220410",""
"20220407","경인선","오류동","12039","11034","20220410",""
"20220407","경인선","개봉","21310","20786","20220410",""
"20220407","경의선","임진강","12","6","20220410",""
"20220407","경의선","문산","5005","4962","20220410",""
"20220407","경의선","파주","1592","1171","20220410",""
"20220407","경의선","월롱","3131","2577","20220410",""
"20220407","경의선","금촌","6451","6265","20220410",""
"20220407","경의선","금릉","4739","4684","20220410",""
"20220407","경의선","운정","6990","6643","20220410",""
"20220407","경의선","야당","7371","7410","20220410",""
"20220407","경의선","탄현","7681","7460","20220410",""
"20220407","경의선","일산","9667","9666","20220410",""
"20220407","경의선","풍산","5705","5241","20220410",""
"20220407","경의선","백마","7141","6945","20220410",""
"20220407","경의선","곡산","660","683","20220410",""
"20220407","경의선","능곡","3852","3593","20220410",""
"20220407","경의선","행신","7866","8178","20220410",""
"20220407","경의선","강매","3350","2912","20220410",""
"20220407","경의선","화전","3765","3517","20220410",""
"20220407","경의선","수색","2779","2930","20220410",""
"20220407","경의선","디지털미디어시티","2563","2352","20220410",""
"20220407","경의선","가좌","5446","5278","20220410",""
"20220407","경의선","홍대입구","1616","1767","20220410",""
"20220407","경의선","서강대","2195","2104","20220410",""
"20220407","경의선","공덕","3399","3049","20220410",""
"20220407","경의선","효창공원앞","3199","3463","20220410",""
"20220407","경의선","신촌","882","1162","20220410",""
"20220407","경의선","서울역","4396","5660","20220410",""
"20220407","경원선","소요산","2666","2364","20220410",""
"20220407","경원선","동두천","2679","2935","20220410",""
"20220407","경원선","보산","1612","1496","20220410",""
"20220407","경원선","동두천중앙","3247","3085","20220410",""
"20220407","경원선","지행","6837","6756","20220410",""
"20220407","경원선","덕정","6462","6252","20220410",""
"20220407","경원선","덕계","3418","3039","20220410",""
"20220407","경원선","양주","8039","7395","20220410",""
"20220407","경원선","녹양","4959","4726","20220410",""
"20220407","경원선","가능","6991","6712","20220410",""
"20220407","경원선","의정부","17852","18604","20220410",""
"20220407","경원선","회룡","12427","12375","20220410",""
"20220407","경원선","망월사","9392","9522","20220410",""
"20220407","경원선","도봉산","7908","5359","20220410",""
"20220407","경원선","도봉","5926","5713","20220410",""
"20220407","경원선","방학","9699","9551","20220410",""
"20220407","경원선","녹천","4786","4038","20220410",""
"20220407","경원선","월계","8326","7650","20220410",""
"20220407","경원선","광운대","8917","8853","20220410",""
"20220407","경원선","석계","8348","9127","20220410",""
"20220407","경원선","신이문","8297","7734","20220410",""
"20220407","경원선","외대앞","8393","8504","20220410",""
"20220407","경원선","청량리(서울시립대입구)","14517","14638","20220410",""
"20220407","경원선","왕십리(성동구청)","14218","15203","20220410",""
"20220407","경원선","응봉","2142","2043","20220410",""
"20220407","경원선","옥수","52","29","20220410",""
"20220407","경원선","한남","3969","3827","20220410",""
"20220407","경원선","서빙고","2051","1827","20220410",""
"20220407","경원선","이촌(국립중앙박물관)","3453","2732","20220410",""
"20220407","경부선","광명","3145","2780","20220410",""
"20220407","경부선","서동탄","1374","1266","20220410",""
"20220407","경부선","당정","6582","6232","20220410",""
"20220407","경부선","천안","6836","6110","20220410",""
"20220407","경부선","두정","7620","7814","20220410",""
"20220407","경부선","직산","794","826","20220410",""
"20220407","경부선","성환","5305","5044","20220410",""
"20220407","경부선","평택","12112","12158","20220410",""
"20220407","경부선","평택지제","3402","3351","20220410",""
"20220407","경부선","서정리","7537","6941","20220410",""
"20220407","경부선","송탄","4274","4091","20220410",""
"20220407","경부선","진위","1762","1547","20220410",""
"20220407","경부선","오산","9736","9755","20220410",""
"20220407","경부선","오산대","3946","3647","20220410",""
"20220407","경부선","세마","2798","2612","20220410",""
"20220407","경부선","병점","15273","15306","20220410",""
"20220407","경부선","세류","2960","2628","20220410",""
"20220407","경부선","독산","18577","19166","20220410",""
"20220407","경부선","수원","34217","36359","20220410",""
"20220407","경부선","화서","8112","7823","20220410",""
"20220407","경부선","성균관대","14811","14620","20220410",""
"20220407","경부선","의왕","9245","9231","20220410",""
"20220407","경부선","군포","7756","7644","20220410",""
"20220407","경부선","금정","26724","27370","20220410",""
"20220407","경부선","명학","10615","10392","20220410",""
"20220407","경부선","안양","25589","25073","20220410",""
"20220407","경부선","관악","7210","6731","20220410",""
"20220407","경부선","석수","9775","8797","20220410",""
"20220407","경부선","금천구청","11749","11819","20220410",""
"20220407","경부선","가산디지털단지","18374","21295","20220410",""
"20220407","경부선","구로","17783","18536","20220410",""
"20220407","경부선","신길","9116","7864","20220410",""
"20220407","경부선","신도림","4167","4150","20220410",""
"20220407","경부선","영등포","35201","35590","20220410",""
"20220407","경부선","대방","13059","13255","20220410",""
"20220407","경부선","노량진","8229","8470","20220410",""
"20220407","경부선","용산","29597","29825","20220410",""
"20220407","경부선","남영","9494","9971","20220410",""
"20220407","경부선","서울역","5566","1815","20220410",""
"20220407","경강선","여주","2563","2402","20220410",""
"20220407","경강선","세종대왕릉","308","295","20220410",""
"20220407","경강선","부발","2063","1959","20220410",""
"20220407","경강선","이천","2477","2544","20220410",""
"20220407","경강선","신둔도예촌","1658","1493","20220410",""
"20220407","경강선","곤지암","2188","2202","20220410",""
"20220407","경강선","초월","3108","2976","20220410",""
"20220407","경강선","경기광주","7597","7185","20220410",""
"20220407","경강선","삼동","2361","2170","20220410",""
"20220407","경강선","이매","1095","972","20220410",""
"20220407","경강선","판교","4547","4521","20220410",""
"20220407","9호선2~3단계","중앙보훈병원","10620","9349","20220410",""
"20220407","9호선2~3단계","둔촌오륜","1209","1113","20220410",""
"20220407","9호선2~3단계","올림픽공원(한국체대)","5981","5824","20220410",""
"20220407","9호선2~3단계","한성백제","2577","2225","20220410",""
"20220407","9호선2~3단계","송파나루","5333","5654","20220410",""
"20220407","9호선2~3단계","석촌","9101","8261","20220410",""
"20220407","9호선2~3단계","석촌고분","5965","5895","20220410",""
"20220407","9호선2~3단계","삼전","6672","6395","20220410",""
"20220407","9호선2~3단계","종합운동장","3986","4127","20220410",""
"20220407","9호선2~3단계","봉은사","16129","16448","20220410",""
"20220407","9호선2~3단계","삼성중앙","6530","6982","20220410",""
"20220407","9호선2~3단계","선정릉","9457","10481","20220410",""
"20220407","9호선2~3단계","언주","10081","10385","20220410",""
"20220407","9호선","신논현","29759","29673","20220410",""
"20220407","9호선","고속터미널","11635","14271","20220410",""
"20220407","9호선","신반포","3352","3262","20220410",""
"20220407","9호선","구반포","1280","1309","20220410",""
"20220407","9호선","동작(현충원)","2584","2286","20220410",""
"20220407","9호선","흑석(중앙대입구)","9155","9214","20220410",""
"20220407","9호선","노들","4495","3721","20220410",""
"20220407","9호선","노량진","26205","25299","20220410",""
"20220407","9호선","샛강","6011","6286","20220410",""
"20220407","9호선","여의도","27705","27445","20220410",""
"20220407","9호선","국회의사당","17221","17646","20220410",""
"20220407","9호선","당산","18273","17886","20220410",""
"20220407","9호선","선유도","8712","8257","20220410",""
"20220407","9호선","신목동","4248","3687","20220410",""
"20220407","9호선","염창","17236","16408","20220410",""
"20220407","9호선","등촌","11110","10493","20220410",""
"20220407","9호선","증미","7321","7026","20220410",""
"20220407","9호선","가양","20415","19633","20220410",""
"20220407","9호선","양천향교","9885","10108","20220410",""
"20220407","9호선","마곡나루(서울식물원)","12088","11846","20220410",""
"20220407","9호선","신방화","6766","6510","20220410",""
"20220407","9호선","공항시장","3002","3180","20220410",""
"20220407","9호선","김포공항","6631","10640","20220410",""
"20220407","9호선","개화","2482","1785","20220410",""
"20220407","8호선","남위례","4800","5008","20220410",""
"20220407","8호선","모란","4395","3428","20220410",""
"20220407","8호선","수진","5335","4917","20220410",""
"20220407","8호선","신흥","3977","4346","20220410",""
"20220407","8호선","단대오거리","11254","10543","20220410",""
"20220407","8호선","남한산성입구(성남법원.검찰청)","15357","14215","20220410",""
"20220407","8호선","산성","5413","5404","20220410",""
"20220407","8호선","복정","10101","8453","20220410",""
"20220407","8호선","장지","17015","16338","20220410",""
"20220407","8호선","문정","21776","22844","20220410",""
"20220407","8호선","가락시장","7634","8594","20220410",""
"20220407","8호선","송파","8083","7846","20220410",""
"20220407","8호선","석촌","8293","10276","20220410",""
"20220407","8호선","잠실(송파구청)","15854","18069","20220410",""
"20220407","8호선","몽촌토성(평화의문)","6362","6343","20220410",""
"20220407","8호선","강동구청","10323","10708","20220410",""
"20220407","8호선","천호(풍납토성)","14161","16157","20220410",""
"20220407","8호선","암사","18743","16555","20220410",""
"20220407","7호선","부천시청","1","0","20220410",""
"20220407","7호선","까치울","1","0","20220410",""
"20220407","7호선","온수(성공회대입구)","10824","10165","20220410",""
"20220407","7호선","천왕","11430","10890","20220410",""
"20220407","7호선","광명사거리","21646","21399","20220410",""
"20220407","7호선","철산","20509","20919","20220410",""
"20220407","7호선","가산디지털단지","44240","44974","20220410",""
"20220407","7호선","남구로","15270","16149","20220410",""
"20220407","7호선","대림(구로구청)","7175","7237","20220410",""
"20220407","7호선","신풍","11525","11081","20220410",""
"20220407","7호선","보라매","9581","9712","20220410",""
"20220407","7호선","신대방삼거리","16495","15693","20220410",""
"20220407","7호선","장승배기","8753","8466","20220410",""
"20220407","7호선","상도","11204","10947","20220410",""
"20220407","7호선","숭실대입구(살피재)","14567","14735","20220410",""
"20220407","7호선","남성","11051","10080","20220410",""
"20220407","7호선","이수","15142","14703","20220410",""
"20220407","7호선","내방","14271","14744","20220410",""
"20220407","7호선","고속터미널","14467","12371","20220410",""
"20220407","7호선","반포","5761","5505","20220410",""
"20220407","7호선","논현","19459","21372","20220410",""
"20220407","7호선","학동","23741","25584","20220410",""
"20220407","7호선","강남구청","15700","17708","20220410",""
"20220407","7호선","청담","19299","21551","20220410",""
"20220407","7호선","뚝섬유원지","9785","9484","20220410",""
"20220407","7호선","건대입구","12687","13314","20220410",""
"20220407","7호선","어린이대공원(세종대)","14969","15454","20220410",""
"20220407","7호선","군자(능동)","14658","11680","20220410",""
"20220407","7호선","중곡","10695","10040","20220410",""
"20220407","7호선","용마산(용마폭포공원)","6081","5821","20220410",""
"20220407","7호선","사가정","15964","15819","20220410",""
"20220407","7호선","면목","16128","15650","20220410",""
"20220407","7호선","상봉(시외버스터미널)","16468","15340","20220410",""
"20220407","7호선","중화","10762","10540","20220410",""
"20220407","7호선","먹골","9991","9663","20220410",""
"20220407","7호선","태릉입구","8740","8447","20220410",""
"20220407","5호선","강동","18419","17572","20220410",""
"20220407","5호선","천호(풍납토성)","17068","16964","20220410",""
"20220407","5호선","광나루(장신대)","13520","12262","20220410",""
"20220407","5호선","아차산(어린이대공원후문)","15335","14895","20220410",""
"20220407","5호선","군자(능동)","11035","12146","20220410",""
"20220407","5호선","장한평","18450","18444","20220410",""
"20220407","5호선","답십리","15600","14200","20220410",""
"20220407","5호선","마장","5637","5375","20220410",""
"20220407","5호선","왕십리(성동구청)","4515","5100","20220410",""
"20220407","5호선","행당","7945","7064","20220410",""
"20220407","5호선","신금호","6561","6779","20220410",""
"20220407","5호선","청구","3983","3561","20220410",""
"20220407","5호선","동대문역사문화공원(DDP)","2722","3188","20220410",""
"20220407","5호선","을지로4가","6127","6096","20220410",""
"20220407","5호선","종로3가","11556","11520","20220410",""
"20220407","5호선","광화문(세종문화회관)","28745","30213","20220410",""
"20220407","5호선","서대문","19406","19712","20220410",""
"20220407","5호선","충정로(경기대입구)","4722","4813","20220410",""
"20220407","5호선","애오개","6802","6829","20220410",""
"20220407","5호선","공덕","14153","14940","20220410",""
"20220407","5호선","마포","14331","14731","20220410",""
"20220407","5호선","여의나루","17068","18933","20220410",""
"20220407","5호선","여의도","28402","30569","20220410",""
"20220407","5호선","신길","4198","4365","20220410",""
"20220407","5호선","영등포시장","9827","10036","20220410",""
"20220407","5호선","영등포구청","4058","4139","20220410",""
"20220407","5호선","양평","7473","7334","20220410",""
"20220407","5호선","오목교(목동운동장앞)","20945","22423","20220410",""
"20220407","5호선","목동","16725","17887","20220410",""
"20220408","8호선","모란","4628","3790","20220411",""
"20220408","2호선","사당","37739","42287","20220411",""
"20220408","2호선","낙성대(강감찬)","28411","25892","20220411",""
"20220408","2호선","서울대입구(관악구청)","49513","47746","20220411",""
"20220408","2호선","봉천","24042","21361","20220411",""
"20220408","2호선","신림","64711","61479","20220411",""
"20220408","2호선","신대방","27290","26398","20220411",""
"20220408","2호선","구로디지털단지","58027","57515","20220411",""
"20220408","2호선","대림(구로구청)","23820","23906","20220411",""
"20220408","2호선","신도림","48139","49512","20220411",""
"20220408","2호선","문래","21803","22667","20220411",""
"20220408","2호선","영등포구청","22210","22966","20220411",""
"20220408","2호선","당산","19689","22184","20220411",""
"20220408","2호선","합정","32228","35411","20220411",""
"20220408","2호선","홍대입구","55998","62878","20220411",""
"20220408","2호선","신촌","34481","35036","20220411",""
"20220408","2호선","이대","14595","14817","20220411",""
"20220408","2호선","아현","10831","9997","20220411",""
"20220408","2호선","충정로(경기대입구)","9827","10264","20220411",""
"20220408","2호선","용답","3299","3254","20220411",""
"20220408","2호선","신답","1714","1837","20220411",""
"20220408","2호선","신설동","3544","1854","20220411",""
"20220408","2호선","도림천","1712","1932","20220411",""
"20220408","2호선","양천구청","6807","6903","20220411",""
"20220408","2호선","신정네거리","10405","10574","20220411",""
"20220408","2호선","용두(동대문구청)","2463","2543","20220411",""
"20220408","3호선","지축","5066","4664","20220411",""
"20220408","3호선","구파발","20555","19372","20220411",""
"20220408","3호선","연신내","37094","34756","20220411",""
"20220408","3호선","불광","16013","16920","20220411",""
"20220408","3호선","녹번","15844","13691","20220411",""
"20220408","3호선","홍제","17911","16746","20220411",""
"20220408","3호선","무악재","3855","3901","20220411",""
"20220408","3호선","독립문","7128","7335","20220411",""
"20220408","3호선","경복궁(정부서울청사)","22280","22441","20220411",""
"20220408","3호선","안국","22472","24039","20220411",""
"20220408","3호선","종로3가","9978","11964","20220411",""
"20220408","3호선","을지로3가","10126","10919","20220411",""
"20220408","3호선","충무로","2","0","20220411",""
"20220408","3호선","동대입구","8500","9472","20220411",""
"20220408","3호선","약수","13288","12864","20220411",""
"20220408","3호선","금호","8162","7459","20220411",""
"20220408","3호선","옥수","9189","9314","20220411",""
"20220408","3호선","압구정","31285","34213","20220411",""
"20220408","3호선","신사","31007","33799","20220411",""
"20220408","3호선","잠원","5060","4899","20220411",""
"20220408","3호선","고속터미널","44494","46343","20220411",""
"20220408","3호선","교대(법원.검찰청)","14510","9580","20220411",""
"20220408","3호선","남부터미널(예술의전당)","30882","31030","20220411",""
"20220408","3호선","양재(서초구청)","39038","41631","20220411",""
"20220408","3호선","매봉","12933","12431","20220411",""
"20220408","3호선","도곡","5636","6112","20220411",""
"20220408","3호선","대치","11114","11227","20220411",""
"20220408","3호선","학여울","3450","3585","20220411",""
"20220408","3호선","대청","10466","9468","20220411",""
"20220408","3호선","일원","10172","9532","20220411",""
"20220408","3호선","수서","18367","18546","20220411",""
"20220408","3호선","가락시장","9209","9120","20220411",""
"20220408","3호선","경찰병원","7165","7180","20220411",""
"20220408","3호선","오금","6403","5736","20220411",""
"20220408","4호선","당고개","9381","8452","20220411",""
"20220408","4호선","상계","19497","17767","20220411",""
"20220408","4호선","노원","19180","22231","20220411",""
"20220408","4호선","창동","25939","26681","20220411",""
"20220408","4호선","쌍문","29721","27175","20220411",""
"20220408","4호선","수유(강북구청)","34808","34853","20220411",""
"20220408","4호선","미아(서울사이버대학)","15549","14662","20220411",""
"20220408","4호선","미아사거리","27770","26663","20220411",""
"20220408","4호선","길음","21236","20329","20220411",""
"20220408","4호선","성신여대입구(돈암)","21440","20453","20220411",""
"20220408","4호선","한성대입구(삼선교)","14490","14326","20220411",""
"20220408","4호선","혜화","32605","32735","20220411",""
"20220408","4호선","동대문","19775","19522","20220411",""
"20220408","4호선","동대문역사문화공원(DDP)","13988","13091","20220411",""
"20220408","4호선","충무로","28312","29398","20220411",""
"20220408","4호선","명동","19419","20801","20220411",""
"20220408","4호선","회현(남대문시장)","24080","25654","20220411",""
"20220408","4호선","서울역","10413","17572","20220411",""
"20220408","4호선","숙대입구(갈월)","13676","13385","20220411",""
"20220408","4호선","삼각지","4983","5912","20220411",""
"20220408","4호선","신용산","15457","16573","20220411",""
"20220408","4호선","이촌(국립중앙박물관)","7401","8347","20220411",""
"20220408","4호선","동작(현충원)","2390","2794","20220411",""
"20220408","4호선","총신대입구(이수)","19495","21126","20220411",""
"20220408","4호선","사당","26582","22104","20220411",""
"20220408","4호선","남태령","1330","1009","20220411",""
"20220408","5호선","방화","6797","6380","20220411",""
"20220408","5호선","개화산","5749","5361","20220411",""
"20220408","5호선","김포공항","7763","7645","20220411",""
"20220408","5호선","송정","6640","6060","20220411",""
"20220408","5호선","마곡","10078","10220","20220411",""
"20220408","5호선","발산","18730","19995","20220411",""
"20220408","5호선","우장산","14983","14490","20220411",""
"20220408","5호선","화곡","29103","26748","20220411",""
"20220408","5호선","까치산","29280","27404","20220411",""
"20220408","5호선","신정(은행정)","14315","11161","20220411",""
"20220408","5호선","목동","17061","18088","20220411",""
"20220408","5호선","오목교(목동운동장앞)","22185","24013","20220411",""
"20220408","5호선","양평","7577","7377","20220411",""
"20220408","5호선","영등포구청","3995","4017","20220411",""
"20220408","5호선","영등포시장","10354","10515","20220411",""
"20220408","5호선","신길","4283","4289","20220411",""
"20220408","5호선","여의도","29321","33266","20220411",""
"20220408","5호선","여의나루","27006","30213","20220411",""
"20220408","5호선","마포","14532","14941","20220411",""
"20220408","5호선","공덕","14006","15189","20220411",""
"20220408","5호선","애오개","6815","6780","20220411",""
"20220408","5호선","충정로(경기대입구)","4689","4670","20220411",""
"20220408","5호선","서대문","18925","18897","20220411",""
"20220408","5호선","광화문(세종문화회관)","28316","29866","20220411",""
"20220408","5호선","종로3가","13082","13769","20220411",""
"20220408","5호선","을지로4가","6249","6363","20220411",""
"20220408","5호선","동대문역사문화공원(DDP)","2492","3006","20220411",""
"20220408","5호선","청구","4015","3549","20220411",""
"20220408","5호선","신금호","6672","6775","20220411",""
"20220408","5호선","행당","8242","7065","20220411",""
"20220408","5호선","왕십리(성동구청)","4687","5454","20220411",""
"20220408","5호선","마장","5812","5409","20220411",""
"20220408","5호선","답십리","15806","14181","20220411",""
"20220408","5호선","장한평","18704","18231","20220411",""
"20220408","5호선","군자(능동)","11541","12728","20220411",""
"20220408","5호선","아차산(어린이대공원후문)","16188","15586","20220411",""
"20220408","5호선","광나루(장신대)","13895","12402","20220411",""
"20220408","5호선","천호(풍납토성)","18387","18649","20220411",""
"20220408","5호선","강동","18720","17552","20220411",""
"20220408","5호선","길동","8172","8548","20220411",""
"20220408","5호선","굽은다리(강동구민회관앞)","9457","8802","20220411",""
"20220408","5호선","명일","8905","9039","20220411",""
"20220408","5호선","고덕","9657","9561","20220411",""
"20220408","5호선","상일동","14985","13848","20220411",""
"20220408","5호선","둔촌동","8817","8659","20220411",""
"20220408","5호선","올림픽공원(한국체대)","4678","4161","20220411",""
"20220408","5호선","방이","6902","7220","20220411",""
"20220408","5호선","오금","3853","3834","20220411",""
"20220408","5호선","개롱","6450","6626","20220411",""
"20220408","5호선","거여","10165","9346","20220411",""
"20220408","5호선","마천","7280","6848","20220411",""
"20220408","5호선","강일","4329","3877","20220411",""
"20220408","5호선","미사","16300","16244","20220411",""
"20220408","5호선","하남풍산","4380","4266","20220411",""
"20220408","5호선","하남시청(덕풍·신장)","6816","6589","20220411",""
"20220408","5호선","하남검단산","5740","5504","20220411",""
"20220408","6호선","응암","18402","18205","20220411",""
"20220408","6호선","역촌","3656","4270","20220411",""
"20220408","6호선","불광","4404","4338","20220411",""
"20220408","6호선","독바위","2795","2887","20220411",""
"20220408","6호선","연신내","1","0","20220411",""
"20220408","6호선","구산","7932","5649","20220411",""
"20220408","6호선","새절(신사)","13738","12859","20220411",""
"20220408","6호선","증산(명지대앞)","10571","10597","20220411",""
"20220408","6호선","디지털미디어시티","13217","14166","20220411",""
"20220408","6호선","월드컵경기장(성산)","4923","5018","20220411",""
"20220408","6호선","마포구청","14127","12478","20220411",""
"20220408","6호선","망원","14376","15523","20220411",""
"20220408","6호선","합정","13772","13675","20220411",""
"20220408","6호선","상수","9169","10856","20220411",""
"20220408","6호선","광흥창(서강)","9185","8871","20220411",""
"20220408","6호선","대흥(서강대앞)","8921","9050","20220411",""
"20220408","6호선","공덕","18357","17849","20220411",""
"20220408","6호선","효창공원앞","7309","6658","20220411",""
"20220408","6호선","삼각지","6569","5675","20220411",""
"20220408","6호선","녹사평(용산구청)","5090","5352","20220411",""
"20220408","6호선","이태원","11240","13671","20220411",""
"20220408","6호선","한강진","8164","9882","20220411",""
"20220408","6호선","버티고개","2130","2062","20220411",""
"20220408","6호선","약수","3677","3810","20220411",""
"20220408","6호선","청구","3706","3895","20220411",""
"20220408","6호선","신당","8742","8510","20220411",""
"20220408","6호선","동묘앞","7774","7795","20220411",""
"20220408","6호선","창신","3587","2996","20220411",""
"20220408","6호선","보문","7606","6740","20220411",""
"20220408","6호선","안암(고대병원앞)","13092","12342","20220411",""
"20220408","6호선","고려대(종암)","8436","8232","20220411",""
"20220408","6호선","월곡(동덕여대)","12298","11766","20220411",""
"20220408","6호선","상월곡(한국과학기술연구원)","6264","5597","20220411",""
"20220408","6호선","돌곶이","9410","8440","20220411",""
"20220408","6호선","석계","12539","12789","20220411",""
"20220408","6호선","태릉입구","5724","6290","20220411",""
"20220408","6호선","화랑대(서울여대입구)","12177","9337","20220411",""
"20220408","6호선","봉화산(서울의료원)","8852","8307","20220411",""
"20220408","7호선","장암","2171","956","20220411",""
"20220408","7호선","도봉산","9480","10859","20220411",""
"20220408","7호선","수락산","12655","12250","20220411",""
"20220408","7호선","마들","13251","12172","20220411",""
"20220408","7호선","노원","19684","21318","20220411",""
"20220408","7호선","중계","14904","13274","20220411",""
"20220408","7호선","하계","18424","16963","20220411",""
"20220408","7호선","공릉(서울과학기술대)","13112","12606","20220411",""
"20220408","7호선","태릉입구","9128","8731","20220411",""
"20220408","7호선","먹골","10290","9680","20220411",""
"20220408","7호선","중화","11038","10662","20220411",""
"20220408","7호선","상봉(시외버스터미널)","16958","16069","20220411",""
"20220408","7호선","면목","16676","15765","20220411",""
"20220408","7호선","사가정","16283","16321","20220411",""
"20220408","7호선","용마산(용마폭포공원)","6121","5726","20220411",""
"20220408","7호선","중곡","11135","10105","20220411",""
"20220408","7호선","군자(능동)","15157","11705","20220411",""
"20220408","7호선","어린이대공원(세종대)","16052","16453","20220411",""
"20220408","7호선","건대입구","13173","14073","20220411",""
"20220408","7호선","뚝섬유원지","13565","13354","20220411",""
"20220408","7호선","청담","19226","21941","20220411",""
"20220408","7호선","강남구청","15616","18026","20220411",""
"20220408","7호선","학동","23372","25091","20220411",""
"20220408","7호선","논현","19967","22212","20220411",""
"20220408","7호선","반포","6091","5762","20220411",""
"20220408","7호선","고속터미널","17327","14065","20220411",""
"20220408","7호선","내방","14418","14845","20220411",""
"20220408","7호선","이수","15934","15614","20220411",""
"20220408","7호선","남성","11126","9913","20220411",""
"20220408","7호선","숭실대입구(살피재)","14186","13993","20220411",""
"20220408","7호선","상도","11374","10729","20220411",""
"20220408","7호선","장승배기","8978","8602","20220411",""
"20220408","7호선","신대방삼거리","16820","15544","20220411",""
"20220408","7호선","보라매","10204","9932","20220411",""
"20220408","7호선","신풍","11760","11166","20220411",""
"20220408","7호선","대림(구로구청)","7572","7724","20220411",""
"20220408","7호선","남구로","15067","15957","20220411",""
"20220408","7호선","가산디지털단지","43670","44136","20220411",""
"20220408","7호선","철산","21500","21973","20220411",""
"20220408","7호선","광명사거리","22477","22118","20220411",""
"20220408","7호선","천왕","11634","10772","20220411",""
"20220408","7호선","온수(성공회대입구)","10927","10167","20220411",""
"20220408","7호선","까치울","1","0","20220411",""
"20220408","7호선","상동","1","0","20220411",""
"20220408","8호선","암사","19168","16603","20220411",""
"20220408","8호선","천호(풍납토성)","15039","17676","20220411",""
"20220408","8호선","강동구청","10566","10590","20220411",""
"20220408","8호선","몽촌토성(평화의문)","6638","6594","20220411",""
"20220408","8호선","잠실(송파구청)","18383","21756","20220411",""
"20220408","8호선","석촌","9300","12074","20220411",""
"20220408","8호선","송파","8181","8005","20220411",""
"20220408","8호선","가락시장","8079","9134","20220411",""
"20220408","8호선","문정","21876","22855","20220411",""
"20220408","8호선","장지","17834","16928","20220411",""
"20220408","8호선","복정","10133","8351","20220411",""
"20220408","8호선","산성","5536","5348","20220411",""
"20220408","8호선","남한산성입구(성남법원.검찰청)","15533","13783","20220411",""
"20220408","8호선","단대오거리","11498","10561","20220411",""
"20220408","8호선","신흥","4290","4548","20220411",""
"20220408","8호선","수진","5476","5090","20220411",""
"20220408","2호선","방배","18603","19234","20220411",""
"20220408","8호선","남위례","4942","5132","20220411",""
"20220408","9호선","개화","2494","1817","20220411",""
"20220408","9호선","김포공항","8017","12654","20220411",""
"20220408","9호선","공항시장","3017","3271","20220411",""
"20220408","9호선","신방화","7076","6676","20220411",""
"20220408","9호선","마곡나루(서울식물원)","12097","12010","20220411",""
"20220408","9호선","양천향교","10055","9809","20220411",""
"20220408","9호선","가양","21285","19889","20220411",""
"20220408","9호선","증미","7320","6906","20220411",""
"20220408","9호선","등촌","11409","10756","20220411",""
"20220408","9호선","염창","17950","16685","20220411",""
"20220408","9호선","신목동","4356","3822","20220411",""
"20220408","9호선","선유도","8951","8432","20220411",""
"20220408","9호선","당산","19330","18706","20220411",""
"20220408","9호선","국회의사당","21266","21503","20220411",""
"20220408","9호선","여의도","29291","29483","20220411",""
"20220408","9호선","샛강","6335","6737","20220411",""
"20220408","9호선","노량진","28234","26504","20220411",""
"20220408","9호선","노들","4751","3806","20220411",""
"20220408","9호선","흑석(중앙대입구)","9651","9419","20220411",""
"20220408","9호선","동작(현충원)","3128","2656","20220411",""
"20220408","9호선","구반포","1326","1351","20220411",""
"20220408","9호선","신반포","3748","3606","20220411",""
"20220408","9호선","고속터미널","13996","18186","20220411",""
"20220408","9호선","사평","3538","3412","20220411",""
"20220408","9호선","신논현","32835","33573","20220411",""
"20220408","9호선2~3단계","언주","10421","10358","20220411",""
"20220408","9호선2~3단계","선정릉","9685","10481","20220411",""
"20220408","9호선2~3단계","삼성중앙","6753","6982","20220411",""
"20220408","9호선2~3단계","봉은사","16358","16513","20220411",""
"20220408","9호선2~3단계","종합운동장","4304","4373","20220411",""
"20220408","9호선2~3단계","삼전","6910","6562","20220411",""
"20220408","9호선2~3단계","석촌고분","6517","6256","20220411",""
"20220408","9호선2~3단계","석촌","10436","9820","20220411",""
"20220408","9호선2~3단계","송파나루","6220","6506","20220411",""
"20220408","9호선2~3단계","한성백제","2798","2396","20220411",""
"20220408","9호선2~3단계","올림픽공원(한국체대)","6871","6774","20220411",""
"20220408","9호선2~3단계","둔촌오륜","1246","1067","20220411",""
"20220408","9호선2~3단계","중앙보훈병원","10584","9156","20220411",""
"20220408","경강선","판교","4612","4682","20220411",""
"20220408","경강선","이매","1133","960","20220411",""
"20220408","경강선","삼동","2411","2127","20220411",""
"20220408","경강선","경기광주","7973","7397","20220411",""
"20220408","경강선","초월","3371","3076","20220411",""
"20220408","경강선","곤지암","2252","2221","20220411",""
"20220408","경강선","신둔도예촌","1849","1537","20220411",""
"20220408","경강선","이천","2746","2950","20220411",""
"20220408","경강선","부발","2703","2180","20220411",""
"20220408","경강선","세종대왕릉","360","370","20220411",""
"20220408","경강선","여주","2294","2441","20220411",""
"20220408","경부선","서울역","7676","2591","20220411",""
"20220408","경부선","남영","9515","9957","20220411",""
"20220408","경부선","용산","35336","37116","20220411",""
"20220408","경부선","노량진","8958","8990","20220411",""
"20220408","경부선","대방","13158","13373","20220411",""
"20220408","경부선","영등포","39690","41734","20220411",""
"20220408","경부선","신도림","4276","4336","20220411",""
"20220408","경부선","신길","9707","8087","20220411",""
"20220408","경부선","구로","18189","19185","20220411",""
"20220408","경부선","가산디지털단지","18846","21362","20220411",""
"20220408","경부선","금천구청","12130","12233","20220411",""
"20220408","경부선","석수","9853","8777","20220411",""
"20220408","경부선","관악","7396","6914","20220411",""
"20220408","경부선","안양","25698","25448","20220411",""
"20220408","경부선","명학","9585","9211","20220411",""
"20220408","경부선","금정","27762","28343","20220411",""
"20220408","경부선","군포","7917","7843","20220411",""
"20220408","경부선","의왕","9600","9306","20220411",""
"20220408","경부선","성균관대","15585","15002","20220411",""
"20220408","경부선","화서","8262","7930","20220411",""
"20220408","경부선","수원","37437","40877","20220411",""
"20220408","경부선","독산","18398","18657","20220411",""
"20220408","경부선","세류","3090","2839","20220411",""
"20220408","경부선","병점","15700","15634","20220411",""
"20220408","경부선","세마","2963","2787","20220411",""
"20220408","경부선","오산대","4080","3689","20220411",""
"20220408","경부선","오산","10744","10838","20220411",""
"20220408","경부선","진위","1958","1577","20220411",""
"20220408","경부선","송탄","5143","4554","20220411",""
"20220408","경부선","서정리","8309","6928","20220411",""
"20220408","경부선","평택지제","3928","3806","20220411",""
"20220408","경부선","평택","14127","13590","20220411",""
"20220408","경부선","성환","4509","3790","20220411",""
"20220408","경부선","직산","975","901","20220411",""
"20220408","경부선","두정","7581","6710","20220411",""
"20220408","경부선","천안","6862","6674","20220411",""
"20220408","경부선","당정","6628","6207","20220411",""
"20220408","경부선","서동탄","1470","1390","20220411",""
"20220408","경부선","광명","3673","3419","20220411",""
"20220408","경원선","이촌(국립중앙박물관)","3840","2860","20220411",""
"20220408","경원선","서빙고","2144","1953","20220411",""
"20220408","경원선","한남","3960","3886","20220411",""
"20220408","경원선","옥수","68","31","20220411",""
"20220408","경원선","응봉","2246","2098","20220411",""
"20220408","경원선","왕십리(성동구청)","14917","16341","20220411",""
"20220408","경원선","청량리(서울시립대입구)","16779","17293","20220411",""
"20220408","경원선","외대앞","8864","8505","20220411",""
"20220408","경원선","신이문","8662","7922","20220411",""
"20220408","경원선","석계","8492","9363","20220411",""
"20220408","경원선","광운대","8722","8446","20220411",""
"20220408","경원선","월계","8147","7475","20220411",""
"20220408","경원선","녹천","4868","3912","20220411",""
"20220408","경원선","방학","10074","9786","20220411",""
"20220408","경원선","도봉","5996","5626","20220411",""
"20220408","경원선","도봉산","8174","5398","20220411",""
"20220408","경원선","망월사","8731","8695","20220411",""
"20220408","경원선","회룡","13094","13010","20220411",""
"20220408","경원선","의정부","19143","20306","20220411",""
"20220408","경원선","가능","6890","6435","20220411",""
"20220408","경원선","녹양","4960","4669","20220411",""
"20220408","경원선","양주","8207","7595","20220411",""
"20220408","경원선","덕계","3386","3057","20220411",""
"20220408","경원선","덕정","6273","5784","20220411",""
"20220408","경원선","지행","7242","7147","20220411",""
"20220408","경원선","동두천중앙","3241","3154","20220411",""
"20220408","경원선","보산","1934","1696","20220411",""
"20220408","경원선","동두천","2499","2738","20220411",""
"20220408","경원선","소요산","2967","2541","20220411",""
"20220408","경의선","서울역","4364","5695","20220411",""
"20220408","경의선","신촌","884","1138","20220411",""
"20220408","경의선","효창공원앞","3187","3490","20220411",""
"20220408","경의선","공덕","3434","3126","20220411",""
"20220408","경의선","서강대","2346","2273","20220411",""
"20220408","경의선","홍대입구","1805","2149","20220411",""
"20220408","경의선","가좌","5454","5206","20220411",""
"20220408","경의선","디지털미디어시티","2671","2459","20220411",""
"20220408","경의선","수색","2748","2895","20220411",""
"20220408","경의선","화전","3071","2725","20220411",""
"20220408","경의선","강매","3383","2880","20220411",""
"20220408","경의선","행신","8328","8565","20220411",""
"20220408","경의선","능곡","3980","3734","20220411",""
"20220408","경의선","곡산","618","656","20220411",""
"20220408","경의선","백마","7266","7034","20220411",""
"20220408","경의선","풍산","5845","5514","20220411",""
"20220408","경의선","일산","11077","10940","20220411",""
"20220408","경의선","탄현","7985","7561","20220411",""
"20220408","경의선","야당","8081","8243","20220411",""
"20220408","경의선","운정","7431","6927","20220411",""
"20220408","경의선","금릉","5116","5000","20220411",""
"20220408","경의선","금촌","6722","6613","20220411",""
"20220408","경의선","월롱","2647","2177","20220411",""
"20220408","경의선","파주","1394","890","20220411",""
"20220408","경의선","문산","5420","5216","20220411",""
"20220408","경의선","임진강","20","12","20220411",""
"20220408","경인선","개봉","21709","20779","20220411",""
"20220408","경인선","오류동","12410","11024","20220411",""
"20220408","경인선","역곡","28762","27859","20220411",""
"20220408","경인선","부천","33242","33878","20220411",""
"20220408","경인선","송내","27458","27549","20220411",""
"20220408","경인선","부평","29521","33408","20220411",""
"20220408","경인선","백운","7233","6913","20220411",""
"20220408","경인선","동암","14969","14992","20220411",""
"20220408","경인선","주안","19932","17927","20220411",""
"20220408","경인선","제물포","11541","10641","20220411",""
"20220408","경인선","동인천","14351","13686","20220411",""
"20220408","경인선","인천","3965","3074","20220411",""
"20220408","경인선","구일","7629","7425","20220411",""
"20220408","경인선","소사","9207","8647","20220411",""
"20220408","경인선","부개","8759","8090","20220411",""
"20220408","경인선","간석","6204","5679","20220411",""
"20220408","경인선","도원","3309","3315","20220411",""
"20220408","경인선","온수(성공회대입구)","7215","6738","20220411",""
"20220408","경인선","중동","9666","8973","20220411",""
"20220408","경인선","도화","4357","3941","20220411",""
"20220408","경춘선","신내","2260","2168","20220411",""
"20220408","경춘선","갈매","3126","2670","20220411",""
"20220408","경춘선","별내","3320","3149","20220411",""
"20220408","경춘선","퇴계원","3572","3325","20220411",""
"20220408","경춘선","사릉","2530","2522","20220411",""
"20220408","경춘선","금곡","1630","1510","20220411",""
"20220408","경춘선","평내호평","6466","6473","20220411",""
"20220408","경춘선","천마산","1773","1700","20220411",""
"20220408","경춘선","마석","4483","4475","20220411",""
"20220408","경춘선","대성리","547","530","20220411",""
"20220408","경춘선","청평","1716","1789","20220411",""
"20220408","경춘선","상천","345","304","20220411",""
"20220408","경춘선","가평","1602","1817","20220411",""
"20220408","경춘선","굴봉산","131","146","20220411",""
"20220408","경춘선","백양리","82","102","20220411",""
"20220408","경춘선","강촌","457","468","20220411",""
"20220408","경춘선","김유정","356","396","20220411",""
"20220408","경춘선","남춘천","3103","2628","20220411",""
"20220408","경춘선","춘천","1787","1429","20220411",""
"20220408","공항철도 1호선","서울역","9202","8764","20220411",""
"20220408","공항철도 1호선","공덕","2150","3018","20220411",""
"20220408","공항철도 1호선","홍대입구","10478","11081","20220411",""
"20220408","공항철도 1호선","디지털미디어시티","12799","11834","20220411",""
"20220408","공항철도 1호선","마곡나루(서울식물원)","6078","6455","20220411",""
"20220408","공항철도 1호선","김포공항","14077","7322","20220411",""
"20220408","공항철도 1호선","계양","10559","10033","20220411",""
"20220408","공항철도 1호선","검암","6753","6764","20220411",""
"20220408","공항철도 1호선","청라국제도시","7047","6800","20220411",""
"20220408","공항철도 1호선","운서","7149","7141","20220411",""
"20220408","공항철도 1호선","공항화물청사","2342","2480","20220411",""
"20220408","공항철도 1호선","인천공항1터미널","4541","4580","20220411",""
"20220408","공항철도 1호선","인천공항2터미널","2498","2141","20220411",""
"20220408","공항철도 1호선","영종","3172","3371","20220411",""
"20220408","과천선","선바위","8659","7613","20220411",""
"20220408","과천선","경마공원","6151","6353","20220411",""
"20220408","과천선","대공원","5438","5569","20220411",""
"20220408","과천선","과천","6583","5842","20220411",""
"20220408","과천선","정부과천청사","10768","10491","20220411",""
"20220408","과천선","인덕원","25314","25797","20220411",""
"20220408","과천선","평촌","17530","17257","20220411",""
"20220408","과천선","범계","26694","27169","20220411",""
"20220408","분당선","선릉","12753","19588","20220411",""
"20220408","분당선","한티","14542","15478","20220411",""
"20220408","분당선","도곡","7723","7506","20220411",""
"20220408","분당선","구룡","2500","2266","20220411",""
"20220408","분당선","개포동","4008","4266","20220411",""
"20220408","분당선","대모산입구","4653","4340","20220411",""
"20220408","분당선","수서","14631","15357","20220411",""
"20220408","분당선","수원","8829","7602","20220411",""
"20220408","분당선","서울숲","15647","16459","20220411",""
"20220408","분당선","압구정로데오","20214","23564","20220411",""
"20220408","분당선","강남구청","10202","11652","20220411",""
"20220408","분당선","선정릉","7988","8516","20220411",""
"20220408","분당선","가천대","9953","10123","20220411",""
"20220408","분당선","태평","13780","13208","20220411",""
"20220408","분당선","모란","20492","21043","20220411",""
"20220408","분당선","야탑","26881","27920","20220411",""
"20220408","분당선","서현","24818","23950","20220411",""
"20220408","분당선","수내","13276","13300","20220411",""
"20220408","분당선","정자","17378","18730","20220411",""
"20220408","분당선","미금","15812","16553","20220411",""
"20220408","분당선","오리","11990","9592","20220411",""
"20220408","분당선","이매","5874","5498","20220411",""
"20220408","분당선","보정","2671","2318","20220411",""
"20220408","분당선","죽전","14503","15557","20220411",""
"20220408","분당선","구성","5198","5291","20220411",""
"20220408","분당선","신갈","4649","4561","20220411",""
"20220408","분당선","기흥","10155","9550","20220411",""
"20220408","분당선","상갈","5403","5154","20220411",""
"20220408","분당선","청명","4707","4289","20220411",""
"20220408","분당선","영통","8842","8999","20220411",""
"20220408","분당선","망포","15280","14025","20220411",""
"20220408","분당선","매탄권선","5471","5265","20220411",""
"20220408","분당선","수원시청","13166","14950","20220411",""
"20220408","분당선","매교","3348","3337","20220411",""
"20220408","수인선","고색","5365","5103","20220411",""
"20220408","수인선","오목천","3649","3217","20220411",""
"20220408","수인선","어천","855","821","20220411",""
"20220408","수인선","야목","423","309","20220411",""
"20220408","수인선","사리","5013","4427","20220411",""
"20220408","수인선","달월","106","72","20220411",""
"20220408","수인선","월곶","2781","2559","20220411",""
"20220408","수인선","소래포구","5793","5524","20220411",""
"20220408","수인선","인천논현","5760","6279","20220411",""
"20220408","수인선","호구포","4235","4326","20220411",""
"20220408","수인선","남동인더스파크","2271","2533","20220411",""
"20220408","수인선","원인재","4664","5015","20220411",""
"20220408","수인선","연수","4970","4821","20220411",""
"20220408","수인선","송도","2674","2465","20220411",""
"20220408","수인선","인하대","7102","6469","20220411",""
"20220408","수인선","숭의","4182","3845","20220411",""
"20220408","수인선","신포","1996","2020","20220411",""
"20220408","수인선","인천","1087","1827","20220411",""
"20220408","안산선","산본","16597","17968","20220411",""
"20220408","안산선","대야미","5547","4770","20220411",""
"20220408","안산선","반월","4621","4356","20220411",""
"20220408","안산선","상록수","16764","16609","20220411",""
"20220408","안산선","한대앞","10814","10485","20220411",""
"20220408","안산선","중앙","18803","20385","20220411",""
"20220408","안산선","고잔","9114","8588","20220411",""
"20220408","안산선","초지","4967","5368","20220411",""
"20220408","안산선","안산","11847","10801","20220411",""
"20220408","안산선","신길온천","1808","1673","20220411",""
"20220408","안산선","정왕","10738","10230","20220411",""
"20220408","안산선","오이도","8619","8827","20220411",""
"20220408","안산선","수리산","4468","3573","20220411",""
"20220408","우이신설선","북한산우이","2835","2569","20220411",""
"20220408","우이신설선","솔밭공원","2521","2332","20220411",""
"20220408","우이신설선","4.19민주묘지","3709","3412","20220411",""
"20220408","우이신설선","가오리","4221","4090","20220411",""
"20220408","우이신설선","화계","3425","3113","20220411",""
"20220408","우이신설선","삼양","2025","2071","20220411",""
"20220408","우이신설선","삼양사거리","2434","2512","20220411",""
"20220408","우이신설선","솔샘","5921","5240","20220411",""
"20220408","우이신설선","북한산보국문","6498","5766","20220411",""
"20220408","우이신설선","정릉","4875","4347","20220411",""
"20220408","우이신설선","성신여대입구(돈암)","3461","3746","20220411",""
"20220408","우이신설선","보문","1541","1489","20220411",""
"20220408","우이신설선","신설동","2136","2120","20220411",""
"20220408","일산선","원흥","11088","10294","20220411",""
"20220408","일산선","삼송","20085","18993","20220411",""
"20220408","일산선","원당","11566","10701","20220411",""
"20220408","일산선","화정","17218","17633","20220411",""
"20220408","일산선","대곡","2222","1746","20220411",""
"20220408","일산선","백석","9940","9771","20220411",""
"20220408","일산선","마두","7447","7752","20220411",""
"20220408","일산선","정발산","7441","8013","20220411",""
"20220408","장항선","배방","1221","1177","20220411",""
"20220408","장항선","탕정","863","683","20220411",""
"20220408","장항선","아산","4288","3955","20220411",""
"20220408","장항선","쌍용(나사렛대)","2667","2303","20220411",""
"20220408","장항선","봉명","1271","1202","20220411",""
"20220408","일산선","대화","12483","10002","20220411",""
"20220408","일산선","주엽","9009","9220","20220411",""
"20220408","중앙선","지평","77","93","20220411",""
"20220408","중앙선","용문","1871","2000","20220411",""
"20220408","중앙선","원덕","486","478","20220411",""
"20220408","중앙선","양평","4304","4560","20220411",""
"20220408","중앙선","오빈","313","335","20220411",""
"20220408","중앙선","아신","579","617","20220411",""
"20220408","중앙선","국수","880","899","20220411",""
"20220408","중앙선","신원","282","226","20220411",""
"20220408","중앙선","양수","1939","2006","20220411",""
"20220408","중앙선","운길산","992","906","20220411",""
"20220408","중앙선","팔당","1010","1090","20220411",""
"20220408","중앙선","도심","2559","2022","20220411",""
"20220408","중앙선","덕소","5702","5830","20220411",""
"20220408","중앙선","양정","820","726","20220411",""
"20220408","중앙선","도농","10783","10014","20220411",""
"20220408","중앙선","구리","13496","14132","20220411",""
"20220408","중앙선","양원","3187","2940","20220411",""
"20220408","중앙선","망우","8166","7963","20220411",""
"20220408","중앙선","상봉(시외버스터미널)","6182","5918","20220411",""
"20220408","중앙선","중랑","5977","5498","20220411",""
"20220408","중앙선","회기","27024","25470","20220411",""
"20220408","장항선","신창(순천향대)","2157","1445","20220411",""
"20220408","장항선","온양온천","3742","4000","20220411",""
"20220408","1호선","서울역","45182","45468","20220411",""
"20220408","1호선","시청","21934","22451","20220411",""
"20220408","1호선","종각","32486","32460","20220411",""
"20220408","1호선","종로3가","25503","23356","20220411",""
"20220408","1호선","종로5가","22639","22759","20220411",""
"20220408","1호선","동대문","10828","9819","20220411",""
"20220408","1호선","신설동","14096","13489","20220411",""
"20220408","1호선","제기동","17671","17747","20220411",""
"20220408","1호선","청량리(서울시립대입구)","20347","20253","20220411",""
"20220408","1호선","동묘앞","8476","8825","20220411",""
"20220408","2호선","시청","22992","22429","20220411",""
"20220408","2호선","을지로입구","37487","39254","20220411",""
"20220408","2호선","을지로3가","21756","22557","20220411",""
"20220408","2호선","을지로4가","12919","12933","20220411",""
"20220408","2호선","동대문역사문화공원(DDP)","12168","13613","20220411",""
"20220408","2호선","신당","14238","14622","20220411",""
"20220408","2호선","상왕십리","14728","14099","20220411",""
"20220408","2호선","왕십리(성동구청)","17716","14516","20220411",""
"20220408","2호선","한양대","13219","14187","20220411",""
"20220408","2호선","뚝섬","24959","26293","20220411",""
"20220408","2호선","성수","37698","42217","20220411",""
"20220408","2호선","건대입구","38919","42422","20220411",""
"20220408","2호선","구의(광진구청)","23972","23176","20220411",""
"20220408","2호선","강변(동서울터미널)","32715","30750","20220411",""
"20220408","2호선","잠실나루","14625","13945","20220411",""
"20220408","2호선","잠실(송파구청)","95304","95925","20220411",""
"20220408","2호선","잠실새내","22418","23002","20220411",""
"20220408","2호선","종합운동장","11681","13279","20220411",""
"20220408","2호선","삼성(무역센터)","49982","50452","20220411",""
"20220408","2호선","선릉","54454","48460","20220411",""
"20220408","2호선","역삼","48587","54663","20220411",""
"20220408","2호선","강남","84552","86323","20220411",""
"20220408","2호선","교대(법원.검찰청)","33848","38073","20220411",""
"20220408","2호선","서초","21284","19894","20220411",""
"20220409","분당선","망포","9396","8298","20220412",""
"20220409","분당선","영통","6933","6636","20220412",""
"20220409","분당선","청명","2737","2647","20220412",""
"20220409","분당선","상갈","3862","3736","20220412",""
"20220409","분당선","기흥","6422","6064","20220412",""
"20220409","분당선","신갈","2731","2712","20220412",""
"20220409","분당선","구성","3431","3485","20220412",""
"20220409","분당선","죽전","10327","11360","20220412",""
"20220409","분당선","보정","1601","1465","20220412",""
"20220409","분당선","이매","4431","4217","20220412",""
"20220409","분당선","오리","7752","6286","20220412",""
"20220409","분당선","미금","10803","11403","20220412",""
"20220409","분당선","정자","10519","10971","20220412",""
"20220409","분당선","수내","9103","8359","20220412",""
"20220409","분당선","서현","19119","19195","20220412",""
"20220409","분당선","야탑","18903","19477","20220412",""
"20220409","분당선","모란","23965","25317","20220412",""
"20220409","분당선","태평","11279","10425","20220412",""
"20220409","분당선","가천대","5826","6132","20220412",""
"20220409","분당선","선정릉","3559","3593","20220412",""
"20220409","분당선","강남구청","5673","7142","20220412",""
"20220409","분당선","압구정로데오","18696","22793","20220412",""
"20220409","분당선","서울숲","21329","25385","20220412",""
"20220409","분당선","수원","7657","6216","20220412",""
"20220409","분당선","수서","10786","11133","20220412",""
"20220409","분당선","대모산입구","3016","2819","20220412",""
"20220409","분당선","개포동","2974","2876","20220412",""
"20220409","분당선","구룡","1759","1469","20220412",""
"20220409","분당선","도곡","5759","5422","20220412",""
"20220409","분당선","한티","11698","11314","20220412",""
"20220409","분당선","선릉","5191","7916","20220412",""
"20220409","과천선","범계","21153","20691","20220412",""
"20220409","과천선","평촌","9731","9470","20220412",""
"20220409","과천선","인덕원","17618","17298","20220412",""
"20220409","과천선","정부과천청사","7052","6706","20220412",""
"20220409","과천선","과천","5004","4577","20220412",""
"20220409","과천선","대공원","16375","16699","20220412",""
"20220409","과천선","경마공원","11138","11334","20220412",""
"20220409","과천선","선바위","6305","5474","20220412",""
"20220409","공항철도 1호선","영종","3149","3141","20220412",""
"20220409","공항철도 1호선","인천공항2터미널","2266","2012","20220412",""
"20220409","공항철도 1호선","인천공항1터미널","4422","3972","20220412",""
"20220409","공항철도 1호선","공항화물청사","1328","1383","20220412",""
"20220409","공항철도 1호선","운서","6402","6533","20220412",""
"20220409","공항철도 1호선","청라국제도시","4583","4382","20220412",""
"20220409","공항철도 1호선","검암","4939","5047","20220412",""
"20220409","공항철도 1호선","계양","7737","7084","20220412",""
"20220409","공항철도 1호선","김포공항","11377","5795","20220412",""
"20220409","공항철도 1호선","마곡나루(서울식물원)","3374","3695","20220412",""
"20220409","공항철도 1호선","디지털미디어시티","5630","5490","20220412",""
"20220409","공항철도 1호선","홍대입구","12186","12135","20220412",""
"20220409","공항철도 1호선","공덕","1532","2466","20220412",""
"20220409","공항철도 1호선","서울역","7740","8208","20220412",""
"20220409","경춘선","춘천","1981","1732","20220412",""
"20220409","경춘선","남춘천","2873","2937","20220412",""
"20220409","경춘선","김유정","691","760","20220412",""
"20220409","경춘선","강촌","699","763","20220412",""
"20220409","경춘선","백양리","84","90","20220412",""
"20220409","경춘선","굴봉산","200","240","20220412",""
"20220409","경춘선","가평","2004","2145","20220412",""
"20220409","경춘선","상천","466","402","20220412",""
"20220409","경춘선","청평","1802","1901","20220412",""
"20220409","경춘선","대성리","975","1100","20220412",""
"20220409","경춘선","마석","3341","3184","20220412",""
"20220409","경춘선","천마산","1426","1414","20220412",""
"20220409","경춘선","평내호평","4745","4572","20220412",""
"20220409","경춘선","금곡","1190","1136","20220412",""
"20220409","경춘선","사릉","1818","1757","20220412",""
"20220409","경춘선","퇴계원","2609","2325","20220412",""
"20220409","경춘선","별내","2350","2146","20220412",""
"20220409","경춘선","갈매","2044","1695","20220412",""
"20220409","경춘선","신내","1384","1307","20220412",""
"20220409","경인선","도화","3288","3118","20220412",""
"20220409","경인선","중동","6797","6320","20220412",""
"20220409","경인선","온수(성공회대입구)","4861","4491","20220412",""
"20220409","경인선","도원","2000","1919","20220412",""
"20220409","경인선","간석","4477","4198","20220412",""
"20220409","경인선","부개","6660","6068","20220412",""
"20220409","경인선","소사","7893","7794","20220412",""
"20220409","경인선","구일","6157","6026","20220412",""
"20220409","경인선","인천","5099","4572","20220412",""
"20220409","경인선","동인천","12089","11743","20220412",""
"20220409","경인선","제물포","7524","7151","20220412",""
"20220409","경인선","주안","16595","14355","20220412",""
"20220409","경인선","동암","12472","12544","20220412",""
"20220409","경인선","백운","5548","5479","20220412",""
"20220409","경인선","부평","28977","31989","20220412",""
"20220409","경인선","송내","19017","18539","20220412",""
"20220409","경인선","부천","28103","29335","20220412",""
"20220409","경인선","역곡","21001","20013","20220412",""
"20220409","경인선","오류동","9305","8473","20220412",""
"20220409","경인선","개봉","16268","15613","20220412",""
"20220409","경의선","계양","1","0","20220412",""
"20220409","경의선","임진강","77","79","20220412",""
"20220409","경의선","문산","4943","4969","20220412",""
"20220409","경의선","파주","914","688","20220412",""
"20220409","경의선","월롱","1718","1506","20220412",""
"20220409","경의선","금촌","5675","5270","20220412",""
"20220409","경의선","금릉","3966","3805","20220412",""
"20220409","경의선","운정","5079","4613","20220412",""
"20220409","경의선","야당","6228","6316","20220412",""
"20220409","경의선","탄현","5537","5137","20220412",""
"20220409","경의선","일산","6353","5961","20220412",""
"20220409","경의선","풍산","4430","4267","20220412",""
"20220409","경의선","백마","4643","4243","20220412",""
"20220409","경의선","곡산","471","459","20220412",""
"20220409","경의선","능곡","2883","2903","20220412",""
"20220409","경의선","행신","5473","5429","20220412",""
"20220409","경의선","강매","2077","1962","20220412",""
"20220409","경의선","수색","1564","1553","20220412",""
"20220409","경의선","디지털미디어시티","2105","1847","20220412",""
"20220409","경의선","가좌","3875","3696","20220412",""
"20220409","경의선","홍대입구","1959","2543","20220412",""
"20220409","경의선","서강대","1927","1838","20220412",""
"20220409","경의선","공덕","2807","2067","20220412",""
"20220409","경의선","효창공원앞","1748","1932","20220412",""
"20220409","경의선","신촌","361","399","20220412",""
"20220409","경의선","서울역","1339","1466","20220412",""
"20220409","경원선","소요산","4190","3670","20220412",""
"20220409","경원선","동두천","1777","2175","20220412",""
"20220409","경원선","보산","2356","2306","20220412",""
"20220409","경원선","동두천중앙","2678","2571","20220412",""
"20220409","경원선","지행","6128","5980","20220412",""
"20220409","경원선","덕정","4800","4425","20220412",""
"20220409","경원선","덕계","2648","2319","20220412",""
"20220409","경원선","양주","6726","6360","20220412",""
"20220409","경원선","녹양","3866","3559","20220412",""
"20220409","경원선","가능","5238","5014","20220412",""
"20220409","경원선","의정부","18485","19381","20220412",""
"20220409","경원선","회룡","10256","10148","20220412",""
"20220409","경원선","망월사","6057","6172","20220412",""
"20220409","경원선","도봉산","9284","6560","20220412",""
"20220409","경원선","도봉","4479","4181","20220412",""
"20220409","경원선","방학","7472","7231","20220412",""
"20220409","경원선","녹천","3366","2803","20220412",""
"20220409","경원선","월계","4710","4321","20220412",""
"20220409","경원선","광운대","5518","5365","20220412",""
"20220409","경원선","신이문","6088","5538","20220412",""
"20220409","경원선","외대앞","6668","6228","20220412",""
"20220409","경원선","청량리(서울시립대입구)","15694","17077","20220412",""
"20220409","경원선","왕십리(성동구청)","12470","14294","20220412",""
"20220409","경원선","응봉","2296","2340","20220412",""
"20220409","경원선","옥수","50","42","20220412",""
"20220409","경원선","한남","2774","2734","20220412",""
"20220409","경원선","서빙고","1717","1813","20220412",""
"20220409","경원선","이촌(국립중앙박물관)","3344","2216","20220412",""
"20220409","경부선","광명","2807","2457","20220412",""
"20220409","경부선","서동탄","973","1047","20220412",""
"20220409","경부선","당정","4411","4039","20220412",""
"20220409","경부선","천안","6515","6660","20220412",""
"20220409","경부선","두정","5665","5476","20220412",""
"20220409","경부선","직산","746","670","20220412",""
"20220409","경부선","성환","3098","2841","20220412",""
"20220409","경부선","평택","13626","12999","20220412",""
"20220409","경부선","평택지제","3175","3021","20220412",""
"20220409","경부선","서정리","7104","5740","20220412",""
"20220409","경부선","송탄","5047","4372","20220412",""
"20220409","경부선","진위","1128","909","20220412",""
"20220409","경부선","오산","9355","8577","20220412",""
"20220409","경부선","오산대","3011","2685","20220412",""
"20220409","경부선","세마","2179","1919","20220412",""
"20220409","경부선","병점","12370","12265","20220412",""
"20220409","경부선","세류","2520","2503","20220412",""
"20220409","경부선","독산","9375","9139","20220412",""
"20220409","경부선","수원","37628","41204","20220412",""
"20220409","경부선","화서","5980","5991","20220412",""
"20220409","경부선","성균관대","10426","10273","20220412",""
"20220409","경부선","의왕","6323","6053","20220412",""
"20220409","경부선","군포","4397","3974","20220412",""
"20220409","경부선","금정","20070","19840","20220412",""
"20220409","경부선","명학","5137","5022","20220412",""
"20220409","경부선","안양","17958","17916","20220412",""
"20220409","경부선","관악","6142","5711","20220412",""
"20220409","경부선","석수","7126","6690","20220412",""
"20220409","경부선","금천구청","8917","9202","20220412",""
"20220409","경부선","가산디지털단지","6856","8709","20220412",""
"20220409","경부선","구로","12713","13502","20220412",""
"20220409","경부선","신길","6730","5993","20220412",""
"20220409","경부선","신도림","3177","3363","20220412",""
"20220409","경부선","영등포","39746","39778","20220412",""
"20220409","경부선","대방","8894","8558","20220412",""
"20220409","경부선","노량진","8844","8191","20220412",""
"20220409","경부선","용산","32858","35017","20220412",""
"20220409","경부선","남영","5415","5664","20220412",""
"20220409","경부선","서울역","7409","1909","20220412",""
"20220409","경강선","여주","2368","2568","20220412",""
"20220409","경강선","세종대왕릉","347","399","20220412",""
"20220409","경강선","부발","2080","1784","20220412",""
"20220409","경강선","이천","2910","2961","20220412",""
"20220409","경강선","신둔도예촌","1263","1210","20220412",""
"20220409","경강선","곤지암","2043","2112","20220412",""
"20220409","경강선","초월","2344","2165","20220412",""
"20220409","경강선","경기광주","5652","5136","20220412",""
"20220409","경강선","삼동","1462","1353","20220412",""
"20220409","경강선","이매","911","689","20220412",""
"20220409","경강선","판교","2995","2916","20220412",""
"20220409","9호선2~3단계","중앙보훈병원","4958","4639","20220412",""
"20220409","9호선2~3단계","둔촌오륜","704","665","20220412",""
"20220409","9호선2~3단계","올림픽공원(한국체대)","8954","9550","20220412",""
"20220409","9호선2~3단계","한성백제","2537","1964","20220412",""
"20220409","9호선2~3단계","송파나루","7489","6995","20220412",""
"20220409","9호선2~3단계","석촌","10919","10898","20220412",""
"20220409","9호선2~3단계","석촌고분","5394","4997","20220412",""
"20220409","9호선2~3단계","삼전","5243","4608","20220412",""
"20220409","9호선2~3단계","종합운동장","4123","3839","20220412",""
"20220409","9호선2~3단계","봉은사","9953","10482","20220412",""
"20220409","9호선2~3단계","삼성중앙","3202","3153","20220412",""
"20220409","9호선2~3단계","선정릉","4841","5501","20220412",""
"20220409","9호선2~3단계","언주","6381","6271","20220412",""
"20220409","9호선","신논현","27225","26914","20220412",""
"20220409","9호선","사평","2478","2134","20220412",""
"20220409","9호선","고속터미널","14946","20085","20220412",""
"20220409","9호선","신반포","3373","3428","20220412",""
"20220409","9호선","구반포","1428","1498","20220412",""
"20220409","9호선","동작(현충원)","4832","3829","20220412",""
"20220409","9호선","흑석(중앙대입구)","6672","6353","20220412",""
"20220409","9호선","노들","4109","3420","20220412",""
"20220409","9호선","노량진","23331","23184","20220412",""
"20220409","9호선","여의도","22453","21754","20220412",""
"20220409","9호선","국회의사당","25961","24406","20220412",""
"20220409","9호선","당산","15041","13852","20220412",""
"20220409","9호선","선유도","5682","5752","20220412",""
"20220409","9호선","신목동","3098","2748","20220412",""
"20220409","9호선","염창","12884","11740","20220412",""
"20220409","9호선","등촌","7793","7187","20220412",""
"20220409","9호선","증미","4197","3998","20220412",""
"20220409","9호선","가양","15403","13931","20220412",""
"20220409","9호선","양천향교","6295","5785","20220412",""
"20220409","9호선","마곡나루(서울식물원)","8497","8372","20220412",""
"20220409","9호선","신방화","4908","4541","20220412",""
"20220409","9호선","공항시장","2368","2488","20220412",""
"20220409","9호선","김포공항","7826","11687","20220412",""
"20220409","9호선","개화","1588","1348","20220412",""
"20220409","8호선","남위례","3491","3778","20220412",""
"20220409","8호선","모란","6470","5738","20220412",""
"20220409","8호선","수진","4487","3865","20220412",""
"20220409","8호선","신흥","3750","3878","20220412",""
"20220409","8호선","단대오거리","8326","7756","20220412",""
"20220409","8호선","남한산성입구(성남법원.검찰청)","10137","8838","20220412",""
"20220409","8호선","산성","4446","4433","20220412",""
"20220409","8호선","복정","6750","5637","20220412",""
"20220409","8호선","장지","13198","12133","20220412",""
"20220409","8호선","문정","9307","9402","20220412",""
"20220409","8호선","가락시장","5872","6252","20220412",""
"20220409","8호선","송파","6241","5926","20220412",""
"20220409","8호선","석촌","10038","14568","20220412",""
"20220409","8호선","잠실(송파구청)","22933","26129","20220412",""
"20220409","8호선","몽촌토성(평화의문)","6592","5754","20220412",""
"20220409","8호선","강동구청","6633","6539","20220412",""
"20220409","8호선","천호(풍납토성)","12853","15392","20220412",""
"20220409","8호선","암사","13154","11789","20220412",""
"20220409","7호선","굴포천","1","0","20220412",""
"20220409","7호선","상동","1","0","20220412",""
"20220409","7호선","온수(성공회대입구)","5731","5635","20220412",""
"20220409","7호선","천왕","7167","6712","20220412",""
"20220409","7호선","광명사거리","16522","16233","20220412",""
"20220409","7호선","철산","15090","15302","20220412",""
"20220409","7호선","가산디지털단지","14870","13621","20220412",""
"20220409","7호선","남구로","7837","8010","20220412",""
"20220409","7호선","대림(구로구청)","6522","7233","20220412",""
"20220409","7호선","신풍","7958","7626","20220412",""
"20220409","7호선","보라매","7136","6867","20220412",""
"20220409","7호선","신대방삼거리","11394","10395","20220412",""
"20220409","7호선","장승배기","6335","5934","20220412",""
"20220409","7호선","상도","7569","7087","20220412",""
"20220409","7호선","숭실대입구(살피재)","8815","8523","20220412",""
"20220409","7호선","남성","7683","6851","20220412",""
"20220409","7호선","이수","12013","11051","20220412",""
"20220409","7호선","내방","7547","7520","20220412",""
"20220409","7호선","고속터미널","14561","11045","20220412",""
"20220409","7호선","반포","4402","4337","20220412",""
"20220409","7호선","논현","10787","11803","20220412",""
"20220409","7호선","학동","10547","11089","20220412",""
"20220409","7호선","강남구청","9552","10562","20220412",""
"20220409","7호선","청담","10955","11964","20220412",""
"20220409","7호선","뚝섬유원지","18899","18781","20220412",""
"20220409","7호선","건대입구","11448","12274","20220412",""
"20220409","7호선","어린이대공원(세종대)","16878","18196","20220412",""
"20220409","중앙선","지평","55","80","20220412",""
"20220409","중앙선","용문","2061","2210","20220412",""
"20220409","중앙선","원덕","750","616","20220412",""
"20220409","중앙선","양평","3063","3295","20220412",""
"20220409","중앙선","오빈","282","297","20220412",""
"20220409","중앙선","아신","627","703","20220412",""
"20220409","중앙선","국수","745","720","20220412",""
"20220409","중앙선","신원","426","303","20220412",""
"20220409","중앙선","양수","2447","2479","20220412",""
"20220409","중앙선","운길산","1542","1532","20220412",""
"20220409","중앙선","팔당","1572","1774","20220412",""
"20220409","중앙선","도심","1659","1360","20220412",""
"20220409","중앙선","덕소","4483","4466","20220412",""
"20220409","중앙선","양정","648","581","20220412",""
"20220409","중앙선","도농","7164","6870","20220412",""
"20220409","중앙선","구리","10677","10728","20220412",""
"20220409","중앙선","양원","2017","1996","20220412",""
"20220409","중앙선","망우","6605","6347","20220412",""
"20220409","중앙선","상봉(시외버스터미널)","5079","5099","20220412",""
"20220409","중앙선","중랑","4764","4424","20220412",""
"20220409","중앙선","회기","22122","21202","20220412",""
"20220409","장항선","신창(순천향대)","1289","1280","20220412",""
"20220409","장항선","온양온천","5020","5095","20220412",""
"20220409","장항선","배방","1080","1038","20220412",""
"20220409","장항선","탕정","667","602","20220412",""
"20220409","장항선","아산","3243","3091","20220412",""
"20220409","7호선","군자(능동)","11276","8272","20220412",""
"20220409","7호선","중곡","7114","6607","20220412",""
"20220409","7호선","용마산(용마폭포공원)","4846","4984","20220412",""
"20220409","7호선","사가정","12517","12102","20220412",""
"20220409","7호선","면목","11526","10772","20220412",""
"20220409","7호선","상봉(시외버스터미널)","13505","12722","20220412",""
"20220409","7호선","중화","7932","7293","20220412",""
"20220409","7호선","먹골","7768","7333","20220412",""
"20220409","7호선","태릉입구","6972","6550","20220412",""
"20220409","7호선","공릉(서울과학기술대)","9654","9197","20220412",""
"20220409","7호선","하계","12988","11757","20220412",""
"20220409","7호선","중계","9789","8534","20220412",""
"20220409","7호선","노원","15436","16134","20220412",""
"20220409","7호선","마들","9988","9050","20220412",""
"20220409","7호선","수락산","10292","9786","20220412",""
"20220409","7호선","도봉산","7088","9302","20220412",""
"20220409","7호선","장암","1842","1245","20220412",""
"20220409","6호선","봉화산(서울의료원)","5599","5373","20220412",""
"20220409","6호선","화랑대(서울여대입구)","7910","6446","20220412",""
"20220409","6호선","태릉입구","4332","4595","20220412",""
"20220409","6호선","석계","8975","8986","20220412",""
"20220409","6호선","돌곶이","6289","5772","20220412",""
"20220409","6호선","상월곡(한국과학기술연구원)","4305","3750","20220412",""
"20220409","6호선","월곡(동덕여대)","7575","7351","20220412",""
"20220409","6호선","고려대(종암)","5680","5688","20220412",""
"20220409","6호선","안암(고대병원앞)","7726","7423","20220412",""
"20220409","6호선","보문","5205","4702","20220412",""
"20220409","6호선","창신","2220","1794","20220412",""
"20220409","6호선","동묘앞","7325","7226","20220412",""
"20220409","6호선","신당","6306","5604","20220412",""
"20220409","6호선","청구","2422","2395","20220412",""
"20220409","6호선","약수","2504","2537","20220412",""
"20220409","6호선","버티고개","1484","1537","20220412",""
"20220409","6호선","한강진","7379","9651","20220412",""
"20220409","6호선","이태원","13604","16745","20220412",""
"20220409","6호선","녹사평(용산구청)","5384","5891","20220412",""
"20220409","6호선","삼각지","5813","4287","20220412",""
"20220409","6호선","효창공원앞","4840","4248","20220412",""
"20220409","6호선","공덕","10866","10313","20220412",""
"20220409","6호선","대흥(서강대앞)","6048","6230","20220412",""
"20220409","6호선","광흥창(서강)","5873","5151","20220412",""
"20220409","6호선","상수","8399","10190","20220412",""
"20220409","6호선","합정","13293","12047","20220412",""
"20220409","6호선","망원","13271","14446","20220412",""
"20220409","6호선","마포구청","9457","7998","20220412",""
"20220409","6호선","월드컵경기장(성산)","5313","5115","20220412",""
"20220409","6호선","디지털미디어시티","7692","7623","20220412",""
"20220409","6호선","증산(명지대앞)","8478","8559","20220412",""
"20220409","6호선","새절(신사)","11044","10083","20220412",""
"20220409","6호선","구산","5904","4147","20220412",""
"20220409","6호선","연신내","1","0","20220412",""
"20220409","6호선","독바위","2329","2484","20220412",""
"20220409","6호선","불광","4051","3714","20220412",""
"20220409","6호선","역촌","2664","3051","20220412",""
"20220409","6호선","응암","16461","16958","20220412",""
"20220409","5호선","하남검단산","5691","5531","20220412",""
"20220409","5호선","하남시청(덕풍·신장)","5761","5516","20220412",""
"20220409","5호선","하남풍산","3128","2936","20220412",""
"20220409","5호선","미사","12682","12495","20220412",""
"20220409","5호선","강일","3036","2602","20220412",""
"20220409","5호선","마천","4824","4918","20220412",""
"20220409","5호선","거여","6260","6043","20220412",""
"20220409","5호선","개롱","4213","4438","20220412",""
"20220409","5호선","오금","2481","2279","20220412",""
"20220409","5호선","방이","5339","5033","20220412",""
"20220409","5호선","올림픽공원(한국체대)","3929","3770","20220412",""
"20220409","5호선","둔촌동","6502","6197","20220412",""
"20220409","5호선","상일동","9621","8889","20220412",""
"20220409","5호선","고덕","6525","6255","20220412",""
"20220409","5호선","명일","6270","6236","20220412",""
"20220409","5호선","굽은다리(강동구민회관앞)","7180","6585","20220412",""
"20220409","5호선","길동","6081","6128","20220412",""
"20220409","5호선","강동","13322","12406","20220412",""
"20220409","5호선","천호(풍납토성)","17004","16015","20220412",""
"20220409","5호선","광나루(장신대)","11291","10574","20220412",""
"20220409","5호선","아차산(어린이대공원후문)","16766","16301","20220412",""
"20220409","5호선","군자(능동)","8869","9568","20220412",""
"20220409","5호선","장한평","11392","11288","20220412",""
"20220409","5호선","답십리","10485","9189","20220412",""
"20220409","5호선","마장","3957","3690","20220412",""
"20220409","5호선","왕십리(성동구청)","3656","4474","20220412",""
"20220409","5호선","행당","5520","4771","20220412",""
"20220409","5호선","신금호","4332","4413","20220412",""
"20220409","5호선","청구","2664","2383","20220412",""
"20220409","5호선","동대문역사문화공원(DDP)","996","1358","20220412",""
"20220409","5호선","을지로4가","3608","3982","20220412",""
"20220409","5호선","종로3가","12661","13361","20220412",""
"20220409","5호선","광화문(세종문화회관)","17929","18197","20220412",""
"20220409","5호선","서대문","7840","7444","20220412",""
"20220409","5호선","충정로(경기대입구)","2143","1891","20220412",""
"20220409","5호선","애오개","3978","3921","20220412",""
"20220409","5호선","공덕","8285","8917","20220412",""
"20220409","5호선","마포","8909","8529","20220412",""
"20220409","5호선","여의나루","51164","62797","20220412",""
"20220409","5호선","여의도","21663","22351","20220412",""
"20220409","5호선","신길","3117","3228","20220412",""
"20220409","5호선","영등포시장","8840","9046","20220412",""
"20220409","5호선","영등포구청","2325","2243","20220412",""
"20220409","5호선","양평","4578","4310","20220412",""
"20220409","5호선","오목교(목동운동장앞)","17927","18199","20220412",""
"20220409","5호선","목동","11796","11676","20220412",""
"20220409","5호선","신정(은행정)","9679","8064","20220412",""
"20220409","5호선","까치산","21829","20595","20220412",""
"20220409","5호선","화곡","21878","19493","20220412",""
"20220409","5호선","우장산","10286","9845","20220412",""
"20220409","5호선","발산","13902","15015","20220412",""
"20220409","5호선","마곡","5703","5619","20220412",""
"20220409","5호선","송정","5174","4705","20220412",""
"20220409","5호선","김포공항","7143","7494","20220412",""
"20220409","5호선","개화산","3880","3706","20220412",""
"20220409","5호선","방화","4719","4433","20220412",""
"20220409","4호선","남태령","1262","672","20220412",""
"20220409","4호선","사당","22445","19041","20220412",""
"20220409","4호선","총신대입구(이수)","14389","15498","20220412",""
"20220409","4호선","동작(현충원)","2948","3676","20220412",""
"20220409","4호선","이촌(국립중앙박물관)","7214","8010","20220412",""
"20220409","4호선","신용산","9633","10741","20220412",""
"20220409","4호선","삼각지","3404","4712","20220412",""
"20220409","4호선","숙대입구(갈월)","9104","8576","20220412",""
"20220409","4호선","서울역","5808","13626","20220412",""
"20220409","4호선","회현(남대문시장)","18588","20434","20220412",""
"20220409","4호선","명동","16039","18808","20220412",""
"20220409","4호선","충무로","15548","15886","20220412",""
"20220409","4호선","동대문역사문화공원(DDP)","11289","10220","20220412",""
"20220409","4호선","동대문","13311","13557","20220412",""
"20220409","4호선","혜화","26538","27882","20220412",""
"20220409","4호선","한성대입구(삼선교)","10673","10715","20220412",""
"20220409","4호선","성신여대입구(돈암)","16696","15416","20220412",""
"20220409","4호선","길음","14743","13697","20220412",""
"20220409","4호선","미아사거리","22001","20906","20220412",""
"20220409","4호선","미아(서울사이버대학)","10669","9873","20220412",""
"20220409","4호선","수유(강북구청)","27098","26194","20220412",""
"20220409","4호선","쌍문","22038","19266","20220412",""
"20220409","4호선","창동","19832","19988","20220412",""
"20220409","4호선","노원","15907","17285","20220412",""
"20220409","4호선","상계","14430","13413","20220412",""
"20220409","4호선","당고개","7660","7128","20220412",""
"20220409","3호선","오금","4119","3938","20220412",""
"20220409","3호선","경찰병원","4036","3853","20220412",""
"20220409","3호선","가락시장","6236","5890","20220412",""
"20220409","3호선","수서","13994","13896","20220412",""
"20220409","3호선","일원","4901","4749","20220412",""
"20220409","3호선","대청","6094","5650","20220412",""
"20220409","3호선","학여울","3080","3411","20220412",""
"20220409","3호선","대치","9115","8240","20220412",""
"20220409","3호선","도곡","3966","4880","20220412",""
"20220409","3호선","매봉","7953","7465","20220412",""
"20220409","3호선","양재(서초구청)","21294","22880","20220412",""
"20220409","3호선","남부터미널(예술의전당)","20887","20315","20220412",""
"20220409","3호선","교대(법원.검찰청)","7128","4275","20220412",""
"20220409","3호선","고속터미널","49165","48018","20220412",""
"20220409","3호선","잠원","3904","3676","20220412",""
"20220409","3호선","신사","24423","26450","20220412",""
"20220409","3호선","압구정","23373","24934","20220412",""
"20220409","3호선","옥수","7465","7387","20220412",""
"20220409","3호선","금호","5946","5316","20220412",""
"20220409","3호선","약수","9012","8516","20220412",""
"20220409","3호선","동대입구","8078","9277","20220412",""
"20220409","3호선","충무로","2","0","20220412",""
"20220409","3호선","을지로3가","5184","5606","20220412",""
"20220409","3호선","종로3가","5930","8018","20220412",""
"20220409","3호선","안국","19703","22924","20220412",""
"20220409","3호선","경복궁(정부서울청사)","20127","21733","20220412",""
"20220409","3호선","독립문","6346","7323","20220412",""
"20220409","3호선","무악재","2723","2900","20220412",""
"20220409","3호선","홍제","13457","12541","20220412",""
"20220409","3호선","녹번","10162","8685","20220412",""
"20220409","3호선","불광","12563","14050","20220412",""
"20220409","3호선","연신내","29523","27923","20220412",""
"20220409","3호선","구파발","15089","14831","20220412",""
"20220409","3호선","지축","3528","3193","20220412",""
"20220409","2호선","용두(동대문구청)","1711","1755","20220412",""
"20220409","2호선","신정네거리","7387","7265","20220412",""
"20220409","2호선","양천구청","4570","4385","20220412",""
"20220409","2호선","도림천","1424","1696","20220412",""
"20220409","2호선","신설동","3557","1815","20220412",""
"20220409","2호선","신답","1149","1158","20220412",""
"20220409","일산선","원당","8704","7925","20220412",""
"20220409","안산선","한대앞","7713","7330","20220412",""
"20220409","안산선","중앙","16042","17036","20220412",""
"20220409","안산선","고잔","6770","6735","20220412",""
"20220409","안산선","초지","3483","3607","20220412",""
"20220409","안산선","안산","9405","9716","20220412",""
"20220409","안산선","신길온천","1509","1463","20220412",""
"20220409","안산선","정왕","6826","6725","20220412",""
"20220409","안산선","오이도","7444","7571","20220412",""
"20220409","안산선","수리산","3055","2709","20220412",""
"20220409","우이신설선","북한산우이","3602","3864","20220412",""
"20220409","우이신설선","솔밭공원","1744","1711","20220412",""
"20220409","우이신설선","4.19민주묘지","2597","2448","20220412",""
"20220409","우이신설선","가오리","3057","2796","20220412",""
"20220409","우이신설선","화계","2623","2313","20220412",""
"20220409","우이신설선","삼양","1541","1601","20220412",""
"20220409","우이신설선","삼양사거리","1904","1835","20220412",""
"20220409","우이신설선","솔샘","3979","3489","20220412",""
"20220409","우이신설선","북한산보국문","4855","4172","20220412",""
"20220409","우이신설선","정릉","3781","3029","20220412",""
"20220409","우이신설선","성신여대입구(돈암)","2663","3074","20220412",""
"20220409","우이신설선","보문","1133","1057","20220412",""
"20220409","우이신설선","신설동","1368","1375","20220412",""
"20220409","일산선","원흥","7465","6849","20220412",""
"20220409","일산선","삼송","14524","13773","20220412",""
"20220409","2호선","용답","2451","2236","20220412",""
"20220409","2호선","충정로(경기대입구)","5729","6170","20220412",""
"20220409","2호선","아현","7577","6933","20220412",""
"20220409","2호선","이대","10623","10853","20220412",""
"20220409","2호선","신촌","30238","29869","20220412",""
"20220409","2호선","홍대입구","61157","68056","20220412",""
"20220409","2호선","합정","28550","32654","20220412",""
"20220409","2호선","당산","15065","15560","20220412",""
"20220409","2호선","영등포구청","13053","13349","20220412",""
"20220409","2호선","문래","13132","13703","20220412",""
"20220409","2호선","신도림","40620","41887","20220412",""
"20220409","2호선","대림(구로구청)","17548","18314","20220412",""
"20220409","2호선","구로디지털단지","33760","32943","20220412",""
"20220409","2호선","신대방","21459","20581","20220412",""
"20220409","2호선","신림","51066","47976","20220412",""
"20220409","2호선","봉천","17391","15604","20220412",""
"20220409","2호선","서울대입구(관악구청)","38471","37123","20220412",""
"20220409","2호선","낙성대(강감찬)","22266","20461","20220412",""
"20220409","2호선","사당","31337","35302","20220412",""
"20220409","2호선","방배","9903","10039","20220412",""
"20220409","2호선","서초","11793","9402","20220412",""
"20220409","2호선","교대(법원.검찰청)","17414","19592","20220412",""
"20220409","2호선","강남","58449","61047","20220412",""
"20220409","2호선","역삼","17561","19532","20220412",""
"20220409","2호선","선릉","23688","21111","20220412",""
"20220409","2호선","삼성(무역센터)","26822","27171","20220412",""
"20220409","2호선","종합운동장","13073","14357","20220412",""
"20220409","2호선","잠실새내","19798","19840","20220412",""
"20220409","2호선","잠실(송파구청)","122543","118237","20220412",""
"20220409","2호선","잠실나루","8542","8365","20220412",""
"20220409","2호선","강변(동서울터미널)","28111","27777","20220412",""
"20220409","2호선","구의(광진구청)","16851","16162","20220412",""
"20220409","2호선","건대입구","39289","42217","20220412",""
"20220409","2호선","성수","21902","24339","20220412",""
"20220409","2호선","뚝섬","22743","21441","20220412",""
"20220409","2호선","한양대","5402","5600","20220412",""
"20220409","2호선","왕십리(성동구청)","14041","12174","20220412",""
"20220409","2호선","상왕십리","10095","9320","20220412",""
"20220409","2호선","신당","11141","11819","20220412",""
"20220409","2호선","동대문역사문화공원(DDP)","10219","12072","20220412",""
"20220409","2호선","을지로4가","7280","7662","20220412",""
"20220409","2호선","을지로3가","11306","11432","20220412",""
"20220409","2호선","을지로입구","21288","21600","20220412",""
"20220409","2호선","시청","9748","8704","20220412",""
"20220409","1호선","동묘앞","11221","11546","20220412",""
"20220409","1호선","청량리(서울시립대입구)","17889","17559","20220412",""
"20220409","1호선","제기동","14786","15192","20220412",""
"20220409","1호선","신설동","9780","9204","20220412",""
"20220409","1호선","동대문","10425","10411","20220412",""
"20220409","1호선","종로5가","18465","18779","20220412",""
"20220409","1호선","종로3가","22605","20361","20220412",""
"20220409","1호선","종각","18881","17110","20220412",""
"20220409","1호선","시청","12553","12756","20220412",""
"20220409","1호선","서울역","32255","33153","20220412",""
"20220409","경원선","석계","6744","7176","20220412",""
"20220409","9호선","샛강","4336","3929","20220412",""
"20220409","경의선","화전","1268","1151","20220412",""
"20220409","장항선","쌍용(나사렛대)","1800","1654","20220412",""
"20220409","장항선","봉명","862","823","20220412",""
"20220409","일산선","대화","8463","7293","20220412",""
"20220409","일산선","주엽","6530","6328","20220412",""
"20220409","일산선","정발산","7135","7563","20220412",""
"20220409","일산선","마두","5064","5098","20220412",""
"20220409","일산선","백석","7268","7135","20220412",""
"20220409","일산선","대곡","1480","1224","20220412",""
"20220409","일산선","화정","13002","13149","20220412",""
"20220409","안산선","상록수","12599","12254","20220412",""
"20220409","안산선","반월","3441","3176","20220412",""
"20220409","안산선","대야미","4328","3693","20220412",""
"20220409","안산선","산본","13104","13832","20220412",""
"20220409","수인선","인천","1369","2353","20220412",""
"20220409","수인선","신포","1556","1571","20220412",""
"20220409","수인선","숭의","2969","2561","20220412",""
"20220409","수인선","인하대","4508","4359","20220412",""
"20220409","수인선","송도","2047","1933","20220412",""
"20220409","수인선","연수","4113","3998","20220412",""
"20220409","수인선","원인재","3887","4257","20220412",""
"20220409","수인선","남동인더스파크","914","888","20220412",""
"20220409","수인선","호구포","2747","2508","20220412",""
"20220409","수인선","인천논현","4326","4461","20220412",""
"20220409","수인선","소래포구","6134","6254","20220412",""
"20220409","수인선","월곶","2159","2118","20220412",""
"20220409","수인선","달월","71","79","20220412",""
"20220409","수인선","사리","3681","3132","20220412",""
"20220409","수인선","야목","265","215","20220412",""
"20220409","수인선","어천","711","644","20220412",""
"20220409","수인선","오목천","2339","1932","20220412",""
"20220409","수인선","고색","2755","2542","20220412",""
"20220409","분당선","매교","2231","2351","20220412",""
"20220409","분당선","수원시청","10908","12101","20220412",""
"20220409","분당선","매탄권선","3902","3468","20220412",""
"20220410","경부선","안양","14295","13673","20220413",""
"20220410","경부선","금정","15296","15528","20220413",""
"20220410","경부선","군포","3245","3079","20220413",""
"20220410","경부선","의왕","4453","4491","20220413",""
"20220410","경부선","성균관대","7784","8135","20220413",""
"20220410","경부선","화서","4647","4505","20220413",""
"20220410","경부선","수원","34026","33773","20220413",""
"20220410","경부선","독산","6719","6672","20220413",""
"20220410","경부선","세류","2170","2090","20220413",""
"20220410","경부선","병점","9869","10572","20220413",""
"20220410","경부선","세마","1753","1576","20220413",""
"20220410","경부선","오산대","2373","2268","20220413",""
"20220410","경부선","오산","8023","8263","20220413",""
"20220410","경부선","진위","949","954","20220413",""
"20220410","경부선","송탄","3751","4666","20220413",""
"20220410","경부선","서정리","4650","6584","20220413",""
"20220410","경부선","평택지제","2527","2356","20220413",""
"20220410","경부선","평택","11737","12577","20220413",""
"20220410","경부선","성환","2679","3350","20220413",""
"20220410","경부선","직산","572","641","20220413",""
"20220410","경부선","두정","4412","5787","20220413",""
"20220410","경부선","천안","6136","6440","20220413",""
"20220410","경부선","당정","3312","3246","20220413",""
"20220410","경부선","서동탄","769","798","20220413",""
"20220410","경부선","광명","2725","1966","20220413",""
"20220410","경원선","이촌(국립중앙박물관)","2684","1838","20220413",""
"20220410","경원선","서빙고","1512","1563","20220413",""
"20220410","경원선","한남","1928","1944","20220413",""
"20220410","경원선","옥수","61","24","20220413",""
"20220410","경원선","응봉","1623","1908","20220413",""
"20220410","경원선","왕십리(성동구청)","9667","11030","20220413",""
"20220410","경원선","청량리(서울시립대입구)","13919","13137","20220413",""
"20220410","경원선","외대앞","5248","5208","20220413",""
"20220410","경원선","신이문","4670","4493","20220413",""
"20220410","경원선","석계","5030","5324","20220413",""
"20220410","경원선","광운대","4175","4419","20220413",""
"20220410","경원선","월계","3852","3506","20220413",""
"20220410","경원선","녹천","2586","2375","20220413",""
"20220410","경원선","도봉","3496","3297","20220413",""
"20220410","경원선","도봉산","9607","6851","20220413",""
"20220410","경원선","망월사","5159","5336","20220413",""
"20220410","경원선","회룡","7990","8226","20220413",""
"20220410","경원선","의정부","14573","14969","20220413",""
"20220410","경원선","가능","4324","3940","20220413",""
"20220410","경원선","녹양","2916","2660","20220413",""
"20220410","경원선","양주","5409","5213","20220413",""
"20220410","경원선","덕계","1918","1874","20220413",""
"20220410","경원선","덕정","3560","3722","20220413",""
"20220410","경원선","지행","4770","4685","20220413",""
"20220410","경원선","동두천중앙","2425","2332","20220413",""
"20220410","경원선","보산","1559","1547","20220413",""
"20220410","경원선","동두천","1404","1870","20220413",""
"20220410","경원선","소요산","4587","3977","20220413",""
"20220410","경의선","서울역","1178","1049","20220413",""
"20220410","경의선","신촌","223","284","20220413",""
"20220410","경의선","효창공원앞","1369","1605","20220413",""
"20220410","경의선","공덕","2009","1624","20220413",""
"20220410","경의선","서강대","1498","1432","20220413",""
"20220410","경의선","홍대입구","1653","1922","20220413",""
"20220410","경의선","가좌","2935","2903","20220413",""
"20220410","경의선","디지털미디어시티","1538","1405","20220413",""
"20220410","경의선","수색","907","1003","20220413",""
"20220410","경의선","화전","1026","1061","20220413",""
"20220410","경의선","강매","1632","1517","20220413",""
"20220410","경의선","행신","4871","4418","20220413",""
"20220410","경의선","능곡","2300","2199","20220413",""
"20220410","경의선","곡산","366","359","20220413",""
"20220410","경의선","백마","3589","3376","20220413",""
"20220410","경의선","풍산","3601","3356","20220413",""
"20220410","경의선","일산","5040","4644","20220413",""
"20220410","경의선","탄현","4247","3944","20220413",""
"20220410","경의선","야당","4823","4653","20220413",""
"20220410","경의선","운정","3841","3583","20220413",""
"20220410","경의선","금릉","3012","2958","20220413",""
"20220410","경의선","금촌","4208","4490","20220413",""
"20220410","경의선","월롱","1027","2208","20220413",""
"20220410","경의선","파주","692","645","20220413",""
"20220410","경의선","문산","3599","3636","20220413",""
"20220410","경의선","임진강","73","73","20220413",""
"20220410","경인선","개봉","11822","11492","20220413",""
"20220410","경인선","오류동","7268","6928","20220413",""
"20220410","경인선","역곡","15112","14876","20220413",""
"20220410","경인선","부천","22105","21804","20220413",""
"20220410","경인선","송내","13883","13719","20220413",""
"20220410","경인선","부평","22969","23541","20220413",""
"20220410","경인선","백운","4113","4056","20220413",""
"20220410","경인선","동암","9751","9535","20220413",""
"20220410","경인선","주안","12319","11078","20220413",""
"20220410","경인선","제물포","5788","5510","20220413",""
"20220410","경인선","동인천","10347","10124","20220413",""
"20220410","경인선","인천","5383","4663","20220413",""
"20220410","경인선","구일","4984","5390","20220413",""
"20220410","경인선","소사","6274","6079","20220413",""
"20220410","경인선","부개","5099","4828","20220413",""
"20220410","경인선","간석","3471","3250","20220413",""
"20220410","경인선","도원","2873","2885","20220413",""
"20220410","경인선","온수(성공회대입구)","3902","3661","20220413",""
"20220410","경인선","중동","5196","4850","20220413",""
"20220410","경인선","도화","2646","2408","20220413",""
"20220410","경춘선","신내","1045","1054","20220413",""
"20220410","경춘선","갈매","1514","1322","20220413",""
"20220410","경춘선","별내","2007","1838","20220413",""
"20220410","경춘선","퇴계원","2125","1931","20220413",""
"20220410","경춘선","사릉","1455","1434","20220413",""
"20220410","경춘선","금곡","953","906","20220413",""
"20220410","경춘선","평내호평","3738","3579","20220413",""
"20220410","경춘선","천마산","1200","1173","20220413",""
"20220410","경춘선","마석","2869","2745","20220413",""
"20220410","경춘선","대성리","1246","1006","20220413",""
"20220410","경춘선","청평","1878","1354","20220413",""
"20220410","경춘선","상천","538","423","20220413",""
"20220410","경춘선","가평","2104","1712","20220413",""
"20220410","경춘선","굴봉산","260","214","20220413",""
"20220410","경춘선","백양리","131","107","20220413",""
"20220410","경춘선","강촌","805","647","20220413",""
"20220410","경춘선","김유정","503","560","20220413",""
"20220410","경춘선","남춘천","2330","2936","20220413",""
"20220410","경춘선","춘천","1993","1644","20220413",""
"20220410","공항철도 1호선","서울역","8253","7612","20220413",""
"20220410","공항철도 1호선","공덕","1200","1707","20220413",""
"20220410","공항철도 1호선","홍대입구","10167","9287","20220413",""
"20220410","공항철도 1호선","디지털미디어시티","3874","3922","20220413",""
"20220410","공항철도 1호선","마곡나루(서울식물원)","2711","2910","20220413",""
"20220410","공항철도 1호선","김포공항","11945","5924","20220413",""
"20220410","공항철도 1호선","검암","3846","4125","20220413",""
"20220410","공항철도 1호선","청라국제도시","3594","3275","20220413",""
"20220410","공항철도 1호선","운서","5643","6055","20220413",""
"20220410","공항철도 1호선","공항화물청사","989","1072","20220413",""
"20220410","공항철도 1호선","인천공항1터미널","4333","4048","20220413",""
"20220410","공항철도 1호선","인천공항2터미널","2271","2014","20220413",""
"20220410","공항철도 1호선","영종","2635","2607","20220413",""
"20220410","과천선","선바위","4985","4613","20220413",""
"20220410","과천선","경마공원","14168","14483","20220413",""
"20220410","과천선","대공원","17086","17124","20220413",""
"20220410","과천선","과천","4375","4028","20220413",""
"20220410","과천선","정부과천청사","5811","5717","20220413",""
"20220410","과천선","인덕원","13996","13882","20220413",""
"20220410","과천선","평촌","7229","6788","20220413",""
"20220410","과천선","범계","16177","15760","20220413",""
"20220410","분당선","선릉","2939","4461","20220413",""
"20220410","분당선","한티","8585","8205","20220413",""
"20220410","분당선","도곡","3798","3720","20220413",""
"20220410","분당선","구룡","791","982","20220413",""
"20220410","분당선","개포동","2177","2218","20220413",""
"20220410","분당선","대모산입구","2167","2158","20220413",""
"20220410","분당선","수서","8639","8145","20220413",""
"20220410","분당선","복정","1","0","20220413",""
"20220410","분당선","수원","6323","4879","20220413",""
"20220410","분당선","서울숲","17332","20450","20220413",""
"20220410","분당선","압구정로데오","11113","12558","20220413",""
"20220410","분당선","강남구청","3555","4208","20220413",""
"20220410","분당선","선정릉","2153","2175","20220413",""
"20220410","분당선","가천대","4395","5324","20220413",""
"20220410","분당선","태평","8474","7809","20220413",""
"20220410","분당선","모란","11488","11995","20220413",""
"20220410","분당선","야탑","13796","13973","20220413",""
"20220410","분당선","서현","14724","14743","20220413",""
"20220410","분당선","수내","6237","5960","20220413",""
"20220410","분당선","정자","7599","7881","20220413",""
"20220410","분당선","미금","7513","7998","20220413",""
"20220410","분당선","오리","5494","4705","20220413",""
"20220410","분당선","이매","3470","3547","20220413",""
"20220410","분당선","보정","1120","1076","20220413",""
"20220410","분당선","죽전","7861","8852","20220413",""
"20220410","분당선","구성","2587","2558","20220413",""
"20220410","분당선","신갈","2131","2165","20220413",""
"20220410","분당선","기흥","5236","4834","20220413",""
"20220410","분당선","상갈","2819","2877","20220413",""
"20220410","분당선","청명","1985","2131","20220413",""
"20220410","분당선","영통","4945","4980","20220413",""
"20220410","분당선","망포","6331","6428","20220413",""
"20220410","분당선","매탄권선","2681","2620","20220413",""
"20220410","분당선","수원시청","7425","7346","20220413",""
"20220410","분당선","매교","1690","1633","20220413",""
"20220410","수인선","고색","1721","1895","20220413",""
"20220410","수인선","오목천","1612","1644","20220413",""
"20220410","수인선","어천","529","669","20220413",""
"20220410","수인선","야목","210","187","20220413",""
"20220410","수인선","사리","2797","2351","20220413",""
"20220410","수인선","달월","65","64","20220413",""
"20220410","수인선","월곶","1791","1572","20220413",""
"20220410","수인선","소래포구","5437","5296","20220413",""
"20220410","안산선","반월","2677","2599","20220413",""
"20220410","안산선","상록수","9828","9721","20220413",""
"20220410","안산선","한대앞","5680","5891","20220413",""
"20220410","안산선","중앙","12633","12259","20220413",""
"20220410","안산선","고잔","5125","4950","20220413",""
"20220410","안산선","초지","2750","2811","20220413",""
"20220410","안산선","신길온천","1280","1241","20220413",""
"20220410","안산선","정왕","5818","6270","20220413",""
"20220410","안산선","오이도","6172","6079","20220413",""
"20220410","안산선","수리산","2349","2256","20220413",""
"20220410","우이신설선","북한산우이","3282","3693","20220413",""
"20220410","우이신설선","솔밭공원","1479","1410","20220413",""
"20220410","우이신설선","4.19민주묘지","2297","2090","20220413",""
"20220410","우이신설선","가오리","2311","2169","20220413",""
"20220410","우이신설선","화계","2118","1950","20220413",""
"20220410","우이신설선","삼양","1147","1191","20220413",""
"20220410","우이신설선","삼양사거리","1567","1511","20220413",""
"20220410","우이신설선","솔샘","2946","2785","20220413",""
"20220410","우이신설선","북한산보국문","3961","3701","20220413",""
"20220410","우이신설선","정릉","2980","2421","20220413",""
"20220410","우이신설선","성신여대입구(돈암)","2116","2506","20220413",""
"20220410","우이신설선","보문","1013","960","20220413",""
"20220410","우이신설선","신설동","1141","1148","20220413",""
"20220410","일산선","원흥","5777","5503","20220413",""
"20220410","일산선","삼송","11145","10872","20220413",""
"20220410","일산선","원당","6507","6365","20220413",""
"20220410","일산선","화정","9631","9799","20220413",""
"20220410","일산선","대곡","1255","1019","20220413",""
"20220410","일산선","백석","5341","5316","20220413",""
"20220410","일산선","마두","3535","3466","20220413",""
"20220410","일산선","정발산","6522","6607","20220413",""
"20220410","일산선","주엽","4639","4554","20220413",""
"20220410","일산선","대화","6162","5548","20220413",""
"20220410","장항선","봉명","612","601","20220413",""
"20220410","장항선","쌍용(나사렛대)","1269","1458","20220413",""
"20220410","중앙선","지평","74","65","20220413",""
"20220410","중앙선","용문","4690","4181","20220413",""
"20220410","중앙선","원덕","744","559","20220413",""
"20220410","중앙선","양평","2840","2545","20220413",""
"20220410","중앙선","오빈","253","235","20220413",""
"20220410","중앙선","아신","643","550","20220413",""
"20220410","중앙선","국수","770","671","20220413",""
"20220410","중앙선","신원","377","245","20220413",""
"20220410","중앙선","양수","2215","2125","20220413",""
"20220410","중앙선","운길산","1629","1460","20220413",""
"20220410","중앙선","팔당","1654","1794","20220413",""
"20220410","중앙선","도심","1328","1198","20220413",""
"20220410","중앙선","덕소","3562","3513","20220413",""
"20220410","중앙선","양정","527","455","20220413",""
"20220410","중앙선","도농","5449","5317","20220413",""
"20220410","중앙선","구리","8034","8341","20220413",""
"20220410","중앙선","양원","1503","1557","20220413",""
"20220410","중앙선","망우","5142","4950","20220413",""
"20220410","중앙선","상봉(시외버스터미널)","3928","4013","20220413",""
"20220410","중앙선","중랑","3636","3690","20220413",""
"20220410","중앙선","회기","18424","18642","20220413",""
"20220410","장항선","신창(순천향대)","1195","2014","20220413",""
"20220410","장항선","온양온천","3605","3549","20220413",""
"20220410","장항선","배방","851","984","20220413",""
"20220410","장항선","탕정","517","576","20220413",""
"20220410","장항선","아산","3905","2513","20220413",""
"20220410","수인선","인천논현","3018","3126","20220413",""
"20220410","수인선","호구포","2130","2229","20220413",""
"20220410","수인선","남동인더스파크","574","553","20220413",""
"20220410","수인선","원인재","3487","3648","20220413",""
"20220410","수인선","연수","3535","3382","20220413",""
"20220410","수인선","송도","1634","1591","20220413",""
"20220410","수인선","인하대","3602","3517","20220413",""
"20220410","수인선","숭의","2193","1988","20220413",""
"20220410","수인선","신포","1348","1235","20220413",""
"20220410","수인선","인천","1286","2183","20220413",""
"20220410","안산선","산본","9617","10181","20220413",""
"20220410","안산선","대야미","3439","3120","20220413",""
"20220410","1호선","시청","8518","8371","20220413",""
"20220410","8호선","신흥","2770","2961","20220413",""
"20220410","안산선","안산","9759","9062","20220413",""
"20220410","4호선","사당","16920","15420","20220413",""
"20220410","6호선","창신","1732","1444","20220413",""
"20220410","9호선","노들","3261","2794","20220413",""
"20220410","경원선","방학","6014","5763","20220413",""
"20220410","공항철도 1호선","계양","5767","5600","20220413",""
"20220410","1호선","서울역","28853","26107","20220413",""
"20220410","1호선","종각","12559","10556","20220413",""
"20220410","1호선","종로3가","15067","12561","20220413",""
"20220410","1호선","종로5가","9959","9775","20220413",""
"20220410","1호선","동대문","10060","10338","20220413",""
"20220410","1호선","신설동","7871","7868","20220413",""
"20220410","1호선","제기동","10080","10611","20220413",""
"20220410","1호선","청량리(서울시립대입구)","12733","12779","20220413",""
"20220410","1호선","동묘앞","12475","12499","20220413",""
"20220410","2호선","시청","6784","5687","20220413",""
"20220410","2호선","을지로입구","16019","14410","20220413",""
"20220410","2호선","을지로3가","8608","8002","20220413",""
"20220410","2호선","을지로4가","3737","3609","20220413",""
"20220410","2호선","동대문역사문화공원(DDP)","8142","9913","20220413",""
"20220410","2호선","신당","8713","9281","20220413",""
"20220410","2호선","상왕십리","7358","7147","20220413",""
"20220410","2호선","왕십리(성동구청)","10242","9075","20220413",""
"20220410","2호선","한양대","3171","3537","20220413",""
"20220410","2호선","뚝섬","17734","16455","20220413",""
"20220410","2호선","성수","15717","16941","20220413",""
"20220410","2호선","건대입구","30689","30940","20220413",""
"20220410","2호선","구의(광진구청)","12228","12180","20220413",""
"20220410","2호선","강변(동서울터미널)","22935","22888","20220413",""
"20220410","2호선","잠실나루","6211","6402","20220413",""
"20220410","2호선","잠실(송파구청)","92633","87117","20220413",""
"20220410","2호선","잠실새내","13074","12923","20220413",""
"20220410","2호선","종합운동장","8402","9380","20220413",""
"20220410","2호선","삼성(무역센터)","19355","18834","20220413",""
"20220410","2호선","선릉","13451","11720","20220413",""
"20220410","2호선","역삼","11060","11779","20220413",""
"20220410","2호선","강남","34410","34315","20220413",""
"20220410","2호선","교대(법원.검찰청)","10594","11467","20220413",""
"20220410","2호선","서초","11602","10394","20220413",""
"20220410","2호선","방배","6597","7107","20220413",""
"20220410","2호선","사당","22494","25577","20220413",""
"20220410","2호선","낙성대(강감찬)","16640","17170","20220413",""
"20220410","2호선","서울대입구(관악구청)","28406","29297","20220413",""
"20220410","2호선","봉천","12928","12223","20220413",""
"20220410","2호선","신림","39124","37834","20220413",""
"20220410","2호선","신대방","16881","16746","20220413",""
"20220410","2호선","구로디지털단지","24251","23579","20220413",""
"20220410","2호선","대림(구로구청)","15176","15559","20220413",""
"20220410","2호선","신도림","28719","29597","20220413",""
"20220410","2호선","문래","8472","8537","20220413",""
"20220410","2호선","영등포구청","8310","8552","20220413",""
"20220410","2호선","당산","10855","11417","20220413",""
"20220410","2호선","합정","22346","24670","20220413",""
"20220410","2호선","홍대입구","46801","47730","20220413",""
"20220410","2호선","신촌","22655","21728","20220413",""
"20220410","2호선","이대","7577","8036","20220413",""
"20220410","2호선","아현","5389","5357","20220413",""
"20220410","2호선","충정로(경기대입구)","3836","4168","20220413",""
"20220410","2호선","용답","1935","1907","20220413",""
"20220410","2호선","신답","846","925","20220413",""
"20220410","2호선","신설동","3265","1756","20220413",""
"20220410","2호선","도림천","1150","1429","20220413",""
"20220410","2호선","양천구청","3246","3338","20220413",""
"20220410","2호선","신정네거리","5549","5533","20220413",""
"20220410","2호선","용두(동대문구청)","1158","1148","20220413",""
"20220410","3호선","지축","2568","2290","20220413",""
"20220410","3호선","구파발","11646","11648","20220413",""
"20220410","3호선","연신내","22312","21108","20220413",""
"20220410","3호선","불광","9686","11045","20220413",""
"20220410","3호선","녹번","7251","6515","20220413",""
"20220410","3호선","홍제","9897","9467","20220413",""
"20220410","3호선","무악재","1998","2180","20220413",""
"20220410","3호선","독립문","4805","5800","20220413",""
"20220410","3호선","경복궁(정부서울청사)","15855","16914","20220413",""
"20220410","3호선","안국","14267","16226","20220413",""
"20220410","3호선","종로3가","4075","4923","20220413",""
"20220410","3호선","을지로3가","3511","3060","20220413",""
"20220410","3호선","충무로","1","0","20220413",""
"20220410","3호선","동대입구","7008","7813","20220413",""
"20220410","3호선","약수","6674","6513","20220413",""
"20220410","3호선","금호","4250","4135","20220413",""
"20220410","3호선","옥수","5303","5460","20220413",""
"20220410","3호선","압구정","13165","14037","20220413",""
"20220410","3호선","신사","13223","13494","20220413",""
"20220410","3호선","잠원","2666","2634","20220413",""
"20220410","3호선","고속터미널","41890","39321","20220413",""
"20220410","3호선","교대(법원.검찰청)","4292","2732","20220413",""
"20220410","3호선","남부터미널(예술의전당)","14901","15793","20220413",""
"20220410","3호선","양재(서초구청)","14400","16189","20220413",""
"20220410","3호선","매봉","5622","5570","20220413",""
"20220410","3호선","도곡","2523","3288","20220413",""
"20220410","3호선","대치","5907","5275","20220413",""
"20220410","3호선","학여울","2449","2716","20220413",""
"20220410","3호선","대청","4401","4282","20220413",""
"20220410","3호선","일원","3635","3936","20220413",""
"20220410","3호선","수서","10898","10743","20220413",""
"20220410","3호선","가락시장","3730","3838","20220413",""
"20220410","3호선","경찰병원","2744","2845","20220413",""
"20220410","3호선","오금","2732","2751","20220413",""
"20220410","4호선","당고개","6068","5878","20220413",""
"20220410","4호선","상계","10968","10226","20220413",""
"20220410","4호선","노원","11716","12656","20220413",""
"20220410","4호선","창동","15148","15423","20220413",""
"20220410","4호선","쌍문","16502","14990","20220413",""
"20220410","4호선","수유(강북구청)","20763","20032","20220413",""
"20220410","4호선","미아(서울사이버대학)","8133","7595","20220413",""
"20220410","4호선","미아사거리","16413","15397","20220413",""
"20220410","4호선","길음","11002","10835","20220413",""
"20220410","4호선","성신여대입구(돈암)","12814","11978","20220413",""
"20220410","4호선","한성대입구(삼선교)","8288","8558","20220413",""
"20220410","4호선","혜화","21826","23145","20220413",""
"20220410","4호선","동대문","7397","7793","20220413",""
"20220410","4호선","동대문역사문화공원(DDP)","9243","8724","20220413",""
"20220410","4호선","충무로","10606","10716","20220413",""
"20220410","4호선","명동","12850","12920","20220413",""
"20220410","4호선","회현(남대문시장)","9549","10009","20220413",""
"20220410","4호선","서울역","4531","10871","20220413",""
"20220410","4호선","숙대입구(갈월)","7404","7124","20220413",""
"20220410","4호선","삼각지","2669","3668","20220413",""
"20220410","4호선","신용산","7861","7878","20220413",""
"20220410","4호선","이촌(국립중앙박물관)","5434","6082","20220413",""
"20220410","4호선","동작(현충원)","2609","3360","20220413",""
"20220410","4호선","총신대입구(이수)","10880","11706","20220413",""
"20220410","4호선","남태령","1012","704","20220413",""
"20220410","5호선","방화","3704","3681","20220413",""
"20220410","5호선","개화산","2777","2867","20220413",""
"20220410","5호선","김포공항","6889","6731","20220413",""
"20220410","5호선","송정","3923","3759","20220413",""
"20220410","5호선","마곡","3841","3979","20220413",""
"20220410","5호선","발산","9525","10265","20220413",""
"20220410","5호선","우장산","7446","7466","20220413",""
"20220410","5호선","화곡","15670","14686","20220413",""
"20220410","5호선","까치산","16895","15984","20220413",""
"20220410","5호선","신정(은행정)","7211","6392","20220413",""
"20220410","5호선","목동","8481","8529","20220413",""
"20220410","5호선","오목교(목동운동장앞)","13159","13630","20220413",""
"20220410","5호선","양평","3448","3543","20220413",""
"20220410","5호선","영등포구청","1528","1532","20220413",""
"20220410","5호선","영등포시장","6081","6327","20220413",""
"20220410","5호선","신길","2416","2690","20220413",""
"20220410","5호선","여의도","16248","16930","20220413",""
"20220410","5호선","여의나루","45681","54132","20220413",""
"20220410","5호선","마포","5796","5437","20220413",""
"20220410","5호선","공덕","5703","5927","20220413",""
"20220410","5호선","애오개","2984","2885","20220413",""
"20220410","5호선","충정로(경기대입구)","1724","1644","20220413",""
"20220410","5호선","서대문","5810","5624","20220413",""
"20220410","5호선","광화문(세종문화회관)","13189","13238","20220413",""
"20220410","5호선","종로3가","9306","8531","20220413",""
"20220410","5호선","을지로4가","1893","1900","20220413",""
"20220410","5호선","동대문역사문화공원(DDP)","777","878","20220413",""
"20220410","5호선","청구","2016","1698","20220413",""
"20220410","5호선","신금호","3259","3522","20220413",""
"20220410","5호선","행당","4292","3915","20220413",""
"20220410","5호선","왕십리(성동구청)","2772","3201","20220413",""
"20220410","5호선","마장","3134","2888","20220413",""
"20220410","5호선","답십리","7760","7100","20220413",""
"20220410","5호선","장한평","8349","8277","20220413",""
"20220410","5호선","군자(능동)","6538","7103","20220413",""
"20220410","5호선","아차산(어린이대공원후문)","14674","14899","20220413",""
"20220410","5호선","광나루(장신대)","8947","8839","20220413",""
"20220410","5호선","천호(풍납토성)","12892","12226","20220413",""
"20220410","5호선","강동","9274","9201","20220413",""
"20220410","5호선","길동","4237","4371","20220413",""
"20220410","5호선","굽은다리(강동구민회관앞)","5402","4892","20220413",""
"20220410","5호선","명일","5194","5165","20220413",""
"20220410","5호선","고덕","4459","4424","20220413",""
"20220410","5호선","상일동","6983","6645","20220413",""
"20220410","5호선","둔촌동","4704","4663","20220413",""
"20220410","5호선","올림픽공원(한국체대)","2920","2919","20220413",""
"20220410","5호선","방이","4200","3870","20220413",""
"20220410","5호선","오금","1495","1473","20220413",""
"20220410","5호선","개롱","3010","3293","20220413",""
"20220410","5호선","거여","4712","4596","20220413",""
"20220410","5호선","마천","3664","3928","20220413",""
"20220410","5호선","강일","2425","2263","20220413",""
"20220410","5호선","미사","9454","9513","20220413",""
"20220410","5호선","하남풍산","2249","2114","20220413",""
"20220410","5호선","하남시청(덕풍·신장)","4124","3941","20220413",""
"20220410","5호선","하남검단산","4948","4826","20220413",""
"20220410","6호선","응암","11098","12075","20220413",""
"20220410","6호선","역촌","2034","2368","20220413",""
"20220410","6호선","불광","3300","3110","20220413",""
"20220410","6호선","독바위","1794","2117","20220413",""
"20220410","6호선","연신내","2","0","20220413",""
"20220410","6호선","구산","4243","3005","20220413",""
"20220410","6호선","새절(신사)","7943","7481","20220413",""
"20220410","6호선","증산(명지대앞)","6574","6710","20220413",""
"20220410","6호선","디지털미디어시티","5843","5746","20220413",""
"20220410","6호선","월드컵경기장(성산)","9166","9217","20220413",""
"20220410","6호선","마포구청","7682","6667","20220413",""
"20220410","6호선","망원","10641","11449","20220413",""
"20220410","6호선","합정","10586","9396","20220413",""
"20220410","6호선","상수","6253","7275","20220413",""
"20220410","6호선","광흥창(서강)","4726","4337","20220413",""
"20220410","6호선","대흥(서강대앞)","4560","4800","20220413",""
"20220410","6호선","공덕","7753","7074","20220413",""
"20220410","6호선","효창공원앞","3864","3391","20220413",""
"20220410","6호선","삼각지","4364","3226","20220413",""
"20220410","6호선","녹사평(용산구청)","4264","4038","20220413",""
"20220410","6호선","이태원","9761","9550","20220413",""
"20220410","6호선","한강진","5862","7021","20220413",""
"20220410","6호선","버티고개","1086","1215","20220413",""
"20220410","6호선","약수","1744","1738","20220413",""
"20220410","6호선","청구","1726","1766","20220413",""
"20220410","6호선","신당","4753","5095","20220413",""
"20220410","6호선","동묘앞","6131","5994","20220413",""
"20220410","6호선","보문","4237","3943","20220413",""
"20220410","6호선","안암(고대병원앞)","5653","6352","20220413",""
"20220410","6호선","고려대(종암)","4456","4350","20220413",""
"20220410","6호선","월곡(동덕여대)","5502","5368","20220413",""
"20220410","6호선","상월곡(한국과학기술연구원)","3349","3066","20220413",""
"20220410","6호선","돌곶이","5441","5129","20220413",""
"20220410","6호선","석계","6583","6999","20220413",""
"20220410","6호선","태릉입구","3257","3635","20220413",""
"20220410","6호선","화랑대(서울여대입구)","5834","4997","20220413",""
"20220410","6호선","봉화산(서울의료원)","4003","3869","20220413",""
"20220410","7호선","장암","1573","1030","20220413",""
"20220410","7호선","도봉산","5996","8411","20220413",""
"20220410","7호선","수락산","8796","8572","20220413",""
"20220410","7호선","마들","6494","5979","20220413",""
"20220410","7호선","노원","10999","11194","20220413",""
"20220410","7호선","중계","7030","6517","20220413",""
"20220410","7호선","하계","9799","9124","20220413",""
"20220410","7호선","공릉(서울과학기술대)","6706","6766","20220413",""
"20220410","7호선","태릉입구","5207","5065","20220413",""
"20220410","7호선","먹골","5713","5413","20220413",""
"20220410","7호선","중화","6295","5991","20220413",""
"20220410","7호선","상봉(시외버스터미널)","9597","8785","20220413",""
"20220410","7호선","면목","8611","8409","20220413",""
"20220410","7호선","사가정","9446","9176","20220413",""
"20220410","7호선","용마산(용마폭포공원)","3689","4300","20220413",""
"20220410","7호선","중곡","5504","5277","20220413",""
"20220410","7호선","군자(능동)","8264","6154","20220413",""
"20220410","7호선","어린이대공원(세종대)","13359","14447","20220413",""
"20220410","7호선","건대입구","8133","8737","20220413",""
"20220410","7호선","뚝섬유원지","17663","16465","20220413",""
"20220410","7호선","청담","6728","7123","20220413",""
"20220410","7호선","강남구청","5302","5955","20220413",""
"20220410","7호선","학동","6281","6810","20220413",""
"20220410","7호선","논현","5995","6443","20220413",""
"20220410","7호선","반포","3032","2989","20220413",""
"20220410","7호선","고속터미널","13700","8577","20220413",""
"20220410","7호선","내방","5162","5376","20220413",""
"20220410","7호선","이수","8547","7728","20220413",""
"20220410","7호선","남성","5683","5478","20220413",""
"20220410","7호선","숭실대입구(살피재)","6171","6662","20220413",""
"20220410","7호선","상도","5493","5486","20220413",""
"20220410","7호선","장승배기","4516","4411","20220413",""
"20220410","7호선","신대방삼거리","8142","8113","20220413",""
"20220410","7호선","보라매","4786","4984","20220413",""
"20220410","7호선","신풍","6212","5811","20220413",""
"20220410","7호선","대림(구로구청)","6897","6360","20220413",""
"20220410","7호선","남구로","6577","6323","20220413",""
"20220410","7호선","가산디지털단지","11517","10517","20220413",""
"20220410","7호선","철산","11325","11203","20220413",""
"20220410","7호선","광명사거리","13071","12835","20220413",""
"20220410","7호선","천왕","5092","4997","20220413",""
"20220410","7호선","온수(성공회대입구)","4059","4274","20220413",""
"20220410","7호선","까치울","1","0","20220413",""
"20220410","8호선","암사","9599","9020","20220413",""
"20220410","8호선","천호(풍납토성)","9396","10845","20220413",""
"20220410","8호선","강동구청","4909","4754","20220413",""
"20220410","8호선","몽촌토성(평화의문)","4997","4687","20220413",""
"20220410","8호선","잠실(송파구청)","17985","19454","20220413",""
"20220410","8호선","석촌","7157","11008","20220413",""
"20220410","8호선","송파","4066","4011","20220413",""
"20220410","8호선","가락시장","3390","4175","20220413",""
"20220410","8호선","문정","6055","6502","20220413",""
"20220410","8호선","장지","9732","9983","20220413",""
"20220410","8호선","복정","4969","4659","20220413",""
"20220410","8호선","산성","3566","3696","20220413",""
"20220410","8호선","남한산성입구(성남법원.검찰청)","7581","6954","20220413",""
"20220410","8호선","단대오거리","6213","6045","20220413",""
"20220410","8호선","수진","3330","3048","20220413",""
"20220410","8호선","모란","3138","2748","20220413",""
"20220410","8호선","남위례","2674","2771","20220413",""
"20220410","9호선","개화","1312","1182","20220413",""
"20220410","9호선","김포공항","7198","11246","20220413",""
"20220410","9호선","공항시장","1882","2028","20220413",""
"20220410","9호선","신방화","3703","3524","20220413",""
"20220410","9호선","마곡나루(서울식물원)","6031","6318","20220413",""
"20220410","9호선","양천향교","4440","4670","20220413",""
"20220410","9호선","가양","11039","10839","20220413",""
"20220410","9호선","증미","2767","2728","20220413",""
"20220410","9호선","등촌","5879","5812","20220413",""
"20220410","9호선","염창","9717","9231","20220413",""
"20220410","9호선","신목동","2408","2337","20220413",""
"20220410","9호선","선유도","4589","4475","20220413",""
"20220410","9호선","당산","11045","10125","20220413",""
"20220410","9호선","국회의사당","22751","20588","20220413",""
"20220410","9호선","여의도","17398","15889","20220413",""
"20220410","9호선","샛강","2799","2787","20220413",""
"20220410","9호선","노량진","16859","17769","20220413",""
"20220410","9호선","흑석(중앙대입구)","4703","4766","20220413",""
"20220410","9호선","동작(현충원)","4238","3413","20220413",""
"20220410","9호선","구반포","663","641","20220413",""
"20220410","9호선","신반포","2192","2432","20220413",""
"20220410","9호선","고속터미널","12062","16279","20220413",""
"20220410","9호선","사평","1670","1664","20220413",""
"20220410","9호선","신논현","16736","15887","20220413",""
"20220410","9호선2~3단계","언주","3929","3894","20220413",""
"20220410","9호선2~3단계","선정릉","3141","3338","20220413",""
"20220410","9호선2~3단계","삼성중앙","2029","2200","20220413",""
"20220410","9호선2~3단계","봉은사","7377","7268","20220413",""
"20220410","9호선2~3단계","종합운동장","2539","2124","20220413",""
"20220410","9호선2~3단계","삼전","3685","3547","20220413",""
"20220410","9호선2~3단계","석촌고분","3855","3780","20220413",""
"20220410","9호선2~3단계","석촌","7900","7856","20220413",""
"20220410","9호선2~3단계","송파나루","5262","4894","20220413",""
"20220410","9호선2~3단계","한성백제","2064","1589","20220413",""
"20220410","9호선2~3단계","올림픽공원(한국체대)","6164","6507","20220413",""
"20220410","9호선2~3단계","둔촌오륜","497","520","20220413",""
"20220410","9호선2~3단계","중앙보훈병원","3722","3463","20220413",""
"20220410","경강선","판교","2475","2289","20220413",""
"20220410","경강선","이매","735","573","20220413",""
"20220410","경강선","삼동","1125","1072","20220413",""
"20220410","경강선","경기광주","4191","3961","20220413",""
"20220410","경강선","초월","1815","1685","20220413",""
"20220410","경강선","곤지암","1604","1755","20220413",""
"20220410","경강선","신둔도예촌","1032","1052","20220413",""
"20220410","경강선","이천","2205","2498","20220413",""
"20220410","경강선","부발","1563","2297","20220413",""
"20220410","경강선","세종대왕릉","353","343","20220413",""
"20220410","경강선","여주","2467","2504","20220413",""
"20220410","경부선","서울역","8234","1841","20220413",""
"20220410","경부선","남영","4093","4568","20220413",""
"20220410","경부선","용산","31310","27594","20220413",""
"20220410","경부선","노량진","6425","6128","20220413",""
"20220410","경부선","대방","6624","6922","20220413",""
"20220410","경부선","영등포","33936","31028","20220413",""
"20220410","경부선","신도림","2600","2583","20220413",""
"20220410","경부선","신길","5831","5241","20220413",""
"20220410","경부선","구로","9872","10238","20220413",""
"20220410","경부선","가산디지털단지","5255","7043","20220413",""
"20220410","경부선","금천구청","6980","6972","20220413",""
"20220410","경부선","석수","5451","5428","20220413",""
"20220410","경부선","관악","5156","4666","20220413",""
"20220410","경부선","명학","3565","3493","20220413",""
"20220411","7호선","고속터미널","15428","12774","20220414",""
"20220411","7호선","반포","5745","5630","20220414",""
"20220411","7호선","논현","19972","21466","20220414",""
"20220411","7호선","학동","23664","25018","20220414",""
"20220411","7호선","강남구청","15100","16630","20220414",""
"20220411","7호선","청담","18981","21102","20220414",""
"20220411","7호선","뚝섬유원지","12408","11868","20220414",""
"20220411","7호선","건대입구","12811","13270","20220414",""
"20220411","7호선","어린이대공원(세종대)","15765","16350","20220414",""
"20220411","7호선","군자(능동)","14591","11748","20220414",""
"20220411","7호선","중곡","10761","9948","20220414",""
"20220411","7호선","용마산(용마폭포공원)","6089","5886","20220414",""
"20220411","7호선","사가정","16032","16188","20220414",""
"20220411","7호선","면목","16400","15903","20220414",""
"20220411","7호선","상봉(시외버스터미널)","16251","15144","20220414",""
"20220411","7호선","중화","10937","10603","20220414",""
"20220411","7호선","먹골","9934","9628","20220414",""
"20220411","7호선","태릉입구","8698","8469","20220414",""
"20220411","7호선","공릉(서울과학기술대)","12602","12346","20220414",""
"20220411","7호선","하계","18052","16860","20220414",""
"20220411","7호선","중계","14788","13795","20220414",""
"20220411","7호선","노원","18342","19371","20220414",""
"20220411","7호선","마들","12766","12074","20220414",""
"20220411","7호선","수락산","12471","11967","20220414",""
"20220411","7호선","도봉산","9584","10712","20220414",""
"20220411","7호선","장암","2303","906","20220414",""
"20220411","6호선","봉화산(서울의료원)","8827","8338","20220414",""
"20220411","6호선","화랑대(서울여대입구)","12261","9584","20220414",""
"20220411","6호선","태릉입구","5573","6247","20220414",""
"20220411","6호선","석계","12286","13044","20220414",""
"20220411","6호선","돌곶이","9843","9366","20220414",""
"20220411","6호선","상월곡(한국과학기술연구원)","6448","5972","20220414",""
"20220411","6호선","월곡(동덕여대)","12707","12391","20220414",""
"20220411","6호선","고려대(종암)","8330","8046","20220414",""
"20220411","6호선","안암(고대병원앞)","13592","13997","20220414",""
"20220411","6호선","보문","7115","6570","20220414",""
"20220411","6호선","창신","3679","3101","20220414",""
"20220411","6호선","동묘앞","7468","7762","20220414",""
"20220411","6호선","신당","7291","7932","20220414",""
"20220411","6호선","청구","3714","3968","20220414",""
"20220411","6호선","약수","3597","3597","20220414",""
"20220411","6호선","불광","4124","4163","20220414",""
"20220411","6호선","역촌","3701","4352","20220414",""
"20220411","6호선","응암","17957","17923","20220414",""
"20220411","5호선","하남검단산","5709","5512","20220414",""
"20220411","5호선","하남시청(덕풍·신장)","6665","6480","20220414",""
"20220411","5호선","하남풍산","4264","4215","20220414",""
"20220411","5호선","미사","15711","15740","20220414",""
"20220411","5호선","강일","4137","3921","20220414",""
"20220411","5호선","마천","7194","6877","20220414",""
"20220411","5호선","거여","10214","9708","20220414",""
"20220411","5호선","개롱","6430","6693","20220414",""
"20220411","5호선","오금","3744","3769","20220414",""
"20220411","5호선","방이","6721","7038","20220414",""
"20220411","5호선","올림픽공원(한국체대)","4551","4032","20220414",""
"20220411","5호선","둔촌동","8391","8260","20220414",""
"20220411","5호선","상일동","15059","13775","20220414",""
"20220411","5호선","고덕","9534","9554","20220414",""
"20220411","5호선","명일","8621","8814","20220414",""
"20220411","5호선","굽은다리(강동구민회관앞)","9373","8767","20220414",""
"20220411","5호선","길동","7932","8193","20220414",""
"20220411","5호선","강동","18279","17569","20220414",""
"20220411","5호선","천호(풍납토성)","16766","17058","20220414",""
"20220411","5호선","광나루(장신대)","13389","12245","20220414",""
"20220411","5호선","아차산(어린이대공원후문)","15119","14698","20220414",""
"20220411","5호선","군자(능동)","10807","11757","20220414",""
"20220411","5호선","장한평","18077","17729","20220414",""
"20220411","5호선","답십리","15649","14292","20220414",""
"20220411","5호선","마장","5684","5341","20220414",""
"20220411","5호선","왕십리(성동구청)","4467","5171","20220414",""
"20220411","5호선","행당","8018","7113","20220414",""
"20220411","5호선","신금호","6501","6816","20220414",""
"20220411","5호선","청구","4026","3586","20220414",""
"20220411","5호선","동대문역사문화공원(DDP)","2779","3184","20220414",""
"20220411","5호선","을지로4가","6103","6012","20220414",""
"20220411","5호선","종로3가","10921","11203","20220414",""
"20220411","4호선","길음","20899","20883","20220414",""
"20220411","4호선","미아사거리","27043","26374","20220414",""
"20220411","4호선","미아(서울사이버대학)","15414","14932","20220414",""
"20220411","4호선","수유(강북구청)","33592","33688","20220414",""
"20220411","4호선","쌍문","29158","26838","20220414",""
"20220411","4호선","창동","24648","25448","20220414",""
"20220411","4호선","노원","17973","20164","20220414",""
"20220411","4호선","상계","19292","17854","20220414",""
"20220411","4호선","당고개","9109","8047","20220414",""
"20220411","3호선","오금","6215","5603","20220414",""
"20220411","3호선","경찰병원","7464","7365","20220414",""
"20220411","3호선","가락시장","8787","8765","20220414",""
"20220411","3호선","수서","16443","17011","20220414",""
"20220411","3호선","일원","10561","10117","20220414",""
"20220411","3호선","대청","10301","9407","20220414",""
"20220411","3호선","학여울","1805","1796","20220414",""
"20220411","3호선","대치","10693","10885","20220414",""
"20220411","3호선","도곡","5458","5777","20220414",""
"20220411","3호선","매봉","12646","12164","20220414",""
"20220411","3호선","양재(서초구청)","37099","40949","20220414",""
"20220411","3호선","남부터미널(예술의전당)","27208","28306","20220414",""
"20220411","3호선","교대(법원.검찰청)","14187","9407","20220414",""
"20220411","3호선","고속터미널","37321","35812","20220414",""
"20220411","3호선","잠원","4858","4623","20220414",""
"20220411","3호선","신사","28280","29661","20220414",""
"20220411","3호선","압구정","29649","31684","20220414",""
"20220411","3호선","옥수","8539","8828","20220414",""
"20220411","3호선","약수","12570","12360","20220414",""
"20220411","3호선","동대입구","9558","10577","20220414",""
"20220411","3호선","충무로","1","0","20220414",""
"20220411","3호선","을지로3가","10130","10346","20220414",""
"20220411","3호선","종로3가","9591","10951","20220414",""
"20220411","3호선","안국","19718","20298","20220414",""
"20220411","3호선","경복궁(정부서울청사)","20980","21014","20220414",""
"20220411","3호선","독립문","6882","7220","20220414",""
"20220411","3호선","무악재","3894","4080","20220414",""
"20220411","3호선","홍제","17878","17060","20220414",""
"20220411","3호선","녹번","15643","13992","20220414",""
"20220411","3호선","불광","15769","16685","20220414",""
"20220411","3호선","연신내","35884","33896","20220414",""
"20220411","3호선","구파발","20494","19441","20220414",""
"20220411","3호선","지축","4918","4656","20220414",""
"20220411","2호선","용두(동대문구청)","2340","2400","20220414",""
"20220411","2호선","신정네거리","10105","10188","20220414",""
"20220411","2호선","양천구청","6715","6893","20220414",""
"20220411","2호선","도림천","1604","1705","20220414",""
"20220411","2호선","구로디지털단지","57947","57844","20220414",""
"20220411","2호선","신대방","26666","26026","20220414",""
"20220411","2호선","신림","61145","59054","20220414",""
"20220411","2호선","봉천","23472","21711","20220414",""
"20220411","2호선","서울대입구(관악구청)","46668","46275","20220414",""
"20220411","2호선","낙성대(강감찬)","26470","26341","20220414",""
"20220411","2호선","사당","34295","38415","20220414",""
"20220411","2호선","방배","18818","19476","20220414",""
"20220411","2호선","서초","20862","20014","20220414",""
"20220411","2호선","교대(법원.검찰청)","32920","37073","20220414",""
"20220411","2호선","강남","77999","77552","20220414",""
"20220411","2호선","역삼","50824","57008","20220414",""
"20220411","2호선","선릉","55569","49564","20220414",""
"20220411","2호선","삼성(무역센터)","45756","46763","20220414",""
"20220411","2호선","종합운동장","6899","7690","20220414",""
"20220411","2호선","잠실새내","20866","20385","20220414",""
"20220411","2호선","잠실(송파구청)","80428","80550","20220414",""
"20220411","2호선","잠실나루","14715","14544","20220414",""
"20220411","2호선","강변(동서울터미널)","29111","28005","20220414",""
"20220411","2호선","구의(광진구청)","23217","23020","20220414",""
"20220411","2호선","건대입구","34428","36947","20220414",""
"20220411","2호선","성수","35798","39080","20220414",""
"20220411","2호선","뚝섬","22616","24227","20220414",""
"20220411","2호선","한양대","14822","16609","20220414",""
"20220411","2호선","왕십리(성동구청)","16182","12643","20220414",""
"20220411","2호선","상왕십리","13889","13610","20220414",""
"20220411","2호선","신당","13417","13763","20220414",""
"20220411","2호선","동대문역사문화공원(DDP)","11126","12470","20220414",""
"20220411","2호선","을지로4가","12530","12494","20220414",""
"20220411","2호선","을지로3가","21292","21438","20220414",""
"20220411","2호선","을지로입구","36441","37946","20220414",""
"20220411","2호선","시청","22330","21835","20220414",""
"20220411","1호선","동묘앞","7508","7802","20220414",""
"20220411","1호선","청량리(서울시립대입구)","19353","18786","20220414",""
"20220411","1호선","제기동","16767","17254","20220414",""
"20220411","1호선","신설동","13550","13159","20220414",""
"20220411","1호선","동대문","10718","10028","20220414",""
"20220411","1호선","종로5가","21860","21947","20220414",""
"20220411","1호선","종로3가","23844","21452","20220414",""
"20220411","1호선","종각","31970","31458","20220414",""
"20220411","1호선","시청","21273","21609","20220414",""
"20220411","1호선","서울역","40811","39414","20220414",""
"20220411","2호선","문래","21489","21830","20220414",""
"20220411","2호선","영등포구청","21961","22816","20220414",""
"20220411","2호선","당산","19019","21945","20220414",""
"20220411","2호선","합정","28754","30055","20220414",""
"20220411","2호선","홍대입구","46880","48722","20220414",""
"20220411","2호선","신촌","30840","31311","20220414",""
"20220411","2호선","이대","13589","14601","20220414",""
"20220411","2호선","아현","10237","9719","20220414",""
"20220411","2호선","충정로(경기대입구)","9728","10413","20220414",""
"20220411","2호선","용답","3255","3443","20220414",""
"20220411","2호선","신답","1631","1899","20220414",""
"20220411","2호선","신설동","3222","1734","20220414",""
"20220411","경의선","신촌","885","1149","20220414",""
"20220411","경의선","서울역","4410","5624","20220414",""
"20220411","경원선","소요산","3004","2572","20220414",""
"20220411","경원선","동두천","2747","3059","20220414",""
"20220411","경원선","보산","1572","1374","20220414",""
"20220411","경원선","동두천중앙","3350","3183","20220414",""
"20220411","경원선","지행","6896","6806","20220414",""
"20220411","경원선","덕정","6579","6365","20220414",""
"20220411","경원선","덕계","3477","3147","20220414",""
"20220411","경원선","양주","8262","7772","20220414",""
"20220411","경원선","녹양","4815","4439","20220414",""
"20220411","분당선","선정릉","7852","8553","20220414",""
"20220411","경의선","공덕","3344","3073","20220414",""
"20220411","분당선","가천대","10023","11217","20220414",""
"20220411","2호선","대림(구로구청)","23927","24304","20220414",""
"20220411","2호선","신도림","45596","45468","20220414",""
"20220411","분당선","태평","13204","12697","20220414",""
"20220411","경춘선","굴봉산","155","154","20220414",""
"20220411","분당선","모란","19541","19810","20220414",""
"20220411","분당선","야탑","25072","26297","20220414",""
"20220411","분당선","서현","22814","23128","20220414",""
"20220411","분당선","수내","12923","12849","20220414",""
"20220411","분당선","정자","16623","17539","20220414",""
"20220411","분당선","미금","15135","15993","20220414",""
"20220411","분당선","오리","11535","9312","20220414",""
"20220411","분당선","이매","5715","5351","20220414",""
"20220411","분당선","보정","2625","2259","20220414",""
"20220411","분당선","죽전","12985","14401","20220414",""
"20220411","분당선","구성","5105","5326","20220414",""
"20220411","분당선","신갈","4445","4512","20220414",""
"20220411","분당선","기흥","10056","9288","20220414",""
"20220411","분당선","상갈","5277","5093","20220414",""
"20220411","분당선","청명","4298","4169","20220414",""
"20220411","분당선","영통","7915","8202","20220414",""
"20220411","분당선","망포","14180","13473","20220414",""
"20220411","분당선","매탄권선","5120","4934","20220414",""
"20220411","분당선","수원시청","12161","12692","20220414",""
"20220411","분당선","매교","3237","3243","20220414",""
"20220411","수인선","고색","5095","5023","20220414",""
"20220411","수인선","오목천","3508","3283","20220414",""
"20220411","수인선","어천","701","753","20220414",""
"20220411","수인선","야목","408","296","20220414",""
"20220411","수인선","사리","4982","4335","20220414",""
"20220411","수인선","인천","1067","1778","20220414",""
"20220411","안산선","산본","15911","16964","20220414",""
"20220411","안산선","대야미","5231","4791","20220414",""
"20220411","안산선","반월","4466","4291","20220414",""
"20220411","안산선","상록수","16691","16948","20220414",""
"20220411","안산선","한대앞","10558","10725","20220414",""
"20220411","안산선","중앙","17953","18574","20220414",""
"20220411","안산선","고잔","9122","8661","20220414",""
"20220411","안산선","초지","5377","5790","20220414",""
"20220411","안산선","안산","11964","10651","20220414",""
"20220411","안산선","신길온천","1885","1674","20220414",""
"20220411","안산선","정왕","10286","10943","20220414",""
"20220411","안산선","오이도","8725","8364","20220414",""
"20220411","안산선","수리산","4471","3616","20220414",""
"20220411","우이신설선","북한산우이","2722","2478","20220414",""
"20220411","수인선","달월","111","66","20220414",""
"20220411","수인선","월곶","2721","2562","20220414",""
"20220411","수인선","소래포구","5383","4986","20220414",""
"20220411","수인선","인천논현","5749","6120","20220414",""
"20220411","수인선","호구포","4109","4360","20220414",""
"20220411","수인선","남동인더스파크","2209","2585","20220414",""
"20220411","수인선","원인재","4704","4989","20220414",""
"20220411","수인선","연수","4617","4431","20220414",""
"20220411","수인선","송도","2620","2349","20220414",""
"20220411","수인선","인하대","7224","6988","20220414",""
"20220411","수인선","숭의","4128","3768","20220414",""
"20220411","수인선","신포","1831","1815","20220414",""
"20220411","경의선","서강대","2188","2156","20220414",""
"20220411","경의선","홍대입구","1579","1750","20220414",""
"20220411","경의선","가좌","5589","5383","20220414",""
"20220411","중앙선","지평","77","93","20220414",""
"20220411","중앙선","용문","1854","1740","20220414",""
"20220411","중앙선","원덕","521","443","20220414",""
"20220411","중앙선","양평","2918","3012","20220414",""
"20220411","중앙선","오빈","341","311","20220414",""
"20220411","중앙선","아신","582","592","20220414",""
"20220411","중앙선","국수","873","835","20220414",""
"20220411","중앙선","신원","260","241","20220414",""
"20220411","중앙선","양수","2001","2033","20220414",""
"20220411","중앙선","운길산","928","865","20220414",""
"20220411","중앙선","팔당","911","898","20220414",""
"20220411","중앙선","도심","2520","2029","20220414",""
"20220411","중앙선","덕소","5670","5705","20220414",""
"20220411","중앙선","양정","748","645","20220414",""
"20220411","중앙선","도농","10897","9742","20220414",""
"20220411","중앙선","구리","13331","13506","20220414",""
"20220411","중앙선","양원","3042","2948","20220414",""
"20220411","중앙선","망우","7670","7676","20220414",""
"20220411","중앙선","상봉(시외버스터미널)","5751","5681","20220414",""
"20220411","중앙선","중랑","5673","5441","20220414",""
"20220411","중앙선","회기","25561","25196","20220414",""
"20220411","장항선","신창(순천향대)","2653","3186","20220414",""
"20220411","장항선","온양온천","3818","3897","20220414",""
"20220411","장항선","배방","1140","1172","20220414",""
"20220411","장항선","탕정","824","691","20220414",""
"20220411","장항선","아산","4009","3413","20220414",""
"20220411","장항선","쌍용(나사렛대)","3017","3093","20220414",""
"20220411","장항선","봉명","1268","1228","20220414",""
"20220411","일산선","대화","12643","9991","20220414",""
"20220411","일산선","주엽","9155","9050","20220414",""
"20220411","경의선","디지털미디어시티","2569","2410","20220414",""
"20220411","경원선","도봉산","7767","5087","20220414",""
"20220411","경원선","도봉","5975","5700","20220414",""
"20220411","경원선","방학","9809","9663","20220414",""
"20220411","경원선","녹천","4876","4022","20220414",""
"20220411","경원선","월계","8461","7944","20220414",""
"20220411","경원선","광운대","9164","9159","20220414",""
"20220411","경원선","석계","8334","9136","20220414",""
"20220411","경원선","신이문","8440","7801","20220414",""
"20220411","경원선","외대앞","8384","8576","20220414",""
"20220411","경원선","청량리(서울시립대입구)","14234","15287","20220414",""
"20220411","경원선","왕십리(성동구청)","13933","15334","20220414",""
"20220411","경원선","응봉","2058","1909","20220414",""
"20220411","경원선","옥수","61","48","20220414",""
"20220411","경원선","한남","4040","3848","20220414",""
"20220411","경원선","서빙고","1955","1716","20220414",""
"20220411","경원선","이촌(국립중앙박물관)","3679","2815","20220414",""
"20220411","경부선","광명","3386","2802","20220414",""
"20220411","경부선","서동탄","1456","1247","20220414",""
"20220411","경부선","당정","6834","6457","20220414",""
"20220411","경부선","천안","6718","6474","20220414",""
"20220411","경부선","두정","7302","8465","20220414",""
"20220411","경부선","직산","825","827","20220414",""
"20220411","경부선","성환","5332","5547","20220414",""
"20220411","경부선","평택","13072","13246","20220414",""
"20220411","경부선","평택지제","3664","3450","20220414",""
"20220411","경부선","서정리","7609","7416","20220414",""
"20220411","경부선","송탄","4391","4238","20220414",""
"20220411","경부선","진위","1787","1588","20220414",""
"20220411","경부선","오산","10192","10349","20220414",""
"20220411","경부선","오산대","4007","3747","20220414",""
"20220411","경부선","세마","2850","2686","20220414",""
"20220411","경부선","병점","15876","15643","20220414",""
"20220411","경의선","수색","2883","3043","20220414",""
"20220411","8호선","남한산성입구(성남법원.검찰청)","15512","14529","20220414",""
"20220411","8호선","산성","5456","5558","20220414",""
"20220411","경의선","화전","3634","3428","20220414",""
"20220411","경의선","강매","3412","2992","20220414",""
"20220411","경의선","행신","8029","8051","20220414",""
"20220411","경의선","능곡","3887","3605","20220414",""
"20220411","경의선","곡산","685","710","20220414",""
"20220411","경의선","백마","7266","6968","20220414",""
"20220411","경의선","풍산","5681","5296","20220414",""
"20220411","분당선","압구정로데오","15968","17609","20220414",""
"20220411","분당선","서울숲","14014","14911","20220414",""
"20220411","분당선","수원","8101","6646","20220414",""
"20220411","분당선","수서","13477","13344","20220414",""
"20220411","분당선","대모산입구","4580","4277","20220414",""
"20220411","분당선","개포동","3864","3909","20220414",""
"20220411","분당선","구룡","2359","2295","20220414",""
"20220411","분당선","도곡","7227","7223","20220414",""
"20220411","분당선","한티","13647","14833","20220414",""
"20220411","분당선","선릉","13083","19891","20220414",""
"20220411","과천선","범계","25625","25580","20220414",""
"20220411","과천선","평촌","18058","17595","20220414",""
"20220411","과천선","인덕원","24377","25069","20220414",""
"20220411","과천선","정부과천청사","10752","10565","20220414",""
"20220411","과천선","과천","6423","5855","20220414",""
"20220411","과천선","대공원","6682","6901","20220414",""
"20220411","과천선","경마공원","1363","1361","20220414",""
"20220411","과천선","선바위","8441","7552","20220414",""
"20220411","공항철도 1호선","영종","3121","3045","20220414",""
"20220411","공항철도 1호선","인천공항2터미널","2606","2156","20220414",""
"20220411","공항철도 1호선","인천공항1터미널","4192","4002","20220414",""
"20220411","공항철도 1호선","공항화물청사","2208","2413","20220414",""
"20220411","공항철도 1호선","운서","6830","6841","20220414",""
"20220411","공항철도 1호선","청라국제도시","7043","6665","20220414",""
"20220411","공항철도 1호선","검암","6581","6550","20220414",""
"20220411","공항철도 1호선","계양","10763","10098","20220414",""
"20220411","공항철도 1호선","김포공항","11758","6722","20220414",""
"20220411","공항철도 1호선","마곡나루(서울식물원)","8853","8500","20220414",""
"20220411","공항철도 1호선","디지털미디어시티","13683","12759","20220414",""
"20220411","공항철도 1호선","홍대입구","8546","8763","20220414",""
"20220411","공항철도 1호선","공덕","2155","2712","20220414",""
"20220411","공항철도 1호선","서울역","7338","7050","20220414",""
"20220411","경춘선","춘천","1520","1551","20220414",""
"20220411","경춘선","남춘천","2501","2771","20220414",""
"20220411","경춘선","김유정","304","302","20220414",""
"20220411","경춘선","강촌","424","410","20220414",""
"20220411","경춘선","백양리","91","77","20220414",""
"20220411","경춘선","가평","1616","1529","20220414",""
"20220411","경춘선","상천","344","299","20220414",""
"20220411","경춘선","청평","1786","1651","20220414",""
"20220411","경춘선","대성리","875","826","20220414",""
"20220411","경춘선","마석","4279","4195","20220414",""
"20220411","경춘선","천마산","1738","1609","20220414",""
"20220411","경춘선","평내호평","6663","6453","20220414",""
"20220411","경춘선","금곡","1570","1521","20220414",""
"20220411","경춘선","사릉","2658","2502","20220414",""
"20220411","경춘선","퇴계원","3631","3313","20220414",""
"20220411","경춘선","별내","3343","3032","20220414",""
"20220411","경춘선","갈매","3136","2723","20220414",""
"20220411","경춘선","신내","2309","2140","20220414",""
"20220411","경인선","도화","4293","3851","20220414",""
"20220411","경인선","중동","9727","8966","20220414",""
"20220411","경인선","온수(성공회대입구)","7196","6925","20220414",""
"20220411","경인선","도원","3302","3215","20220414",""
"20220411","경인선","간석","5999","5721","20220414",""
"20220411","경인선","부개","8811","8106","20220414",""
"20220411","경인선","소사","9430","8939","20220414",""
"20220411","경인선","구일","7624","7653","20220414",""
"20220411","경인선","인천","3702","2920","20220414",""
"20220411","경인선","동인천","13764","12983","20220414",""
"20220411","경인선","제물포","11260","10752","20220414",""
"20220411","경인선","주안","19602","17983","20220414",""
"20220411","경인선","동암","14671","14405","20220414",""
"20220411","경인선","백운","7134","7058","20220414",""
"20220411","경인선","부평","27971","30038","20220414",""
"20220411","경인선","송내","27636","27561","20220414",""
"20220411","경인선","부천","32004","32116","20220414",""
"20220411","경인선","역곡","28683","28071","20220414",""
"20220411","경인선","오류동","12287","11345","20220414",""
"20220411","경인선","개봉","21398","21016","20220414",""
"20220411","경의선","임진강","11","10","20220414",""
"20220411","경의선","문산","5150","5206","20220414",""
"20220411","경의선","파주","1778","1360","20220414",""
"20220411","경의선","월롱","2947","2958","20220414",""
"20220411","경의선","금촌","6841","6712","20220414",""
"20220411","경의선","금릉","4965","4794","20220414",""
"20220411","경의선","운정","7248","6712","20220414",""
"20220411","경의선","야당","7624","7316","20220414",""
"20220411","경의선","탄현","8016","7573","20220414",""
"20220411","경의선","일산","9871","9679","20220414",""
"20220411","경원선","가능","7020","6714","20220414",""
"20220411","경원선","의정부","17711","18171","20220414",""
"20220411","경원선","회룡","12997","13036","20220414",""
"20220411","경원선","망월사","9701","9915","20220414",""
"20220411","경부선","세류","3052","2771","20220414",""
"20220411","경부선","독산","18860","19423","20220414",""
"20220411","경부선","수원","34499","36780","20220414",""
"20220411","경부선","화서","8454","8129","20220414",""
"20220411","경부선","성균관대","14993","14951","20220414",""
"20220411","경부선","의왕","9350","9371","20220414",""
"20220411","경부선","군포","7723","7797","20220414",""
"20220411","경부선","금정","26979","27424","20220414",""
"20220411","경부선","명학","10394","10269","20220414",""
"20220411","경부선","안양","26199","25829","20220414",""
"20220411","경부선","관악","7382","6811","20220414",""
"20220411","경부선","석수","9874","8932","20220414",""
"20220411","경부선","금천구청","12123","12062","20220414",""
"20220411","경부선","가산디지털단지","18908","21660","20220414",""
"20220411","경부선","구로","18432","18534","20220414",""
"20220411","경부선","신길","9218","7894","20220414",""
"20220411","경부선","신도림","4079","4231","20220414",""
"20220411","경부선","영등포","34896","35684","20220414",""
"20220411","경부선","대방","13236","13605","20220414",""
"20220411","경부선","노량진","7901","8166","20220414",""
"20220411","경부선","용산","30135","30640","20220414",""
"20220411","경부선","남영","9211","9965","20220414",""
"20220411","경부선","서울역","6164","1919","20220414",""
"20220411","경강선","여주","2454","2484","20220414",""
"20220411","경강선","세종대왕릉","351","356","20220414",""
"20220411","경강선","부발","1968","2149","20220414",""
"20220411","경강선","이천","2560","2661","20220414",""
"20220411","경강선","신둔도예촌","1607","1525","20220414",""
"20220411","경강선","곤지암","2275","2222","20220414",""
"20220411","경강선","초월","3124","3031","20220414",""
"20220411","경강선","경기광주","7738","7351","20220414",""
"20220411","경강선","삼동","2436","2225","20220414",""
"20220411","경강선","이매","1169","1004","20220414",""
"20220411","경강선","판교","4620","4475","20220414",""
"20220411","9호선2~3단계","중앙보훈병원","11118","9853","20220414",""
"20220411","9호선2~3단계","둔촌오륜","1190","1101","20220414",""
"20220411","9호선2~3단계","올림픽공원(한국체대)","6069","6153","20220414",""
"20220411","9호선2~3단계","한성백제","2604","2304","20220414",""
"20220411","9호선2~3단계","송파나루","5228","5450","20220414",""
"20220411","우이신설선","솔밭공원","2511","2448","20220414",""
"20220411","9호선2~3단계","석촌","9227","8690","20220414",""
"20220411","9호선2~3단계","석촌고분","6069","5914","20220414",""
"20220411","9호선2~3단계","삼전","6680","6347","20220414",""
"20220411","9호선2~3단계","종합운동장","4052","4197","20220414",""
"20220411","9호선2~3단계","봉은사","14584","14755","20220414",""
"20220411","9호선2~3단계","삼성중앙","6726","6984","20220414",""
"20220411","9호선2~3단계","선정릉","9493","10478","20220414",""
"20220411","9호선2~3단계","언주","10207","10493","20220414",""
"20220411","9호선","신논현","29815","29477","20220414",""
"20220411","9호선","사평","3451","3417","20220414",""
"20220411","9호선","고속터미널","12080","14567","20220414",""
"20220411","9호선","신반포","3537","3488","20220414",""
"20220411","9호선","구반포","1260","1352","20220414",""
"20220411","9호선","동작(현충원)","3180","2600","20220414",""
"20220411","9호선","흑석(중앙대입구)","9483","9512","20220414",""
"20220411","9호선","노들","4597","3783","20220414",""
"20220411","9호선","노량진","26072","25574","20220414",""
"20220411","9호선","샛강","6073","6484","20220414",""
"20220411","9호선","여의도","28928","28920","20220414",""
"20220411","3호선","금호","7594","7146","20220414",""
"20220411","9호선","국회의사당","23019","22768","20220414",""
"20220411","9호선","당산","18319","17960","20220414",""
"20220411","9호선","선유도","9114","8696","20220414",""
"20220411","9호선","신목동","4288","3867","20220414",""
"20220411","9호선","염창","17302","16555","20220414",""
"20220411","4호선","성신여대입구(돈암)","20289","19201","20220414",""
"20220411","4호선","한성대입구(삼선교)","13868","13725","20220414",""
"20220411","4호선","혜화","28812","29235","20220414",""
"20220411","4호선","동대문","19524","19983","20220414",""
"20220411","4호선","동대문역사문화공원(DDP)","13613","12639","20220414",""
"20220411","4호선","충무로","28516","29232","20220414",""
"20220411","4호선","명동","19496","19878","20220414",""
"20220411","4호선","회현(남대문시장)","23968","25327","20220414",""
"20220411","4호선","서울역","10676","15197","20220414",""
"20220411","4호선","숙대입구(갈월)","13623","12936","20220414",""
"20220411","4호선","삼각지","4557","4998","20220414",""
"20220411","4호선","신용산","15012","15857","20220414",""
"20220411","4호선","이촌(국립중앙박물관)","6799","7727","20220414",""
"20220411","4호선","동작(현충원)","2188","2571","20220414",""
"20220411","4호선","총신대입구(이수)","18559","19840","20220414",""
"20220411","4호선","사당","24166","20003","20220414",""
"20220411","4호선","남태령","1234","1042","20220414",""
"20220411","5호선","방화","6696","6513","20220414",""
"20220411","5호선","개화산","5569","5296","20220414",""
"20220411","5호선","김포공항","6714","6572","20220414",""
"20220411","5호선","송정","6536","6026","20220414",""
"20220411","5호선","마곡","10617","10633","20220414",""
"20220411","5호선","발산","19878","20491","20220414",""
"20220411","5호선","우장산","15021","14516","20220414",""
"20220411","9호선","등촌","11464","11001","20220414",""
"20220411","9호선","증미","7477","7291","20220414",""
"20220411","9호선","가양","20905","20025","20220414",""
"20220411","9호선","양천향교","10103","10315","20220414",""
"20220411","9호선","마곡나루(서울식물원)","11739","11925","20220414",""
"20220411","9호선","신방화","6864","6677","20220414",""
"20220411","9호선","공항시장","2973","3211","20220414",""
"20220411","9호선","김포공항","6950","9692","20220414",""
"20220411","9호선","개화","2602","1864","20220414",""
"20220411","8호선","남위례","4659","4949","20220414",""
"20220411","8호선","모란","4580","3557","20220414",""
"20220411","8호선","수진","5446","4964","20220414",""
"20220411","8호선","신흥","4125","4451","20220414",""
"20220411","8호선","단대오거리","11448","10908","20220414",""
"20220411","8호선","복정","9869","8177","20220414",""
"20220411","8호선","장지","16660","16133","20220414",""
"20220411","8호선","문정","21692","22938","20220414",""
"20220411","8호선","가락시장","7558","8197","20220414",""
"20220411","8호선","송파","8033","7863","20220414",""
"20220411","8호선","석촌","8497","10503","20220414",""
"20220411","8호선","잠실(송파구청)","15614","18408","20220414",""
"20220411","8호선","몽촌토성(평화의문)","6337","6270","20220414",""
"20220411","8호선","강동구청","10321","10605","20220414",""
"20220411","8호선","천호(풍납토성)","14049","16001","20220414",""
"20220411","8호선","암사","18682","16415","20220414",""
"20220411","7호선","온수(성공회대입구)","11078","10387","20220414",""
"20220411","7호선","천왕","11543","10888","20220414",""
"20220411","7호선","광명사거리","21757","21286","20220414",""
"20220411","7호선","철산","20759","21118","20220414",""
"20220411","7호선","가산디지털단지","44955","45619","20220414",""
"20220411","7호선","남구로","15884","16455","20220414",""
"20220411","7호선","대림(구로구청)","7633","7573","20220414",""
"20220411","7호선","신풍","11630","11020","20220414",""
"20220411","분당선","강남구청","9650","11137","20220414",""
"20220411","7호선","보라매","9838","9903","20220414",""
"20220411","7호선","신대방삼거리","16565","15867","20220414",""
"20220411","7호선","장승배기","9000","8598","20220414",""
"20220411","경의선","효창공원앞","3007","3305","20220414",""
"20220411","5호선","화곡","28411","26633","20220414",""
"20220411","5호선","까치산","28722","27135","20220414",""
"20220411","5호선","신정(은행정)","13925","11333","20220414",""
"20220411","5호선","목동","16614","17863","20220414",""
"20220411","5호선","오목교(목동운동장앞)","20276","21961","20220414",""
"20220411","5호선","양평","7723","7655","20220414",""
"20220411","5호선","영등포구청","4081","4182","20220414",""
"20220411","5호선","영등포시장","9934","10032","20220414",""
"20220411","5호선","신길","4274","4486","20220414",""
"20220411","5호선","여의도","29509","32437","20220414",""
"20220411","5호선","여의나루","26115","29020","20220414",""
"20220411","5호선","마포","14429","14779","20220414",""
"20220411","5호선","공덕","13999","14842","20220414",""
"20220411","5호선","애오개","6736","6756","20220414",""
"20220411","5호선","충정로(경기대입구)","4753","4850","20220414",""
"20220411","5호선","서대문","19894","19973","20220414",""
"20220411","5호선","광화문(세종문화회관)","28105","29188","20220414",""
"20220411","6호선","독바위","2730","2901","20220414",""
"20220411","6호선","연신내","1","0","20220414",""
"20220411","6호선","구산","7814","5705","20220414",""
"20220411","6호선","새절(신사)","13624","13015","20220414",""
"20220411","6호선","증산(명지대앞)","10440","10379","20220414",""
"20220411","6호선","디지털미디어시티","13777","14947","20220414",""
"20220411","6호선","월드컵경기장(성산)","4402","4569","20220414",""
"20220411","6호선","마포구청","13877","12266","20220414",""
"20220411","6호선","망원","13114","13729","20220414",""
"20220411","6호선","합정","12192","12038","20220414",""
"20220411","6호선","상수","7432","8450","20220414",""
"20220411","6호선","광흥창(서강)","9033","8715","20220414",""
"20220411","6호선","대흥(서강대앞)","8322","8750","20220414",""
"20220411","6호선","공덕","18101","17769","20220414",""
"20220411","6호선","효창공원앞","7217","6690","20220414",""
"20220411","6호선","삼각지","5995","5213","20220414",""
"20220411","6호선","녹사평(용산구청)","4375","4152","20220414",""
"20220411","6호선","이태원","8849","8993","20220414",""
"20220411","6호선","한강진","6319","7294","20220414",""
"20220411","6호선","버티고개","2120","2070","20220414",""
"20220411","7호선","상도","11152","11101","20220414",""
"20220411","7호선","숭실대입구(살피재)","14882","15203","20220414",""
"20220411","7호선","남성","11054","10413","20220414",""
"20220411","7호선","이수","14798","14485","20220414",""
"20220411","7호선","내방","14231","14528","20220414",""
"20220411","일산선","정발산","7300","7455","20220414",""
"20220411","일산선","마두","7550","7665","20220414",""
"20220411","일산선","백석","9583","9568","20220414",""
"20220411","일산선","대곡","2259","1821","20220414",""
"20220411","일산선","화정","16935","17118","20220414",""
"20220411","일산선","원당","11502","10799","20220414",""
"20220411","일산선","삼송","19710","19158","20220414",""
"20220411","일산선","원흥","10814","10338","20220414",""
"20220411","우이신설선","신설동","2146","2075","20220414",""
"20220411","우이신설선","보문","1463","1492","20220414",""
"20220411","우이신설선","성신여대입구(돈암)","3252","3489","20220414",""
"20220411","우이신설선","정릉","4692","4192","20220414",""
"20220411","우이신설선","북한산보국문","6133","5764","20220414",""
"20220411","우이신설선","솔샘","5865","5483","20220414",""
"20220411","우이신설선","삼양사거리","2437","2491","20220414",""
"20220411","우이신설선","삼양","2006","2087","20220414",""
"20220411","우이신설선","화계","3351","3149","20220414",""
"20220411","우이신설선","가오리","4280","4140","20220414",""
"20220411","우이신설선","4.19민주묘지","3858","3696","20220414",""
"20220412","중앙선","중랑","5704","5446","20220415",""
"20220412","7호선","논현","20133","21759","20220415",""
"20220412","1호선","동대문","10597","9861","20220415",""
"20220412","1호선","신설동","13353","13068","20220415",""
"20220412","1호선","제기동","17130","17419","20220415",""
"20220412","1호선","청량리(서울시립대입구)","19739","19332","20220415",""
"20220412","1호선","동묘앞","7618","8115","20220415",""
"20220412","2호선","시청","23280","22723","20220415",""
"20220412","2호선","을지로입구","37663","38874","20220415",""
"20220412","2호선","을지로4가","12678","12671","20220415",""
"20220412","2호선","동대문역사문화공원(DDP)","11125","12496","20220415",""
"20220412","2호선","신당","13796","14387","20220415",""
"20220412","2호선","상왕십리","14105","13901","20220415",""
"20220412","2호선","왕십리(성동구청)","16312","12680","20220415",""
"20220412","2호선","한양대","15929","17181","20220415",""
"20220412","2호선","뚝섬","22442","23771","20220415",""
"20220412","2호선","성수","37217","40410","20220415",""
"20220412","2호선","건대입구","34058","36116","20220415",""
"20220412","2호선","구의(광진구청)","23627","23356","20220415",""
"20220412","2호선","강변(동서울터미널)","28151","26335","20220415",""
"20220412","2호선","잠실나루","14774","14446","20220415",""
"20220412","7호선","학동","24432","26081","20220415",""
"20220412","2호선","잠실(송파구청)","71244","70497","20220415",""
"20220412","2호선","잠실새내","20633","20375","20220415",""
"20220412","2호선","종합운동장","9634","10652","20220415",""
"20220412","2호선","삼성(무역센터)","47728","48235","20220415",""
"20220412","2호선","선릉","56317","50218","20220415",""
"20220412","2호선","역삼","51613","57776","20220415",""
"20220412","2호선","강남","79450","78812","20220415",""
"20220412","2호선","교대(법원.검찰청)","34513","39187","20220415",""
"20220412","2호선","서초","21724","21059","20220415",""
"20220412","2호선","방배","19485","20364","20220415",""
"20220412","2호선","사당","35964","39855","20220415",""
"20220412","2호선","낙성대(강감찬)","27013","26692","20220415",""
"20220412","2호선","서울대입구(관악구청)","47388","46504","20220415",""
"20220412","2호선","봉천","23671","21805","20220415",""
"20220412","2호선","신림","61910","59997","20220415",""
"20220412","2호선","신대방","26746","26060","20220415",""
"20220412","2호선","구로디지털단지","58408","58564","20220415",""
"20220412","2호선","대림(구로구청)","23694","24260","20220415",""
"20220412","2호선","신도림","45542","45330","20220415",""
"20220412","2호선","문래","22039","22444","20220415",""
"20220412","2호선","영등포구청","22512","23338","20220415",""
"20220412","2호선","당산","18984","21840","20220415",""
"20220412","2호선","합정","29340","30751","20220415",""
"20220412","2호선","홍대입구","48148","49970","20220415",""
"20220412","2호선","신촌","31507","31814","20220415",""
"20220412","2호선","이대","13612","14552","20220415",""
"20220412","2호선","아현","10615","10092","20220415",""
"20220412","2호선","충정로(경기대입구)","9920","10587","20220415",""
"20220412","2호선","용답","3237","3409","20220415",""
"20220412","2호선","신답","1575","1920","20220415",""
"20220412","2호선","신설동","3012","1670","20220415",""
"20220412","2호선","도림천","1458","1520","20220415",""
"20220412","2호선","양천구청","6777","7092","20220415",""
"20220412","2호선","신정네거리","10127","10434","20220415",""
"20220412","2호선","용두(동대문구청)","2286","2346","20220415",""
"20220412","3호선","지축","5016","4650","20220415",""
"20220412","3호선","구파발","20367","19422","20220415",""
"20220412","3호선","연신내","36012","33870","20220415",""
"20220412","3호선","불광","15934","17181","20220415",""
"20220412","3호선","녹번","15988","14261","20220415",""
"20220412","3호선","홍제","17984","17017","20220415",""
"20220412","3호선","무악재","3896","3969","20220415",""
"20220412","3호선","독립문","7003","7341","20220415",""
"20220412","3호선","경복궁(정부서울청사)","20976","20402","20220415",""
"20220412","3호선","안국","20989","21302","20220415",""
"20220412","3호선","종로3가","9848","11121","20220415",""
"20220412","4호선","노원","18518","20644","20220415",""
"20220412","4호선","창동","24963","25865","20220415",""
"20220412","4호선","쌍문","29392","27251","20220415",""
"20220412","4호선","수유(강북구청)","33714","33389","20220415",""
"20220412","4호선","미아(서울사이버대학)","15560","15280","20220415",""
"20220412","4호선","미아사거리","27010","26249","20220415",""
"20220412","4호선","길음","21276","21308","20220415",""
"20220412","4호선","성신여대입구(돈암)","20719","19788","20220415",""
"20220412","4호선","한성대입구(삼선교)","14464","14060","20220415",""
"20220412","4호선","혜화","31095","31249","20220415",""
"20220412","4호선","동대문","19580","19771","20220415",""
"20220412","4호선","동대문역사문화공원(DDP)","13717","12679","20220415",""
"20220412","4호선","충무로","28699","29432","20220415",""
"20220412","4호선","명동","19599","19986","20220415",""
"20220412","4호선","회현(남대문시장)","25075","26311","20220415",""
"20220412","4호선","서울역","10928","14977","20220415",""
"20220412","4호선","숙대입구(갈월)","14317","13630","20220415",""
"20220412","4호선","삼각지","4809","5266","20220415",""
"20220412","4호선","신용산","15389","16193","20220415",""
"20220412","4호선","이촌(국립중앙박물관)","7169","8087","20220415",""
"20220412","4호선","동작(현충원)","1857","2225","20220415",""
"20220412","4호선","총신대입구(이수)","18762","20233","20220415",""
"20220412","4호선","남태령","1258","1093","20220415",""
"20220412","5호선","방화","6695","6392","20220415",""
"20220412","5호선","개화산","5664","5513","20220415",""
"20220412","5호선","김포공항","6562","6193","20220415",""
"20220412","5호선","송정","6449","6200","20220415",""
"20220412","5호선","마곡","10660","10791","20220415",""
"20220412","5호선","발산","20386","20839","20220415",""
"20220412","5호선","우장산","14893","14619","20220415",""
"20220412","5호선","화곡","28433","26540","20220415",""
"20220412","5호선","까치산","28656","27611","20220415",""
"20220412","5호선","신정(은행정)","14080","11578","20220415",""
"20220412","5호선","목동","16731","18075","20220415",""
"20220412","5호선","오목교(목동운동장앞)","21063","22611","20220415",""
"20220412","5호선","양평","7608","7587","20220415",""
"20220412","5호선","영등포구청","4106","4107","20220415",""
"20220412","5호선","영등포시장","9981","10276","20220415",""
"20220412","5호선","신길","4095","4539","20220415",""
"20220412","7호선","강남구청","16152","17787","20220415",""
"20220412","5호선","여의도","29868","31154","20220415",""
"20220412","5호선","여의나루","15135","17231","20220415",""
"20220412","5호선","마포","14788","15050","20220415",""
"20220412","5호선","공덕","14259","15149","20220415",""
"20220412","5호선","애오개","6982","7129","20220415",""
"20220412","5호선","충정로(경기대입구)","4892","5110","20220415",""
"20220412","5호선","서대문","20336","20353","20220415",""
"20220412","5호선","광화문(세종문화회관)","29126","30116","20220415",""
"20220412","5호선","종로3가","11337","11257","20220415",""
"20220412","5호선","을지로4가","6293","6274","20220415",""
"20220412","5호선","동대문역사문화공원(DDP)","2851","3236","20220415",""
"20220412","5호선","청구","4138","3728","20220415",""
"20220412","5호선","신금호","6610","6948","20220415",""
"20220412","5호선","행당","8185","7287","20220415",""
"20220412","5호선","왕십리(성동구청)","4465","5219","20220415",""
"20220412","5호선","마장","5808","5491","20220415",""
"20220412","5호선","답십리","15755","14463","20220415",""
"20220412","5호선","장한평","18082","18056","20220415",""
"20220412","5호선","군자(능동)","11099","12055","20220415",""
"20220412","5호선","아차산(어린이대공원후문)","15225","14755","20220415",""
"20220412","5호선","광나루(장신대)","14263","13051","20220415",""
"20220412","5호선","천호(풍납토성)","16986","17167","20220415",""
"20220412","5호선","강동","18728","18031","20220415",""
"20220412","5호선","길동","7948","8208","20220415",""
"20220412","5호선","굽은다리(강동구민회관앞)","9385","8880","20220415",""
"20220412","5호선","명일","8677","9064","20220415",""
"20220412","5호선","고덕","9601","9550","20220415",""
"20220412","5호선","상일동","15009","14144","20220415",""
"20220412","5호선","둔촌동","8485","8414","20220415",""
"20220412","5호선","올림픽공원(한국체대)","4527","3926","20220415",""
"20220412","5호선","방이","7047","7264","20220415",""
"20220412","5호선","오금","3780","3818","20220415",""
"20220412","5호선","개롱","6375","6740","20220415",""
"20220412","5호선","거여","10326","9929","20220415",""
"20220412","5호선","마천","7222","6858","20220415",""
"20220412","5호선","강일","4208","3967","20220415",""
"20220412","5호선","미사","15883","15916","20220415",""
"20220412","5호선","하남풍산","4318","4282","20220415",""
"20220412","5호선","하남시청(덕풍·신장)","6687","6511","20220415",""
"20220412","5호선","하남검단산","5746","5497","20220415",""
"20220412","6호선","응암","17793","17644","20220415",""
"20220412","6호선","역촌","3650","4341","20220415",""
"20220412","6호선","불광","4129","4067","20220415",""
"20220412","6호선","독바위","2729","2924","20220415",""
"20220412","6호선","연신내","2","0","20220415",""
"20220412","6호선","구산","7718","5759","20220415",""
"20220412","6호선","새절(신사)","13633","12707","20220415",""
"20220412","6호선","증산(명지대앞)","10209","10367","20220415",""
"20220412","6호선","디지털미디어시티","14012","15187","20220415",""
"20220412","6호선","월드컵경기장(성산)","4273","4384","20220415",""
"20220412","6호선","마포구청","14091","12836","20220415",""
"20220412","6호선","망원","13148","13841","20220415",""
"20220412","6호선","합정","12410","12221","20220415",""
"20220412","6호선","상수","8220","9257","20220415",""
"20220412","6호선","광흥창(서강)","9183","8888","20220415",""
"20220412","6호선","대흥(서강대앞)","8598","8962","20220415",""
"20220412","6호선","공덕","18412","17935","20220415",""
"20220412","6호선","효창공원앞","7178","6898","20220415",""
"20220412","6호선","삼각지","6289","5543","20220415",""
"20220412","6호선","녹사평(용산구청)","4523","4416","20220415",""
"20220412","6호선","이태원","8803","9168","20220415",""
"20220412","6호선","한강진","6805","8024","20220415",""
"20220412","6호선","버티고개","2189","2163","20220415",""
"20220412","6호선","약수","3556","3603","20220415",""
"20220412","6호선","청구","3718","4024","20220415",""
"20220412","6호선","신당","8372","8869","20220415",""
"20220412","6호선","동묘앞","7515","7788","20220415",""
"20220412","6호선","창신","3734","3182","20220415",""
"20220412","6호선","보문","7236","6572","20220415",""
"20220412","6호선","안암(고대병원앞)","14031","14074","20220415",""
"20220412","6호선","고려대(종암)","8591","8397","20220415",""
"20220412","6호선","월곡(동덕여대)","12607","12148","20220415",""
"20220412","6호선","상월곡(한국과학기술연구원)","6426","6103","20220415",""
"20220412","6호선","돌곶이","9924","9318","20220415",""
"20220412","6호선","석계","12613","13263","20220415",""
"20220412","6호선","태릉입구","5544","6283","20220415",""
"20220412","6호선","화랑대(서울여대입구)","12809","9813","20220415",""
"20220412","6호선","봉화산(서울의료원)","9066","8559","20220415",""
"20220412","7호선","장암","2319","872","20220415",""
"20220412","7호선","도봉산","9711","11182","20220415",""
"20220412","7호선","수락산","12651","12366","20220415",""
"20220412","7호선","마들","12859","12332","20220415",""
"20220412","7호선","노원","18542","19453","20220415",""
"20220412","7호선","중계","15103","13777","20220415",""
"20220412","7호선","하계","18037","17026","20220415",""
"20220412","7호선","공릉(서울과학기술대)","12687","12445","20220415",""
"20220412","7호선","태릉입구","8997","8500","20220415",""
"20220412","7호선","내방","14569","14962","20220415",""
"20220412","7호선","남성","11326","10608","20220415",""
"20220412","7호선","숭실대입구(살피재)","14985","15377","20220415",""
"20220412","7호선","상도","11344","11003","20220415",""
"20220412","7호선","장승배기","8865","8682","20220415",""
"20220412","7호선","신대방삼거리","16838","16140","20220415",""
"20220412","7호선","보라매","10143","10079","20220415",""
"20220412","7호선","신풍","11638","11283","20220415",""
"20220412","7호선","대림(구로구청)","7445","7414","20220415",""
"20220412","7호선","남구로","15713","16690","20220415",""
"20220412","7호선","가산디지털단지","45445","45855","20220415",""
"20220412","7호선","철산","20671","21242","20220415",""
"20220412","7호선","광명사거리","21860","21440","20220415",""
"20220412","7호선","천왕","11652","11044","20220415",""
"20220412","7호선","온수(성공회대입구)","11322","10589","20220415",""
"20220412","8호선","암사","18998","16894","20220415",""
"20220412","8호선","천호(풍납토성)","14273","16372","20220415",""
"20220412","8호선","강동구청","10353","10686","20220415",""
"20220412","8호선","몽촌토성(평화의문)","6202","6380","20220415",""
"20220412","8호선","잠실(송파구청)","14257","16661","20220415",""
"20220412","8호선","석촌","8095","9719","20220415",""
"20220412","8호선","송파","8148","8186","20220415",""
"20220412","8호선","가락시장","7758","8595","20220415",""
"20220412","8호선","문정","22054","23246","20220415",""
"20220412","8호선","장지","17162","16462","20220415",""
"20220412","8호선","복정","10331","8680","20220415",""
"20220412","8호선","산성","5667","5650","20220415",""
"20220412","8호선","남한산성입구(성남법원.검찰청)","15666","14544","20220415",""
"20220412","8호선","단대오거리","11223","10578","20220415",""
"20220412","8호선","신흥","4064","4323","20220415",""
"20220412","8호선","수진","5337","4889","20220415",""
"20220412","8호선","모란","4368","3526","20220415",""
"20220412","8호선","남위례","4899","5032","20220415",""
"20220412","9호선","개화","2560","1859","20220415",""
"20220412","9호선","김포공항","6470","8986","20220415",""
"20220412","9호선","공항시장","3030","3262","20220415",""
"20220412","9호선","신방화","6952","6595","20220415",""
"20220412","9호선","마곡나루(서울식물원)","12134","11961","20220415",""
"20220412","9호선","양천향교","9993","10177","20220415",""
"20220412","9호선","가양","20615","20065","20220415",""
"20220412","9호선","증미","7432","7260","20220415",""
"20220412","9호선","등촌","11355","10920","20220415",""
"20220412","9호선","염창","17361","16693","20220415",""
"20220412","9호선","신목동","4363","3875","20220415",""
"20220412","9호선","선유도","8876","8526","20220415",""
"20220412","9호선","당산","18373","18174","20220415",""
"20220412","9호선","국회의사당","18840","19329","20220415",""
"20220412","9호선","여의도","28747","27818","20220415",""
"20220412","9호선","샛강","6158","6352","20220415",""
"20220412","9호선","노량진","25990","25080","20220415",""
"20220412","9호선","노들","4427","3809","20220415",""
"20220412","9호선","흑석(중앙대입구)","9292","9346","20220415",""
"20220412","9호선","동작(현충원)","2747","2345","20220415",""
"20220412","9호선","구반포","1247","1356","20220415",""
"20220412","9호선","신반포","3446","3379","20220415",""
"20220412","9호선","고속터미널","11639","14186","20220415",""
"20220412","9호선","사평","3512","3446","20220415",""
"20220412","9호선","신논현","30336","29909","20220415",""
"20220412","9호선2~3단계","언주","10373","10568","20220415",""
"20220412","9호선2~3단계","선정릉","9674","10720","20220415",""
"20220412","9호선2~3단계","삼성중앙","6834","7163","20220415",""
"20220412","9호선2~3단계","봉은사","15164","15632","20220415",""
"20220412","9호선2~3단계","종합운동장","4102","4250","20220415",""
"20220412","9호선2~3단계","삼전","6769","6573","20220415",""
"20220412","9호선2~3단계","석촌고분","6105","5972","20220415",""
"20220412","9호선2~3단계","석촌","8923","8140","20220415",""
"20220412","9호선2~3단계","송파나루","5272","5429","20220415",""
"20220412","9호선2~3단계","한성백제","2639","2322","20220415",""
"20220412","9호선2~3단계","올림픽공원(한국체대)","6057","5931","20220415",""
"20220412","9호선2~3단계","둔촌오륜","1241","1064","20220415",""
"20220412","9호선2~3단계","중앙보훈병원","11109","9954","20220415",""
"20220412","경강선","판교","4540","4503","20220415",""
"20220412","경강선","이매","1176","1004","20220415",""
"20220412","경강선","삼동","2451","2200","20220415",""
"20220412","경강선","경기광주","7837","7315","20220415",""
"20220412","경강선","초월","3204","3073","20220415",""
"20220412","경강선","곤지암","2254","2241","20220415",""
"20220412","경강선","신둔도예촌","1626","1482","20220415",""
"20220412","경강선","이천","2571","2641","20220415",""
"20220412","경강선","부발","2067","2015","20220415",""
"20220412","경강선","세종대왕릉","350","359","20220415",""
"20220412","경강선","여주","2542","2491","20220415",""
"20220412","경부선","서울역","5200","1684","20220415",""
"20220412","경부선","남영","9623","10236","20220415",""
"20220412","경부선","용산","29275","29649","20220415",""
"20220412","경부선","노량진","7982","8208","20220415",""
"20220412","경부선","대방","13157","13689","20220415",""
"20220412","경부선","영등포","34789","35705","20220415",""
"20220412","경부선","신도림","4130","4192","20220415",""
"20220412","경부선","신길","9279","7876","20220415",""
"20220412","경부선","구로","18331","18746","20220415",""
"20220412","경부선","가산디지털단지","18873","21821","20220415",""
"20220412","경부선","금천구청","11922","11985","20220415",""
"20220412","경부선","석수","9925","9045","20220415",""
"20220412","경부선","관악","7540","6972","20220415",""
"20220412","경부선","안양","26023","25933","20220415",""
"20220412","경부선","명학","10959","10810","20220415",""
"20220412","경부선","금정","27305","27990","20220415",""
"20220412","경부선","군포","7994","7879","20220415",""
"20220412","경부선","의왕","9413","9420","20220415",""
"20220412","경부선","성균관대","15277","14966","20220415",""
"20220412","경부선","화서","8677","8438","20220415",""
"20220412","경부선","수원","34364","36307","20220415",""
"20220412","경부선","독산","19008","19831","20220415",""
"20220412","경부선","세류","2997","2699","20220415",""
"20220412","경부선","병점","15809","15826","20220415",""
"20220412","경부선","세마","2908","2744","20220415",""
"20220412","경부선","오산대","4307","3991","20220415",""
"20220412","경부선","오산","10284","10289","20220415",""
"20220412","경부선","진위","1795","1575","20220415",""
"20220412","경부선","송탄","4356","4219","20220415",""
"20220412","경부선","서정리","7762","7334","20220415",""
"20220412","경부선","평택지제","3464","3334","20220415",""
"20220412","경부선","평택","12507","12556","20220415",""
"20220412","경부선","성환","4954","4890","20220415",""
"20220412","경부선","직산","892","865","20220415",""
"20220412","경부선","두정","7527","8125","20220415",""
"20220412","경부선","천안","6639","6273","20220415",""
"20220412","경부선","당정","6827","6413","20220415",""
"20220412","경부선","서동탄","1412","1233","20220415",""
"20220412","경부선","광명","3131","2630","20220415",""
"20220412","경원선","이촌(국립중앙박물관)","3640","2747","20220415",""
"20220412","경원선","서빙고","2018","1809","20220415",""
"20220412","경원선","한남","4087","3946","20220415",""
"20220412","경원선","옥수","45","40","20220415",""
"20220412","경원선","응봉","1983","1778","20220415",""
"20220412","경원선","왕십리(성동구청)","14054","15252","20220415",""
"20220412","경원선","청량리(서울시립대입구)","13689","14581","20220415",""
"20220412","경원선","외대앞","8230","8312","20220415",""
"20220412","경원선","신이문","8330","7813","20220415",""
"20220412","경원선","석계","8424","9162","20220415",""
"20220412","경원선","광운대","9009","8928","20220415",""
"20220412","경원선","월계","8640","7984","20220415",""
"20220412","경원선","녹천","4939","4169","20220415",""
"20220412","경원선","방학","10009","9802","20220415",""
"20220412","경원선","도봉","6085","5909","20220415",""
"20220412","경원선","도봉산","7871","5291","20220415",""
"20220412","경원선","망월사","9766","9860","20220415",""
"20220412","경원선","회룡","12942","12923","20220415",""
"20220412","경원선","의정부","17738","18149","20220415",""
"20220412","경원선","가능","7069","6714","20220415",""
"20220412","경원선","녹양","4714","4435","20220415",""
"20220412","경원선","양주","8139","7705","20220415",""
"20220412","경원선","덕계","3454","3156","20220415",""
"20220412","경원선","덕정","6737","6497","20220415",""
"20220412","경원선","지행","6800","6913","20220415",""
"20220412","경원선","동두천중앙","3230","3117","20220415",""
"20220412","경원선","보산","1521","1388","20220415",""
"20220412","경원선","동두천","2735","2957","20220415",""
"20220412","경원선","소요산","2959","2562","20220415",""
"20220412","경의선","서울역","4239","5632","20220415",""
"20220412","경의선","신촌","899","1144","20220415",""
"20220412","경의선","효창공원앞","3105","3418","20220415",""
"20220412","경의선","공덕","3530","3072","20220415",""
"20220412","경의선","서강대","2183","2207","20220415",""
"20220412","경의선","홍대입구","1576","1724","20220415",""
"20220412","경의선","가좌","5571","5279","20220415",""
"20220412","경의선","디지털미디어시티","2597","2470","20220415",""
"20220412","경의선","수색","2944","3159","20220415",""
"20220412","경의선","화전","3725","3509","20220415",""
"20220412","경의선","강매","3417","3001","20220415",""
"20220412","경의선","행신","7919","8039","20220415",""
"20220412","경의선","능곡","3942","3716","20220415",""
"20220412","경의선","곡산","627","672","20220415",""
"20220412","경의선","백마","7104","6895","20220415",""
"20220412","경의선","풍산","5549","5149","20220415",""
"20220412","경의선","일산","9718","9504","20220415",""
"20220412","경의선","탄현","7858","7535","20220415",""
"20220412","경의선","야당","7371","7295","20220415",""
"20220412","경의선","운정","7041","6641","20220415",""
"20220412","경의선","금릉","4726","4616","20220415",""
"20220412","경의선","금촌","6236","6236","20220415",""
"20220412","경의선","월롱","3013","2979","20220415",""
"20220412","경의선","파주","1592","1176","20220415",""
"20220412","경의선","문산","4972","4825","20220415",""
"20220412","경의선","임진강","19","8","20220415",""
"20220412","경의선","계양","1","0","20220415",""
"20220412","경인선","개봉","21614","21463","20220415",""
"20220412","경인선","오류동","12146","11227","20220415",""
"20220412","경인선","역곡","28767","28247","20220415",""
"20220412","경인선","부천","31961","31890","20220415",""
"20220412","경인선","송내","27809","27882","20220415",""
"20220412","경인선","부평","27139","28940","20220415",""
"20220412","경인선","백운","7092","6993","20220415",""
"20220412","경인선","동암","14387","14473","20220415",""
"20220412","경인선","주안","19365","17743","20220415",""
"20220412","경인선","제물포","11202","10680","20220415",""
"20220412","경인선","동인천","13444","12839","20220415",""
"20220412","경인선","인천","3918","3086","20220415",""
"20220412","경인선","구일","7851","7720","20220415",""
"20220412","경인선","소사","9518","9088","20220415",""
"20220412","경인선","부개","8855","8337","20220415",""
"20220412","경인선","간석","5961","5386","20220415",""
"20220412","경인선","도원","3224","3198","20220415",""
"20220412","경인선","온수(성공회대입구)","7311","7046","20220415",""
"20220412","경인선","중동","9514","8951","20220415",""
"20220412","경인선","도화","4307","3989","20220415",""
"20220412","경춘선","신내","2402","2267","20220415",""
"20220412","경춘선","갈매","3153","2718","20220415",""
"20220412","경춘선","별내","3234","3110","20220415",""
"20220412","경춘선","퇴계원","3515","3310","20220415",""
"20220412","경춘선","사릉","2630","2531","20220415",""
"20220412","경춘선","금곡","1640","1518","20220415",""
"20220412","경춘선","평내호평","6567","6555","20220415",""
"20220412","경춘선","천마산","1833","1726","20220415",""
"20220412","경춘선","마석","4192","4204","20220415",""
"20220412","경춘선","대성리","961","870","20220415",""
"20220412","경춘선","청평","1739","1671","20220415",""
"20220412","경춘선","상천","337","331","20220415",""
"20220412","경춘선","가평","1573","1539","20220415",""
"20220412","경춘선","굴봉산","154","140","20220415",""
"20220412","경춘선","백양리","95","75","20220415",""
"20220412","경춘선","강촌","437","414","20220415",""
"20220412","경춘선","김유정","329","358","20220415",""
"20220412","경춘선","남춘천","2918","2883","20220415",""
"20220412","경춘선","춘천","1513","1454","20220415",""
"20220412","공항철도 1호선","서울역","7168","6705","20220415",""
"20220412","공항철도 1호선","공덕","2192","2884","20220415",""
"20220412","공항철도 1호선","홍대입구","8361","8599","20220415",""
"20220412","공항철도 1호선","디지털미디어시티","13996","13175","20220415",""
"20220412","공항철도 1호선","마곡나루(서울식물원)","8996","8811","20220415",""
"20220412","공항철도 1호선","김포공항","11552","6616","20220415",""
"20220412","공항철도 1호선","계양","10641","10155","20220415",""
"20220412","공항철도 1호선","검암","6583","6678","20220415",""
"20220412","공항철도 1호선","청라국제도시","7007","6618","20220415",""
"20220412","공항철도 1호선","운서","6780","6781","20220415",""
"20220412","공항철도 1호선","공항화물청사","2279","2531","20220415",""
"20220412","공항철도 1호선","인천공항1터미널","4313","4284","20220415",""
"20220412","공항철도 1호선","인천공항2터미널","2366","2241","20220415",""
"20220412","공항철도 1호선","영종","3005","3016","20220415",""
"20220412","과천선","선바위","8683","7689","20220415",""
"20220412","과천선","경마공원","2139","2034","20220415",""
"20220412","과천선","대공원","7119","7330","20220415",""
"20220412","과천선","과천","6641","6091","20220415",""
"20220412","과천선","정부과천청사","10647","10633","20220415",""
"20220412","과천선","인덕원","24961","25702","20220415",""
"20220412","과천선","평촌","18274","17917","20220415",""
"20220412","과천선","범계","26257","26200","20220415",""
"20220412","분당선","선릉","13356","20320","20220415",""
"20220412","분당선","한티","13986","15081","20220415",""
"20220412","분당선","도곡","7140","7019","20220415",""
"20220412","분당선","구룡","2358","2316","20220415",""
"20220412","분당선","개포동","3935","4016","20220415",""
"20220412","분당선","대모산입구","4479","4306","20220415",""
"20220412","분당선","수서","13258","13272","20220415",""
"20220412","분당선","수원","8151","6805","20220415",""
"20220412","분당선","서울숲","12220","12845","20220415",""
"20220412","분당선","압구정로데오","18354","20078","20220415",""
"20220412","분당선","강남구청","10069","11555","20220415",""
"20220412","분당선","선정릉","8044","8599","20220415",""
"20220412","분당선","가천대","10227","11254","20220415",""
"20220412","분당선","태평","13356","12780","20220415",""
"20220412","분당선","모란","19845","20131","20220415",""
"20220412","분당선","야탑","25371","26547","20220415",""
"20220412","분당선","서현","22827","23275","20220415",""
"20220412","분당선","수내","13064","13219","20220415",""
"20220412","분당선","정자","16978","18083","20220415",""
"20220412","분당선","미금","15173","16467","20220415",""
"20220412","분당선","오리","11626","9458","20220415",""
"20220412","분당선","이매","5875","5380","20220415",""
"20220412","분당선","보정","2664","2314","20220415",""
"20220412","분당선","죽전","14354","15675","20220415",""
"20220412","분당선","구성","5045","5302","20220415",""
"20220412","분당선","신갈","4485","4445","20220415",""
"20220412","분당선","기흥","10165","9457","20220415",""
"20220412","분당선","상갈","5535","5259","20220415",""
"20220412","분당선","청명","4248","4145","20220415",""
"20220412","분당선","영통","8069","8308","20220415",""
"20220412","분당선","망포","14336","13534","20220415",""
"20220412","분당선","매탄권선","5239","5066","20220415",""
"20220412","분당선","수원시청","12401","13209","20220415",""
"20220412","분당선","매교","3324","3303","20220415",""
"20220412","수인선","고색","5231","4866","20220415",""
"20220412","수인선","오목천","3579","3380","20220415",""
"20220412","수인선","어천","710","734","20220415",""
"20220412","수인선","야목","396","285","20220415",""
"20220412","수인선","사리","4938","4380","20220415",""
"20220412","수인선","달월","118","67","20220415",""
"20220412","수인선","월곶","2742","2532","20220415",""
"20220412","수인선","소래포구","5786","5379","20220415",""
"20220412","수인선","인천논현","5589","5902","20220415",""
"20220412","수인선","호구포","4136","4289","20220415",""
"20220412","수인선","남동인더스파크","2401","2603","20220415",""
"20220412","수인선","원인재","4605","4815","20220415",""
"20220412","수인선","연수","4654","4585","20220415",""
"20220412","수인선","송도","2550","2349","20220415",""
"20220412","수인선","인하대","7196","6839","20220415",""
"20220412","수인선","숭의","4102","3809","20220415",""
"20220412","수인선","신포","1858","1907","20220415",""
"20220412","수인선","인천","1011","1805","20220415",""
"20220412","안산선","산본","15836","16967","20220415",""
"20220412","안산선","대야미","5278","4704","20220415",""
"20220412","안산선","반월","4400","4299","20220415",""
"20220412","안산선","상록수","16682","16939","20220415",""
"20220412","안산선","한대앞","10842","10940","20220415",""
"20220412","안산선","중앙","17768","18624","20220415",""
"20220412","안산선","고잔","9236","8611","20220415",""
"20220412","안산선","초지","5236","5699","20220415",""
"20220412","안산선","안산","11601","10419","20220415",""
"20220412","안산선","신길온천","1819","1635","20220415",""
"20220412","안산선","정왕","10534","10804","20220415",""
"20220412","안산선","오이도","8518","8352","20220415",""
"20220412","안산선","수리산","4422","3679","20220415",""
"20220412","우이신설선","북한산우이","2662","2481","20220415",""
"20220412","우이신설선","솔밭공원","2578","2392","20220415",""
"20220412","우이신설선","4.19민주묘지","3523","3385","20220415",""
"20220412","우이신설선","가오리","4145","4152","20220415",""
"20220412","우이신설선","화계","3373","3154","20220415",""
"20220412","우이신설선","삼양","2023","2140","20220415",""
"20220412","우이신설선","삼양사거리","2391","2432","20220415",""
"20220412","우이신설선","솔샘","5898","5573","20220415",""
"20220412","우이신설선","북한산보국문","5931","5702","20220415",""
"20220412","우이신설선","정릉","4713","4226","20220415",""
"20220412","우이신설선","성신여대입구(돈암)","3177","3539","20220415",""
"20220412","우이신설선","보문","1477","1529","20220415",""
"20220412","우이신설선","신설동","2188","2054","20220415",""
"20220412","일산선","원흥","10869","10451","20220415",""
"20220412","일산선","삼송","19926","19184","20220415",""
"20220412","일산선","원당","11468","10731","20220415",""
"20220412","일산선","화정","16996","17260","20220415",""
"20220412","일산선","대곡","2229","1827","20220415",""
"20220412","일산선","백석","9616","9739","20220415",""
"20220412","일산선","마두","7574","7787","20220415",""
"20220412","일산선","정발산","7098","7035","20220415",""
"20220412","일산선","주엽","8987","8874","20220415",""
"20220412","일산선","대화","12643","9981","20220415",""
"20220412","장항선","봉명","1213","1164","20220415",""
"20220412","장항선","쌍용(나사렛대)","2932","2793","20220415",""
"20220412","장항선","아산","3677","3147","20220415",""
"20220412","장항선","탕정","817","717","20220415",""
"20220412","장항선","배방","1207","1146","20220415",""
"20220412","장항선","온양온천","3613","3707","20220415",""
"20220412","장항선","신창(순천향대)","2712","2708","20220415",""
"20220412","중앙선","회기","25430","24886","20220415",""
"20220412","중앙선","상봉(시외버스터미널)","5737","5846","20220415",""
"20220412","중앙선","망우","7637","7554","20220415",""
"20220412","중앙선","양원","3067","2936","20220415",""
"20220412","중앙선","구리","13307","13657","20220415",""
"20220412","중앙선","도농","10903","9926","20220415",""
"20220412","중앙선","양정","798","701","20220415",""
"20220412","중앙선","덕소","5579","5790","20220415",""
"20220412","중앙선","도심","2501","2002","20220415",""
"20220412","중앙선","팔당","881","910","20220415",""
"20220412","중앙선","운길산","864","821","20220415",""
"20220412","중앙선","양수","1990","1975","20220415",""
"20220412","중앙선","신원","256","224","20220415",""
"20220412","중앙선","국수","843","833","20220415",""
"20220412","중앙선","아신","598","581","20220415",""
"20220412","중앙선","오빈","357","362","20220415",""
"20220412","중앙선","양평","2849","2943","20220415",""
"20220412","중앙선","원덕","515","438","20220415",""
"20220412","중앙선","용문","1918","1801","20220415",""
"20220412","중앙선","지평","76","82","20220415",""
"20220412","4호선","사당","25024","20847","20220415",""
"20220412","7호선","청담","19553","21906","20220415",""
"20220412","7호선","뚝섬유원지","8962","8697","20220415",""
"20220412","7호선","건대입구","12512","13040","20220415",""
"20220412","7호선","이수","15396","14790","20220415",""
"20220412","4호선","상계","19600","18058","20220415",""
"20220412","4호선","당고개","8948","8096","20220415",""
"20220412","3호선","오금","6211","5881","20220415",""
"20220412","3호선","경찰병원","7256","7314","20220415",""
"20220412","3호선","가락시장","8946","8769","20220415",""
"20220412","3호선","수서","16610","16985","20220415",""
"20220412","3호선","일원","10396","10158","20220415",""
"20220412","3호선","대청","10334","9486","20220415",""
"20220412","3호선","학여울","1799","1929","20220415",""
"20220412","3호선","대치","10774","10975","20220415",""
"20220412","3호선","도곡","5408","5683","20220415",""
"20220412","3호선","매봉","12712","12230","20220415",""
"20220412","3호선","양재(서초구청)","37926","41831","20220415",""
"20220412","3호선","남부터미널(예술의전당)","27931","28843","20220415",""
"20220412","3호선","교대(법원.검찰청)","14845","9851","20220415",""
"20220412","3호선","고속터미널","35703","34148","20220415",""
"20220412","3호선","잠원","4808","4941","20220415",""
"20220412","3호선","신사","29346","30392","20220415",""
"20220412","3호선","압구정","30709","32866","20220415",""
"20220412","3호선","옥수","8900","9142","20220415",""
"20220412","3호선","금호","7769","7414","20220415",""
"20220412","3호선","약수","12967","12545","20220415",""
"20220412","3호선","동대입구","9431","10472","20220415",""
"20220412","3호선","을지로3가","10248","10542","20220415",""
"20220412","7호선","어린이대공원(세종대)","14958","15664","20220415",""
"20220412","7호선","군자(능동)","14852","11931","20220415",""
"20220412","7호선","중곡","11170","10186","20220415",""
"20220412","7호선","용마산(용마폭포공원)","6203","6085","20220415",""
"20220412","7호선","사가정","16292","16396","20220415",""
"20220412","7호선","면목","16603","16237","20220415",""
"20220412","7호선","상봉(시외버스터미널)","16525","15291","20220415",""
"20220412","7호선","중화","10861","10548","20220415",""
"20220412","7호선","먹골","10185","9950","20220415",""
"20220412","7호선","고속터미널","14429","12593","20220415",""
"20220412","7호선","반포","5752","5527","20220415",""
"20220412","2호선","을지로3가","22006","21689","20220415",""
"20220412","1호선","종로5가","22771","22235","20220415",""
"20220412","1호선","종로3가","23683","21619","20220415",""
"20220412","1호선","종각","33391","32587","20220415",""
"20220412","1호선","시청","22164","22247","20220415",""
"20220412","1호선","서울역","40094","38562","20220415",""
"20220413","수인선","인천논현","5546","5936","20220416",""
"20220413","중앙선","지평","41","58","20220416",""
"20220413","중앙선","용문","1474","1459","20220416",""
"20220413","중앙선","원덕","344","360","20220416",""
"20220413","중앙선","양평","3067","3149","20220416",""
"20220413","중앙선","오빈","264","269","20220416",""
"20220413","중앙선","아신","452","471","20220416",""
"20220413","중앙선","국수","699","670","20220416",""
"20220413","중앙선","신원","152","139","20220416",""
"20220413","중앙선","양수","1576","1628","20220416",""
"20220413","중앙선","운길산","644","610","20220416",""
"20220413","중앙선","팔당","723","748","20220416",""
"20220413","중앙선","도심","2380","1891","20220416",""
"20220413","중앙선","덕소","5307","5291","20220416",""
"20220413","중앙선","양정","688","572","20220416",""
"20220413","중앙선","도농","10317","9335","20220416",""
"20220413","중앙선","구리","12804","13122","20220416",""
"20220413","중앙선","양원","2976","2880","20220416",""
"20220413","중앙선","망우","7421","7360","20220416",""
"20220413","중앙선","상봉(시외버스터미널)","5278","5356","20220416",""
"20220413","중앙선","중랑","5416","5040","20220416",""
"20220413","중앙선","회기","24363","23841","20220416",""
"20220413","장항선","신창(순천향대)","2537","2420","20220416",""
"20220413","장항선","온양온천","3219","3311","20220416",""
"20220413","장항선","배방","1016","963","20220416",""
"20220413","장항선","탕정","702","618","20220416",""
"20220413","장항선","아산","3543","3126","20220416",""
"20220413","장항선","쌍용(나사렛대)","2863","2635","20220416",""
"20220413","장항선","봉명","1250","1214","20220416",""
"20220413","일산선","대화","12554","10151","20220416",""
"20220413","일산선","주엽","8778","8813","20220416",""
"20220413","일산선","정발산","6569","6678","20220416",""
"20220413","일산선","마두","7267","7529","20220416",""
"20220413","일산선","백석","9375","9231","20220416",""
"20220413","일산선","대곡","2091","1706","20220416",""
"20220413","일산선","화정","16312","16786","20220416",""
"20220413","일산선","원당","11239","10643","20220416",""
"20220413","일산선","삼송","19260","18802","20220416",""
"20220413","일산선","원흥","10812","10250","20220416",""
"20220413","우이신설선","신설동","2150","2059","20220416",""
"20220413","우이신설선","보문","1499","1504","20220416",""
"20220413","우이신설선","성신여대입구(돈암)","3231","3494","20220416",""
"20220413","우이신설선","정릉","4655","4226","20220416",""
"20220413","우이신설선","북한산보국문","5952","5678","20220416",""
"20220413","우이신설선","솔샘","5759","5499","20220416",""
"20220413","우이신설선","삼양사거리","2346","2343","20220416",""
"20220413","우이신설선","삼양","1938","2079","20220416",""
"20220413","우이신설선","화계","3344","3148","20220416",""
"20220413","우이신설선","가오리","4161","4168","20220416",""
"20220413","우이신설선","4.19민주묘지","3675","3607","20220416",""
"20220413","우이신설선","솔밭공원","2433","2307","20220416",""
"20220413","우이신설선","북한산우이","2419","2131","20220416",""
"20220413","안산선","수리산","4137","3384","20220416",""
"20220413","안산선","오이도","8045","7991","20220416",""
"20220413","안산선","정왕","8702","9102","20220416",""
"20220413","안산선","신길온천","1646","1538","20220416",""
"20220413","안산선","안산","11188","10034","20220416",""
"20220413","안산선","초지","5068","5569","20220416",""
"20220413","안산선","고잔","8654","8311","20220416",""
"20220413","안산선","중앙","17273","18064","20220416",""
"20220413","안산선","한대앞","9983","10026","20220416",""
"20220413","안산선","상록수","16149","16392","20220416",""
"20220413","안산선","반월","4232","4051","20220416",""
"20220413","안산선","대야미","4902","4401","20220416",""
"20220413","안산선","산본","15443","16496","20220416",""
"20220413","수인선","인천","931","1604","20220416",""
"20220413","수인선","신포","1800","1804","20220416",""
"20220413","수인선","숭의","3995","3683","20220416",""
"20220413","수인선","인하대","6992","6624","20220416",""
"20220413","수인선","송도","2406","2221","20220416",""
"20220413","수인선","연수","4531","4419","20220416",""
"20220413","수인선","원인재","4377","4662","20220416",""
"20220413","수인선","남동인더스파크","2270","2578","20220416",""
"20220413","수인선","호구포","4078","4220","20220416",""
"20220413","수인선","소래포구","4959","4647","20220416",""
"20220413","수인선","월곶","2819","2576","20220416",""
"20220413","수인선","달월","102","58","20220416",""
"20220413","수인선","사리","4724","4155","20220416",""
"20220413","수인선","야목","379","293","20220416",""
"20220413","수인선","어천","637","681","20220416",""
"20220413","수인선","오목천","3397","3178","20220416",""
"20220413","수인선","고색","5000","4668","20220416",""
"20220413","분당선","매교","3041","3055","20220416",""
"20220413","분당선","수원시청","11884","12638","20220416",""
"20220413","분당선","매탄권선","4978","4933","20220416",""
"20220413","분당선","망포","13812","13204","20220416",""
"20220413","분당선","영통","7834","7967","20220416",""
"20220413","분당선","청명","4152","4024","20220416",""
"20220413","분당선","상갈","5175","5079","20220416",""
"20220413","분당선","기흥","9764","9168","20220416",""
"20220413","분당선","신갈","4280","4252","20220416",""
"20220413","분당선","구성","4928","5102","20220416",""
"20220413","분당선","죽전","13602","14930","20220416",""
"20220413","분당선","보정","2537","2149","20220416",""
"20220413","분당선","이매","5600","5157","20220416",""
"20220413","분당선","오리","11394","9243","20220416",""
"20220413","분당선","미금","14948","15899","20220416",""
"20220413","분당선","정자","16779","17642","20220416",""
"20220413","분당선","수내","12922","12919","20220416",""
"20220413","분당선","서현","22494","22898","20220416",""
"20220413","분당선","야탑","25121","26369","20220416",""
"20220413","분당선","모란","19180","19472","20220416",""
"20220413","분당선","태평","12978","12561","20220416",""
"20220413","분당선","가천대","10591","11505","20220416",""
"20220413","분당선","선정릉","8097","8601","20220416",""
"20220413","분당선","강남구청","9860","11491","20220416",""
"20220413","분당선","압구정로데오","17680","19565","20220416",""
"20220413","분당선","서울숲","10570","10663","20220416",""
"20220413","분당선","수원","7686","6405","20220416",""
"20220413","분당선","복정","2","0","20220416",""
"20220413","분당선","수서","13047","13209","20220416",""
"20220413","분당선","대모산입구","4473","4078","20220416",""
"20220413","분당선","개포동","4031","4124","20220416",""
"20220413","분당선","구룡","2371","2281","20220416",""
"20220413","분당선","도곡","6721","6574","20220416",""
"20220413","분당선","한티","13732","14712","20220416",""
"20220413","분당선","선릉","13252","20146","20220416",""
"20220413","과천선","범계","25282","25278","20220416",""
"20220413","과천선","평촌","17295","17165","20220416",""
"20220413","과천선","인덕원","23952","24683","20220416",""
"20220413","과천선","정부과천청사","10585","10451","20220416",""
"20220413","과천선","과천","6464","5970","20220416",""
"20220413","과천선","대공원","2804","3018","20220416",""
"20220413","과천선","경마공원","1599","1592","20220416",""
"20220413","과천선","선바위","8365","7435","20220416",""
"20220413","공항철도 1호선","영종","2942","2923","20220416",""
"20220413","공항철도 1호선","인천공항2터미널","2402","2240","20220416",""
"20220413","공항철도 1호선","인천공항1터미널","4577","4388","20220416",""
"20220413","공항철도 1호선","공항화물청사","2303","2401","20220416",""
"20220413","공항철도 1호선","운서","6618","6564","20220416",""
"20220413","공항철도 1호선","청라국제도시","6836","6482","20220416",""
"20220413","공항철도 1호선","검암","6485","6429","20220416",""
"20220413","공항철도 1호선","계양","10465","9944","20220416",""
"20220413","공항철도 1호선","김포공항","10452","6407","20220416",""
"20220413","공항철도 1호선","마곡나루(서울식물원)","8998","8785","20220416",""
"20220413","공항철도 1호선","디지털미디어시티","14096","12919","20220416",""
"20220413","공항철도 1호선","홍대입구","8482","8582","20220416",""
"20220413","공항철도 1호선","공덕","2153","2908","20220416",""
"20220413","공항철도 1호선","서울역","7082","6498","20220416",""
"20220413","경춘선","춘천","1226","1171","20220416",""
"20220413","경춘선","남춘천","2237","2136","20220416",""
"20220413","경춘선","김유정","235","218","20220416",""
"20220413","경춘선","강촌","329","345","20220416",""
"20220413","경춘선","백양리","65","63","20220416",""
"20220413","경춘선","굴봉산","77","84","20220416",""
"20220413","경춘선","가평","1355","1360","20220416",""
"20220413","경춘선","상천","212","201","20220416",""
"20220413","경춘선","청평","1395","1372","20220416",""
"20220413","경춘선","대성리","486","429","20220416",""
"20220413","경춘선","마석","4034","3988","20220416",""
"20220413","경춘선","천마산","1668","1467","20220416",""
"20220413","경춘선","평내호평","6132","5999","20220416",""
"20220413","경춘선","금곡","1419","1406","20220416",""
"20220413","경춘선","사릉","2572","2492","20220416",""
"20220413","경춘선","퇴계원","3418","3188","20220416",""
"20220413","경춘선","별내","3045","2859","20220416",""
"20220413","경춘선","갈매","2965","2564","20220416",""
"20220413","경춘선","신내","2256","2177","20220416",""
"20220413","경인선","도화","4247","3920","20220416",""
"20220413","경인선","중동","9295","8728","20220416",""
"20220413","경인선","온수(성공회대입구)","7103","6902","20220416",""
"20220413","경인선","도원","3193","3111","20220416",""
"20220413","경인선","간석","5893","5287","20220416",""
"20220413","경인선","부개","8676","8148","20220416",""
"20220413","경인선","소사","9060","8873","20220416",""
"20220413","경인선","구일","7283","7224","20220416",""
"20220413","경인선","인천","3234","2362","20220416",""
"20220413","경인선","동인천","14018","13349","20220416",""
"20220413","경인선","제물포","10921","10488","20220416",""
"20220413","경인선","주안","19179","17544","20220416",""
"20220413","경인선","동암","14050","14250","20220416",""
"20220413","경인선","백운","6820","6722","20220416",""
"20220413","경인선","부평","27489","29479","20220416",""
"20220413","경인선","송내","27233","27200","20220416",""
"20220413","경인선","부천","31840","32066","20220416",""
"20220413","경인선","역곡","27960","27601","20220416",""
"20220413","경인선","오류동","11848","10982","20220416",""
"20220413","경인선","개봉","21045","20773","20220416",""
"20220413","경의선","검암","1","0","20220416",""
"20220413","경의선","임진강","10","5","20220416",""
"20220413","경의선","문산","4755","4674","20220416",""
"20220413","경의선","파주","1552","1168","20220416",""
"20220413","경의선","월롱","3220","2965","20220416",""
"20220413","경의선","금촌","6019","5989","20220416",""
"20220413","경의선","금릉","4798","4700","20220416",""
"20220413","경의선","운정","7059","6607","20220416",""
"20220413","경의선","야당","7493","7569","20220416",""
"20220413","경의선","탄현","7818","7444","20220416",""
"20220413","경의선","일산","10487","10366","20220416",""
"20220413","경의선","풍산","5448","4978","20220416",""
"20220413","경의선","백마","7003","6847","20220416",""
"20220413","경의선","곡산","669","693","20220416",""
"20220413","경의선","능곡","3908","3576","20220416",""
"20220413","경의선","행신","7943","8088","20220416",""
"20220413","경의선","강매","3341","2801","20220416",""
"20220413","경의선","화전","3698","3449","20220416",""
"20220413","경의선","수색","2796","2947","20220416",""
"20220413","경의선","디지털미디어시티","2493","2241","20220416",""
"20220413","경의선","가좌","5391","5145","20220416",""
"20220413","경의선","홍대입구","1497","1706","20220416",""
"20220413","경의선","서강대","2123","2060","20220416",""
"20220413","경의선","공덕","3402","3039","20220416",""
"20220413","경의선","효창공원앞","2952","3349","20220416",""
"20220413","경의선","신촌","834","1094","20220416",""
"20220413","경의선","서울역","4239","5460","20220416",""
"20220413","경원선","소요산","2132","1842","20220416",""
"20220413","경원선","동두천","2621","2837","20220416",""
"20220413","경원선","보산","1474","1348","20220416",""
"20220413","경원선","동두천중앙","3016","2927","20220416",""
"20220413","경원선","지행","6629","6640","20220416",""
"20220413","경원선","덕정","6349","5993","20220416",""
"20220413","경원선","덕계","3378","3092","20220416",""
"20220413","경원선","양주","7923","7454","20220416",""
"20220413","경원선","녹양","4665","4303","20220416",""
"20220413","경원선","가능","6914","6615","20220416",""
"20220413","경원선","의정부","17653","18323","20220416",""
"20220413","경원선","회룡","12373","12362","20220416",""
"20220413","경원선","망월사","9559","9701","20220416",""
"20220413","경원선","도봉산","6779","4470","20220416",""
"20220413","경원선","도봉","5872","5621","20220416",""
"20220413","경원선","방학","9672","9567","20220416",""
"20220413","경원선","녹천","4735","3942","20220416",""
"20220413","경원선","월계","8339","7756","20220416",""
"20220413","경원선","광운대","8982","8899","20220416",""
"20220413","경원선","석계","8109","8895","20220416",""
"20220413","경원선","신이문","8190","7613","20220416",""
"20220413","경원선","외대앞","8071","8115","20220416",""
"20220413","경원선","청량리(서울시립대입구)","12825","13356","20220416",""
"20220413","경원선","왕십리(성동구청)","14082","15299","20220416",""
"20220413","경원선","응봉","1847","1616","20220416",""
"20220413","경원선","옥수","45","29","20220416",""
"20220413","경원선","한남","3887","3715","20220416",""
"20220413","경원선","서빙고","1869","1715","20220416",""
"20220413","경원선","이촌(국립중앙박물관)","3544","2683","20220416",""
"20220413","경부선","광명","3168","2807","20220416",""
"20220413","경부선","서동탄","1317","1171","20220416",""
"20220413","경부선","당정","6407","6086","20220416",""
"20220413","경부선","천안","6111","5709","20220416",""
"20220413","경부선","두정","7080","7654","20220416",""
"20220413","경부선","직산","771","751","20220416",""
"20220413","경부선","성환","5105","4885","20220416",""
"20220413","경부선","평택","11487","11654","20220416",""
"20220413","경부선","평택지제","3204","3061","20220416",""
"20220413","경부선","서정리","7132","6530","20220416",""
"20220413","경부선","송탄","4010","3933","20220416",""
"20220413","경부선","진위","1653","1438","20220416",""
"20220413","경부선","오산","9719","9680","20220416",""
"20220413","경부선","오산대","3981","3632","20220416",""
"20220413","경부선","세마","2746","2666","20220416",""
"20220413","경부선","병점","14758","14979","20220416",""
"20220413","경부선","세류","2832","2518","20220416",""
"20220413","경부선","독산","18762","19300","20220416",""
"20220413","경부선","수원","32550","34624","20220416",""
"20220413","경부선","화서","7876","7562","20220416",""
"20220413","경부선","성균관대","14832","14488","20220416",""
"20220413","경부선","의왕","9062","8980","20220416",""
"20220413","경부선","군포","7845","7779","20220416",""
"20220413","경부선","금정","26315","26904","20220416",""
"20220413","경부선","명학","10712","10522","20220416",""
"20220413","경부선","안양","25806","25452","20220416",""
"20220413","경부선","관악","7067","6656","20220416",""
"20220413","경부선","석수","9564","8618","20220416",""
"20220413","경부선","금천구청","11562","11328","20220416",""
"20220413","경부선","가산디지털단지","18443","21376","20220416",""
"20220413","경부선","구로","18215","18732","20220416",""
"20220413","경부선","신길","9012","7639","20220416",""
"20220413","경부선","신도림","3876","3950","20220416",""
"20220413","경부선","영등포","34520","35505","20220416",""
"20220413","경부선","대방","12921","13393","20220416",""
"20220413","경부선","노량진","7645","8084","20220416",""
"20220413","경부선","용산","30292","30513","20220416",""
"20220413","경부선","남영","9524","10204","20220416",""
"20220413","경부선","서울역","5063","1743","20220416",""
"20220413","경강선","여주","2225","2224","20220416",""
"20220413","경강선","세종대왕릉","262","261","20220416",""
"20220413","경강선","부발","1903","1911","20220416",""
"20220413","경강선","이천","2303","2400","20220416",""
"20220413","경강선","신둔도예촌","1537","1366","20220416",""
"20220413","경강선","곤지암","2112","2079","20220416",""
"20220413","경강선","초월","2998","2858","20220416",""
"20220413","경강선","경기광주","7288","6969","20220416",""
"20220413","경강선","삼동","2351","2078","20220416",""
"20220413","경강선","이매","1055","914","20220416",""
"20220413","경강선","판교","4561","4443","20220416",""
"20220413","9호선2~3단계","중앙보훈병원","10744","9650","20220416",""
"20220413","9호선2~3단계","둔촌오륜","1263","1104","20220416",""
"20220413","9호선2~3단계","올림픽공원(한국체대)","5620","5564","20220416",""
"20220413","9호선2~3단계","한성백제","2573","2268","20220416",""
"20220413","9호선2~3단계","송파나루","5118","5291","20220416",""
"20220413","9호선2~3단계","석촌","8090","7187","20220416",""
"20220413","9호선2~3단계","석촌고분","6072","5963","20220416",""
"20220413","9호선2~3단계","삼전","6867","6569","20220416",""
"20220413","9호선2~3단계","종합운동장","4100","4279","20220416",""
"20220413","9호선2~3단계","봉은사","16514","16901","20220416",""
"20220413","9호선2~3단계","삼성중앙","6707","7204","20220416",""
"20220413","9호선2~3단계","선정릉","9519","10550","20220416",""
"20220413","9호선2~3단계","언주","10103","10489","20220416",""
"20220413","9호선","신논현","29522","29391","20220416",""
"20220413","9호선","사평","3469","3408","20220416",""
"20220413","9호선","고속터미널","11188","13428","20220416",""
"20220413","9호선","신반포","3373","3160","20220416",""
"20220413","9호선","구반포","1192","1301","20220416",""
"20220413","9호선","동작(현충원)","1947","1567","20220416",""
"20220413","9호선","흑석(중앙대입구)","8986","9106","20220416",""
"20220413","9호선","노들","4403","3696","20220416",""
"20220413","9호선","노량진","26170","25063","20220416",""
"20220413","9호선","샛강","6111","6138","20220416",""
"20220413","9호선","여의도","27668","26920","20220416",""
"20220413","9호선","국회의사당","16657","16825","20220416",""
"20220413","9호선","당산","18097","17976","20220416",""
"20220413","9호선","선유도","8747","8259","20220416",""
"20220413","9호선","신목동","4095","3608","20220416",""
"20220413","9호선","염창","17010","16463","20220416",""
"20220413","9호선","등촌","10987","10512","20220416",""
"20220413","9호선","증미","7176","7017","20220416",""
"20220413","9호선","가양","20207","19829","20220416",""
"20220413","9호선","양천향교","9917","10169","20220416",""
"20220413","9호선","마곡나루(서울식물원)","12116","11835","20220416",""
"20220413","9호선","신방화","6899","6700","20220416",""
"20220413","9호선","공항시장","2978","3150","20220416",""
"20220413","9호선","김포공항","6378","10190","20220416",""
"20220413","9호선","개화","2463","1671","20220416",""
"20220413","8호선","남위례","4711","4852","20220416",""
"20220413","8호선","모란","4128","3226","20220416",""
"20220413","8호선","수진","5110","4777","20220416",""
"20220413","8호선","신흥","4015","4236","20220416",""
"20220413","8호선","단대오거리","10950","10582","20220416",""
"20220413","8호선","남한산성입구(성남법원.검찰청)","15201","14140","20220416",""
"20220413","8호선","산성","5333","5358","20220416",""
"20220413","8호선","복정","9971","8298","20220416",""
"20220413","8호선","장지","17152","16342","20220416",""
"20220413","8호선","문정","22258","23576","20220416",""
"20220413","8호선","가락시장","7511","8308","20220416",""
"20220413","8호선","송파","8295","8129","20220416",""
"20220413","8호선","석촌","7671","8678","20220416",""
"20220413","8호선","잠실(송파구청)","13247","15532","20220416",""
"20220413","8호선","몽촌토성(평화의문)","5888","5921","20220416",""
"20220413","8호선","강동구청","10340","10618","20220416",""
"20220413","8호선","천호(풍납토성)","14021","16061","20220416",""
"20220413","8호선","암사","18623","16445","20220416",""
"20220413","7호선","온수(성공회대입구)","10981","10401","20220416",""
"20220413","7호선","천왕","11441","10840","20220416",""
"20220413","7호선","광명사거리","21518","21039","20220416",""
"20220413","7호선","철산","20481","20824","20220416",""
"20220413","7호선","가산디지털단지","44950","45477","20220416",""
"20220413","7호선","남구로","15402","16457","20220416",""
"20220413","7호선","대림(구로구청)","7316","7274","20220416",""
"20220413","7호선","신풍","11522","10982","20220416",""
"20220413","7호선","보라매","9655","9750","20220416",""
"20220413","7호선","신대방삼거리","16733","15828","20220416",""
"20220413","7호선","장승배기","8715","8628","20220416",""
"20220413","7호선","상도","11233","11041","20220416",""
"20220413","7호선","숭실대입구(살피재)","14450","14497","20220416",""
"20220413","7호선","남성","10905","10075","20220416",""
"20220413","7호선","이수","15112","14702","20220416",""
"20220413","7호선","내방","14437","14871","20220416",""
"20220413","7호선","고속터미널","14081","12170","20220416",""
"20220413","7호선","반포","5720","5576","20220416",""
"20220413","7호선","논현","19742","21554","20220416",""
"20220413","7호선","학동","24608","25962","20220416",""
"20220413","7호선","강남구청","15938","17641","20220416",""
"20220413","7호선","청담","19371","21529","20220416",""
"20220413","7호선","뚝섬유원지","7056","6940","20220416",""
"20220413","7호선","건대입구","12335","12620","20220416",""
"20220413","7호선","어린이대공원(세종대)","14499","14882","20220416",""
"20220413","7호선","군자(능동)","14645","11829","20220416",""
"20220413","7호선","중곡","10908","10123","20220416",""
"20220413","7호선","용마산(용마폭포공원)","6125","5852","20220416",""
"20220413","7호선","사가정","15833","15837","20220416",""
"20220413","7호선","면목","16228","15788","20220416",""
"20220413","7호선","상봉(시외버스터미널)","16198","15154","20220416",""
"20220413","7호선","중화","10703","10560","20220416",""
"20220413","7호선","먹골","9949","9689","20220416",""
"20220413","7호선","태릉입구","8570","8191","20220416",""
"20220413","7호선","공릉(서울과학기술대)","12379","12207","20220416",""
"20220413","7호선","하계","18309","17361","20220416",""
"20220413","7호선","중계","14711","13333","20220416",""
"20220413","7호선","노원","18359","19109","20220416",""
"20220413","7호선","마들","12711","12005","20220416",""
"20220413","7호선","수락산","12215","11911","20220416",""
"20220413","7호선","도봉산","9177","10404","20220416",""
"20220413","7호선","장암","2224","855","20220416",""
"20220413","6호선","봉화산(서울의료원)","8837","8233","20220416",""
"20220413","6호선","화랑대(서울여대입구)","12195","9576","20220416",""
"20220413","6호선","태릉입구","5500","6010","20220416",""
"20220413","6호선","석계","12200","12918","20220416",""
"20220413","6호선","돌곶이","10059","9353","20220416",""
"20220413","6호선","상월곡(한국과학기술연구원)","6501","5992","20220416",""
"20220413","6호선","월곡(동덕여대)","12357","12044","20220416",""
"20220413","6호선","고려대(종암)","8248","8048","20220416",""
"20220413","6호선","안암(고대병원앞)","13709","13766","20220416",""
"20220413","6호선","보문","7225","6596","20220416",""
"20220413","6호선","창신","3806","3231","20220416",""
"20220413","6호선","동묘앞","7326","7521","20220416",""
"20220413","6호선","신당","9196","9359","20220416",""
"20220413","6호선","청구","3761","4049","20220416",""
"20220413","6호선","약수","3579","3544","20220416",""
"20220413","6호선","버티고개","2107","2026","20220416",""
"20220413","6호선","한강진","7063","8220","20220416",""
"20220413","6호선","이태원","8945","9348","20220416",""
"20220413","6호선","녹사평(용산구청)","4231","4333","20220416",""
"20220413","6호선","삼각지","6512","5802","20220416",""
"20220413","6호선","효창공원앞","7178","6747","20220416",""
"20220413","6호선","공덕","18039","17522","20220416",""
"20220413","6호선","대흥(서강대앞)","8303","8497","20220416",""
"20220413","6호선","광흥창(서강)","9062","8753","20220416",""
"20220413","6호선","상수","7966","8976","20220416",""
"20220413","6호선","합정","12490","12350","20220416",""
"20220413","6호선","망원","12947","13678","20220416",""
"20220413","6호선","마포구청","13967","12735","20220416",""
"20220413","6호선","월드컵경기장(성산)","3793","3979","20220416",""
"20220413","6호선","디지털미디어시티","13599","15161","20220416",""
"20220413","6호선","증산(명지대앞)","9984","10044","20220416",""
"20220413","6호선","새절(신사)","13066","12306","20220416",""
"20220413","6호선","구산","7571","5730","20220416",""
"20220413","6호선","연신내","1","0","20220416",""
"20220413","6호선","독바위","2644","2755","20220416",""
"20220413","6호선","불광","4107","4127","20220416",""
"20220413","6호선","역촌","3681","4285","20220416",""
"20220413","6호선","응암","17332","17126","20220416",""
"20220413","5호선","하남검단산","5201","4996","20220416",""
"20220413","5호선","하남시청(덕풍·신장)","6386","6199","20220416",""
"20220413","5호선","하남풍산","4164","4110","20220416",""
"20220413","5호선","미사","15698","15607","20220416",""
"20220413","5호선","강일","4025","3784","20220416",""
"20220413","5호선","마천","7111","6822","20220416",""
"20220413","5호선","거여","10285","9728","20220416",""
"20220413","5호선","개롱","6423","6637","20220416",""
"20220413","5호선","오금","3806","3839","20220416",""
"20220413","5호선","방이","6934","7274","20220416",""
"20220413","5호선","올림픽공원(한국체대)","4267","3669","20220416",""
"20220413","5호선","둔촌동","8243","8283","20220416",""
"20220413","5호선","상일동","14476","13698","20220416",""
"20220413","5호선","고덕","9489","9197","20220416",""
"20220413","5호선","명일","8662","8986","20220416",""
"20220413","5호선","굽은다리(강동구민회관앞)","9285","8868","20220416",""
"20220413","5호선","길동","7631","7998","20220416",""
"20220413","5호선","강동","18506","17822","20220416",""
"20220413","5호선","천호(풍납토성)","16942","16759","20220416",""
"20220413","5호선","광나루(장신대)","13095","11777","20220416",""
"20220413","5호선","아차산(어린이대공원후문)","14151","13841","20220416",""
"20220413","5호선","군자(능동)","10854","12089","20220416",""
"20220413","5호선","장한평","18451","18411","20220416",""
"20220413","5호선","답십리","15912","14515","20220416",""
"20220413","5호선","마장","5620","5332","20220416",""
"20220413","5호선","왕십리(성동구청)","4476","5218","20220416",""
"20220413","5호선","행당","7914","7115","20220416",""
"20220413","5호선","신금호","6440","6699","20220416",""
"20220413","5호선","청구","4062","3610","20220416",""
"20220413","5호선","동대문역사문화공원(DDP)","2877","3250","20220416",""
"20220413","5호선","을지로4가","6053","5993","20220416",""
"20220413","5호선","종로3가","11595","11328","20220416",""
"20220413","5호선","광화문(세종문화회관)","29041","30583","20220416",""
"20220413","5호선","서대문","20075","20044","20220416",""
"20220413","5호선","충정로(경기대입구)","4948","5023","20220416",""
"20220413","5호선","애오개","6864","6959","20220416",""
"20220413","5호선","공덕","14024","14921","20220416",""
"20220413","5호선","마포","14764","15150","20220416",""
"20220413","5호선","여의나루","9387","10943","20220416",""
"20220413","5호선","여의도","29047","30112","20220416",""
"20220413","5호선","신길","4174","4481","20220416",""
"20220413","5호선","영등포시장","9823","10118","20220416",""
"20220413","5호선","영등포구청","4030","4101","20220416",""
"20220413","5호선","양평","7491","7449","20220416",""
"20220413","5호선","오목교(목동운동장앞)","20847","22433","20220416",""
"20220413","5호선","목동","16717","17963","20220416",""
"20220413","5호선","신정(은행정)","13969","11506","20220416",""
"20220413","5호선","까치산","28404","26898","20220416",""
"20220413","5호선","화곡","28035","26222","20220416",""
"20220413","5호선","우장산","14535","14417","20220416",""
"20220413","5호선","발산","20461","20877","20220416",""
"20220413","5호선","마곡","10714","10627","20220416",""
"20220413","5호선","송정","6390","6038","20220416",""
"20220413","5호선","김포공항","6522","6303","20220416",""
"20220413","5호선","개화산","5521","5324","20220416",""
"20220413","4호선","남태령","1200","1074","20220416",""
"20220413","4호선","사당","24560","20349","20220416",""
"20220413","4호선","총신대입구(이수)","18236","19813","20220416",""
"20220413","4호선","동작(현충원)","1238","1487","20220416",""
"20220413","4호선","이촌(국립중앙박물관)","7019","7757","20220416",""
"20220413","4호선","신용산","15761","16519","20220416",""
"20220413","4호선","삼각지","4738","5380","20220416",""
"20220413","4호선","숙대입구(갈월)","14231","13708","20220416",""
"20220413","4호선","서울역","11017","15219","20220416",""
"20220413","4호선","회현(남대문시장)","23329","24649","20220416",""
"20220413","4호선","명동","19371","19914","20220416",""
"20220413","4호선","충무로","28210","28473","20220416",""
"20220413","4호선","동대문역사문화공원(DDP)","13778","12638","20220416",""
"20220413","4호선","동대문","18652","19172","20220416",""
"20220413","4호선","혜화","31977","32146","20220416",""
"20220413","4호선","한성대입구(삼선교)","14317","13840","20220416",""
"20220413","4호선","성신여대입구(돈암)","20370","19587","20220416",""
"20220413","4호선","길음","20981","20803","20220416",""
"20220413","4호선","미아사거리","26464","25726","20220416",""
"20220413","4호선","미아(서울사이버대학)","15185","14869","20220416",""
"20220413","4호선","수유(강북구청)","32880","33212","20220416",""
"20220413","4호선","쌍문","28721","26438","20220416",""
"20220413","4호선","창동","24475","25453","20220416",""
"20220413","4호선","노원","18262","20405","20220416",""
"20220413","4호선","상계","19189","17772","20220416",""
"20220413","4호선","당고개","8554","7779","20220416",""
"20220413","3호선","오금","6195","5657","20220416",""
"20220413","3호선","경찰병원","7360","7340","20220416",""
"20220413","3호선","가락시장","8648","8412","20220416",""
"20220413","3호선","수서","16331","16702","20220416",""
"20220413","3호선","일원","10330","10118","20220416",""
"20220413","3호선","대청","10316","9458","20220416",""
"20220413","3호선","학여울","1769","1861","20220416",""
"20220413","3호선","대치","10208","10490","20220416",""
"20220413","3호선","도곡","5218","5394","20220416",""
"20220413","3호선","매봉","12439","11838","20220416",""
"20220413","3호선","양재(서초구청)","37787","41245","20220416",""
"20220413","3호선","남부터미널(예술의전당)","27637","28040","20220416",""
"20220413","3호선","교대(법원.검찰청)","14696","9684","20220416",""
"20220413","3호선","고속터미널","34773","33891","20220416",""
"20220413","3호선","잠원","4693","4578","20220416",""
"20220413","3호선","신사","28330","29661","20220416",""
"20220413","3호선","압구정","29455","31697","20220416",""
"20220413","3호선","옥수","8280","8675","20220416",""
"20220413","3호선","금호","7756","7271","20220416",""
"20220413","3호선","약수","12710","12467","20220416",""
"20220413","3호선","동대입구","8511","9440","20220416",""
"20220413","3호선","을지로3가","10453","10579","20220416",""
"20220413","3호선","종로3가","9931","11122","20220416",""
"20220413","3호선","안국","20818","21200","20220416",""
"20220413","3호선","경복궁(정부서울청사)","21570","21148","20220416",""
"20220413","3호선","독립문","6830","7198","20220416",""
"20220413","3호선","무악재","3881","4016","20220416",""
"20220413","3호선","홍제","17503","16827","20220416",""
"20220413","3호선","녹번","15628","13985","20220416",""
"20220413","3호선","불광","15602","16607","20220416",""
"20220413","3호선","연신내","35693","33620","20220416",""
"20220413","3호선","구파발","19975","19101","20220416",""
"20220413","3호선","지축","4942","4594","20220416",""
"20220413","2호선","용두(동대문구청)","2245","2279","20220416",""
"20220413","2호선","신정네거리","9920","10355","20220416",""
"20220413","2호선","양천구청","6641","6940","20220416",""
"20220413","2호선","도림천","1399","1521","20220416",""
"20220413","2호선","신설동","3147","1745","20220416",""
"20220413","2호선","신답","1577","1815","20220416",""
"20220413","2호선","용답","3034","3236","20220416",""
"20220413","2호선","충정로(경기대입구)","10101","10720","20220416",""
"20220413","2호선","아현","10400","9854","20220416",""
"20220413","2호선","이대","13396","14022","20220416",""
"20220413","2호선","신촌","30917","31523","20220416",""
"20220413","2호선","홍대입구","47728","50183","20220416",""
"20220413","2호선","합정","28970","30529","20220416",""
"20220413","2호선","당산","18704","21690","20220416",""
"20220413","2호선","영등포구청","22566","23156","20220416",""
"20220413","2호선","문래","21817","22120","20220416",""
"20220413","2호선","신도림","46554","46617","20220416",""
"20220413","2호선","대림(구로구청)","23098","23560","20220416",""
"20220413","2호선","구로디지털단지","58064","57855","20220416",""
"20220413","2호선","신대방","25855","25380","20220416",""
"20220413","2호선","신림","61868","59781","20220416",""
"20220413","2호선","봉천","23356","21685","20220416",""
"20220413","2호선","서울대입구(관악구청)","46511","45592","20220416",""
"20220413","2호선","낙성대(강감찬)","26671","26225","20220416",""
"20220413","2호선","사당","35564","39196","20220416",""
"20220413","2호선","방배","19228","19853","20220416",""
"20220413","2호선","서초","21544","20976","20220416",""
"20220413","2호선","교대(법원.검찰청)","33743","38036","20220416",""
"20220413","2호선","강남","78530","77989","20220416",""
"20220413","2호선","역삼","51169","57538","20220416",""
"20220413","2호선","선릉","55720","49602","20220416",""
"20220413","2호선","삼성(무역센터)","50314","50988","20220416",""
"20220413","2호선","종합운동장","8988","9832","20220416",""
"20220413","2호선","잠실새내","20013","19987","20220416",""
"20220413","2호선","잠실(송파구청)","64205","63976","20220416",""
"20220413","2호선","잠실나루","14422","14216","20220416",""
"20220413","2호선","강변(동서울터미널)","27867","25810","20220416",""
"20220413","2호선","구의(광진구청)","23451","22957","20220416",""
"20220413","2호선","건대입구","32537","35060","20220416",""
"20220413","2호선","성수","36973","40464","20220416",""
"20220413","2호선","뚝섬","21389","23164","20220416",""
"20220413","2호선","한양대","14898","16188","20220416",""
"20220413","2호선","왕십리(성동구청)","16437","13232","20220416",""
"20220413","2호선","상왕십리","14106","13702","20220416",""
"20220413","2호선","신당","13734","14444","20220416",""
"20220413","2호선","동대문역사문화공원(DDP)","11137","12568","20220416",""
"20220413","2호선","을지로4가","12446","12350","20220416",""
"20220413","2호선","을지로3가","22272","22207","20220416",""
"20220413","2호선","을지로입구","38115","39498","20220416",""
"20220413","2호선","시청","23368","22648","20220416",""
"20220413","1호선","동묘앞","6745","7192","20220416",""
"20220413","1호선","청량리(서울시립대입구)","18288","17868","20220416",""
"20220413","1호선","제기동","15324","15375","20220416",""
"20220413","1호선","신설동","13348","13236","20220416",""
"20220413","1호선","동대문","10531","9788","20220416",""
"20220413","1호선","종로5가","22076","21442","20220416",""
"20220413","1호선","종로3가","24483","22707","20220416",""
"20220413","1호선","종각","34012","32933","20220416",""
"20220413","1호선","시청","21967","22742","20220416",""
"20220413","1호선","서울역","40496","39098","20220416",""
"20220413","5호선","방화","6446","6250","20220416",""
"20220414","9호선","구반포","1232","1334","20220417",""
"20220414","6호선","녹사평(용산구청)","4655","4570","20220417",""
"20220414","6호선","삼각지","6491","5802","20220417",""
"20220414","6호선","효창공원앞","7226","6729","20220417",""
"20220414","6호선","공덕","18415","17911","20220417",""
"20220414","6호선","대흥(서강대앞)","8524","8707","20220417",""
"20220414","6호선","광흥창(서강)","9128","8732","20220417",""
"20220414","6호선","상수","8155","9260","20220417",""
"20220414","6호선","합정","12606","12587","20220417",""
"20220414","6호선","망원","13410","14250","20220417",""
"20220414","6호선","마포구청","14089","12455","20220417",""
"20220414","6호선","월드컵경기장(성산)","4023","4321","20220417",""
"20220414","6호선","디지털미디어시티","13893","15182","20220417",""
"20220414","6호선","증산(명지대앞)","10004","9928","20220417",""
"20220414","6호선","새절(신사)","13404","12384","20220417",""
"20220414","6호선","구산","7750","5677","20220417",""
"20220414","6호선","연신내","1","0","20220417",""
"20220414","6호선","독바위","2689","2918","20220417",""
"20220414","6호선","불광","4060","3922","20220417",""
"20220414","6호선","역촌","3583","4322","20220417",""
"20220414","5호선","하남검단산","5508","5356","20220417",""
"20220414","5호선","하남시청(덕풍·신장)","7011","6773","20220417",""
"20220414","5호선","하남풍산","4416","4248","20220417",""
"20220414","5호선","미사","15898","15830","20220417",""
"20220414","5호선","강일","4140","3939","20220417",""
"20220414","5호선","마천","7344","7046","20220417",""
"20220414","5호선","거여","10400","9851","20220417",""
"20220414","5호선","개롱","6438","6679","20220417",""
"20220414","5호선","오금","3934","3865","20220417",""
"20220414","5호선","방이","7096","7363","20220417",""
"20220414","5호선","올림픽공원(한국체대)","4471","3765","20220417",""
"20220414","5호선","둔촌동","8351","8415","20220417",""
"20220414","5호선","상일동","14897","13855","20220417",""
"20220414","5호선","고덕","9576","9373","20220417",""
"20220414","5호선","명일","8524","8812","20220417",""
"20220414","5호선","굽은다리(강동구민회관앞)","9349","8792","20220417",""
"20220414","5호선","길동","7810","8015","20220417",""
"20220414","5호선","강동","18737","18084","20220417",""
"20220414","5호선","천호(풍납토성)","17261","17369","20220417",""
"20220414","5호선","광나루(장신대)","13563","12255","20220417",""
"20220414","5호선","아차산(어린이대공원후문)","14843","14178","20220417",""
"20220414","5호선","군자(능동)","11224","12255","20220417",""
"20220414","5호선","장한평","18631","18296","20220417",""
"20220414","5호선","답십리","15671","14331","20220417",""
"20220414","5호선","마장","5789","5486","20220417",""
"20220414","5호선","왕십리(성동구청)","4631","5226","20220417",""
"20220414","5호선","행당","8106","7215","20220417",""
"20220414","5호선","신금호","6611","6793","20220417",""
"20220414","5호선","청구","4030","3596","20220417",""
"20220414","5호선","동대문역사문화공원(DDP)","2715","3206","20220417",""
"20220414","5호선","을지로4가","6068","5891","20220417",""
"20220414","5호선","종로3가","11795","11864","20220417",""
"20220414","5호선","광화문(세종문화회관)","29362","30857","20220417",""
"20220414","5호선","서대문","20003","20293","20220417",""
"20220414","5호선","충정로(경기대입구)","4835","5154","20220417",""
"20220414","5호선","애오개","6816","6967","20220417",""
"20220414","5호선","공덕","14085","15089","20220417",""
"20220414","5호선","마포","14634","15143","20220417",""
"20220414","5호선","여의나루","10898","12280","20220417",""
"20220414","5호선","여의도","28542","30240","20220417",""
"20220414","5호선","신길","4235","4370","20220417",""
"20220414","5호선","영등포시장","9995","10218","20220417",""
"20220414","5호선","영등포구청","4096","4074","20220417",""
"20220414","5호선","양평","7505","7363","20220417",""
"20220414","5호선","오목교(목동운동장앞)","20996","22701","20220417",""
"20220414","5호선","목동","16755","17960","20220417",""
"20220414","5호선","신정(은행정)","13985","11216","20220417",""
"20220414","5호선","까치산","28650","27139","20220417",""
"20220414","5호선","화곡","28212","26413","20220417",""
"20220414","5호선","우장산","14761","14277","20220417",""
"20220414","5호선","발산","20346","20876","20220417",""
"20220414","5호선","마곡","10653","10862","20220417",""
"20220414","5호선","송정","6470","6070","20220417",""
"20220414","5호선","김포공항","6869","6760","20220417",""
"20220414","5호선","개화산","5600","5336","20220417",""
"20220414","5호선","방화","6649","6387","20220417",""
"20220414","4호선","남태령","1158","1075","20220417",""
"20220414","4호선","사당","25389","21127","20220417",""
"20220414","4호선","총신대입구(이수)","18714","20270","20220417",""
"20220414","4호선","동작(현충원)","1489","1732","20220417",""
"20220414","4호선","이촌(국립중앙박물관)","7100","7954","20220417",""
"20220414","4호선","신용산","15808","16742","20220417",""
"20220414","4호선","삼각지","5012","5520","20220417",""
"20220414","4호선","숙대입구(갈월)","14226","13643","20220417",""
"20220414","4호선","서울역","11008","16079","20220417",""
"20220414","4호선","회현(남대문시장)","23865","25647","20220417",""
"20220414","4호선","명동","19574","20237","20220417",""
"20220414","4호선","충무로","28922","29639","20220417",""
"20220414","4호선","동대문역사문화공원(DDP)","13783","12595","20220417",""
"20220414","4호선","동대문","19283","19934","20220417",""
"20220414","4호선","혜화","31475","31658","20220417",""
"20220414","4호선","한성대입구(삼선교)","14203","13805","20220417",""
"20220414","4호선","성신여대입구(돈암)","20537","19412","20220417",""
"20220414","4호선","길음","21311","21160","20220417",""
"20220414","4호선","미아사거리","26930","26165","20220417",""
"20220414","4호선","미아(서울사이버대학)","15593","15253","20220417",""
"20220414","4호선","수유(강북구청)","33358","33206","20220417",""
"20220414","4호선","쌍문","29260","26845","20220417",""
"20220414","4호선","창동","25073","26003","20220417",""
"20220414","4호선","노원","18403","20935","20220417",""
"20220414","4호선","상계","19283","17700","20220417",""
"20220414","4호선","당고개","8883","7951","20220417",""
"20220414","3호선","오금","6199","5808","20220417",""
"20220414","3호선","경찰병원","7331","7456","20220417",""
"20220414","3호선","가락시장","8996","8742","20220417",""
"20220414","3호선","수서","16649","16999","20220417",""
"20220414","3호선","일원","10626","10191","20220417",""
"20220414","3호선","대청","10200","9300","20220417",""
"20220414","3호선","학여울","2870","2954","20220417",""
"20220414","3호선","대치","10694","10778","20220417",""
"20220414","3호선","도곡","5257","5538","20220417",""
"20220414","3호선","매봉","12357","11972","20220417",""
"20220414","3호선","양재(서초구청)","38258","41871","20220417",""
"20220414","3호선","남부터미널(예술의전당)","28537","28845","20220417",""
"20220414","3호선","교대(법원.검찰청)","14849","9591","20220417",""
"20220414","3호선","고속터미널","36598","35533","20220417",""
"20220414","3호선","잠원","4871","4793","20220417",""
"20220414","3호선","신사","29587","31178","20220417",""
"20220414","3호선","압구정","30085","32619","20220417",""
"20220414","3호선","옥수","8771","9008","20220417",""
"20220414","3호선","금호","7747","7226","20220417",""
"20220414","3호선","약수","12878","12614","20220417",""
"20220414","3호선","동대입구","8913","9906","20220417",""
"20220414","3호선","충무로","2","0","20220417",""
"20220414","3호선","을지로3가","10364","10551","20220417",""
"20220414","3호선","종로3가","9806","11264","20220417",""
"20220414","3호선","안국","20544","21455","20220417",""
"20220414","3호선","경복궁(정부서울청사)","21937","21720","20220417",""
"20220414","3호선","독립문","6880","7222","20220417",""
"20220414","3호선","무악재","3999","4008","20220417",""
"20220414","3호선","홍제","17622","16855","20220417",""
"20220414","3호선","녹번","15893","13982","20220417",""
"20220414","3호선","불광","16081","17169","20220417",""
"20220414","3호선","연신내","36078","34153","20220417",""
"20220414","3호선","구파발","20463","19586","20220417",""
"20220414","3호선","지축","5162","4733","20220417",""
"20220414","2호선","용두(동대문구청)","2353","2328","20220417",""
"20220414","2호선","신정네거리","10279","10531","20220417",""
"20220414","2호선","양천구청","6767","6938","20220417",""
"20220414","2호선","도림천","1421","1490","20220417",""
"20220414","2호선","신설동","3151","1743","20220417",""
"20220414","2호선","신답","1642","1811","20220417",""
"20220414","2호선","용답","3185","3290","20220417",""
"20220414","2호선","충정로(경기대입구)","10018","10611","20220417",""
"20220414","2호선","아현","10646","10198","20220417",""
"20220414","2호선","이대","13495","14082","20220417",""
"20220414","2호선","신촌","31145","31779","20220417",""
"20220414","2호선","홍대입구","49852","53134","20220417",""
"20220414","2호선","합정","30027","31462","20220417",""
"20220414","2호선","당산","18909","21802","20220417",""
"20220414","2호선","영등포구청","22369","23259","20220417",""
"20220414","2호선","문래","22079","22457","20220417",""
"20220414","2호선","신도림","47015","47177","20220417",""
"20220414","2호선","대림(구로구청)","23479","23887","20220417",""
"20220414","2호선","구로디지털단지","58675","58651","20220417",""
"20220414","2호선","신대방","26395","25511","20220417",""
"20220414","2호선","신림","62847","60371","20220417",""
"20220414","2호선","봉천","23738","21771","20220417",""
"20220414","2호선","서울대입구(관악구청)","47550","46184","20220417",""
"20220414","2호선","낙성대(강감찬)","27036","26318","20220417",""
"20220414","2호선","사당","36506","40493","20220417",""
"20220414","2호선","방배","19487","20347","20220417",""
"20220414","2호선","서초","21493","20626","20220417",""
"20220414","2호선","교대(법원.검찰청)","34336","38956","20220417",""
"20220414","2호선","강남","80995","80315","20220417",""
"20220414","2호선","역삼","51307","58173","20220417",""
"20220414","2호선","선릉","56141","50416","20220417",""
"20220414","2호선","삼성(무역센터)","51891","53114","20220417",""
"20220414","2호선","종합운동장","9940","10698","20220417",""
"20220414","2호선","잠실새내","20715","20700","20220417",""
"20220414","2호선","잠실(송파구청)","67134","67254","20220417",""
"20220414","2호선","잠실나루","14642","14170","20220417",""
"20220414","2호선","강변(동서울터미널)","28986","27101","20220417",""
"20220414","2호선","구의(광진구청)","23593","23267","20220417",""
"20220414","2호선","건대입구","34408","36548","20220417",""
"20220414","2호선","성수","37342","41222","20220417",""
"20220414","2호선","뚝섬","21876","23743","20220417",""
"20220414","2호선","한양대","14959","16406","20220417",""
"20220414","2호선","왕십리(성동구청)","16550","13201","20220417",""
"20220414","2호선","상왕십리","14073","13687","20220417",""
"20220414","2호선","신당","13695","14316","20220417",""
"20220414","2호선","동대문역사문화공원(DDP)","11527","12719","20220417",""
"20220414","2호선","을지로4가","12573","13053","20220417",""
"20220414","2호선","을지로3가","22021","22314","20220417",""
"20220414","2호선","을지로입구","37939","39617","20220417",""
"20220414","2호선","시청","23306","22703","20220417",""
"20220414","1호선","동묘앞","7460","7831","20220417",""
"20220414","1호선","청량리(서울시립대입구)","19187","18912","20220417",""
"20220414","1호선","제기동","16818","17180","20220417",""
"20220414","1호선","신설동","13729","13443","20220417",""
"20220414","1호선","동대문","10529","10090","20220417",""
"20220414","1호선","종로5가","22173","22123","20220417",""
"20220414","1호선","종로3가","24054","21759","20220417",""
"20220414","1호선","종각","33674","33025","20220417",""
"20220414","1호선","시청","22527","22645","20220417",""
"20220414","1호선","서울역","41503","40369","20220417",""
"20220414","6호선","청구","3753","3964","20220417",""
"20220414","6호선","약수","3605","3592","20220417",""
"20220414","6호선","동묘앞","7439","7662","20220417",""
"20220414","6호선","창신","3661","3116","20220417",""
"20220414","6호선","보문","7313","6674","20220417",""
"20220414","6호선","안암(고대병원앞)","13696","13744","20220417",""
"20220414","6호선","고려대(종암)","8739","8479","20220417",""
"20220414","6호선","월곡(동덕여대)","12306","11978","20220417",""
"20220414","6호선","상월곡(한국과학기술연구원)","6415","5887","20220417",""
"20220414","6호선","돌곶이","9974","9200","20220417",""
"20220414","6호선","석계","12428","13060","20220417",""
"20220414","6호선","태릉입구","5609","6131","20220417",""
"20220414","6호선","화랑대(서울여대입구)","12418","9380","20220417",""
"20220414","6호선","봉화산(서울의료원)","8923","8400","20220417",""
"20220414","7호선","장암","2262","888","20220417",""
"20220414","7호선","도봉산","9541","10872","20220417",""
"20220414","7호선","수락산","12397","12183","20220417",""
"20220414","7호선","마들","12890","12124","20220417",""
"20220414","7호선","노원","18395","19449","20220417",""
"20220414","7호선","중계","14973","13628","20220417",""
"20220414","7호선","하계","18295","17118","20220417",""
"20220414","7호선","공릉(서울과학기술대)","12763","12485","20220417",""
"20220414","7호선","태릉입구","9019","8627","20220417",""
"20220414","7호선","먹골","10123","9657","20220417",""
"20220414","7호선","중화","10679","10443","20220417",""
"20220414","7호선","상봉(시외버스터미널)","16707","15593","20220417",""
"20220414","7호선","면목","16593","16007","20220417",""
"20220414","7호선","사가정","16183","16210","20220417",""
"20220414","7호선","용마산(용마폭포공원)","6219","5867","20220417",""
"20220414","7호선","중곡","11175","10358","20220417",""
"20220414","7호선","군자(능동)","14820","11783","20220417",""
"20220414","7호선","어린이대공원(세종대)","14490","14821","20220417",""
"20220414","7호선","건대입구","12430","12749","20220417",""
"20220414","7호선","뚝섬유원지","8139","7884","20220417",""
"20220414","7호선","청담","19533","22092","20220417",""
"20220414","7호선","강남구청","15786","17762","20220417",""
"20220414","7호선","학동","24204","26202","20220417",""
"20220414","7호선","논현","20004","21815","20220417",""
"20220414","7호선","반포","5752","5611","20220417",""
"20220414","7호선","고속터미널","14738","12594","20220417",""
"20220414","7호선","내방","14552","14931","20220417",""
"20220414","7호선","이수","15511","15197","20220417",""
"20220414","7호선","남성","11064","10188","20220417",""
"20220414","7호선","숭실대입구(살피재)","14865","14973","20220417",""
"20220414","7호선","상도","11220","10750","20220417",""
"20220414","7호선","장승배기","8874","8746","20220417",""
"20220414","7호선","신대방삼거리","16924","16002","20220417",""
"20220414","7호선","보라매","10084","9978","20220417",""
"20220414","7호선","신풍","11581","11018","20220417",""
"20220414","7호선","대림(구로구청)","7324","7225","20220417",""
"20220414","7호선","남구로","15304","16513","20220417",""
"20220414","7호선","가산디지털단지","44881","45485","20220417",""
"20220414","7호선","철산","20924","21237","20220417",""
"20220414","7호선","광명사거리","21948","21604","20220417",""
"20220414","7호선","천왕","11569","10999","20220417",""
"20220414","7호선","온수(성공회대입구)","11283","10535","20220417",""
"20220414","8호선","암사","18986","16523","20220417",""
"20220414","8호선","천호(풍납토성)","14502","16555","20220417",""
"20220414","8호선","강동구청","10537","10808","20220417",""
"20220414","8호선","몽촌토성(평화의문)","5934","6086","20220417",""
"20220414","8호선","잠실(송파구청)","13441","15954","20220417",""
"20220414","8호선","석촌","7823","8869","20220417",""
"20220414","8호선","송파","8215","8059","20220417",""
"20220414","8호선","가락시장","7747","8607","20220417",""
"20220414","8호선","문정","22014","23360","20220417",""
"20220414","8호선","장지","17268","16464","20220417",""
"20220414","8호선","복정","10284","8617","20220417",""
"20220414","8호선","산성","5490","5464","20220417",""
"20220414","8호선","남한산성입구(성남법원.검찰청)","15509","14332","20220417",""
"20220414","8호선","단대오거리","11431","10818","20220417",""
"20220414","8호선","신흥","4151","4456","20220417",""
"20220414","8호선","수진","5530","4980","20220417",""
"20220414","8호선","모란","6282","4985","20220417",""
"20220414","8호선","남위례","4895","5048","20220417",""
"20220414","9호선","개화","2461","1745","20220417",""
"20220414","9호선","김포공항","6724","10929","20220417",""
"20220414","9호선","공항시장","3108","3313","20220417",""
"20220414","9호선","신방화","6715","6457","20220417",""
"20220414","9호선","마곡나루(서울식물원)","12179","12162","20220417",""
"20220414","9호선","양천향교","10068","10122","20220417",""
"20220414","9호선","가양","20728","19972","20220417",""
"20220414","9호선","증미","7300","7058","20220417",""
"20220414","9호선","등촌","11089","10643","20220417",""
"20220414","9호선","염창","17589","16917","20220417",""
"20220414","9호선","신목동","4182","3565","20220417",""
"20220414","9호선","선유도","8819","8338","20220417",""
"20220414","9호선","당산","18305","18255","20220417",""
"20220414","9호선","국회의사당","16317","17074","20220417",""
"20220414","9호선","여의도","27664","27156","20220417",""
"20220414","9호선","샛강","5863","6085","20220417",""
"20220414","9호선","노량진","26172","25223","20220417",""
"20220414","9호선","노들","4394","3712","20220417",""
"20220414","9호선","흑석(중앙대입구)","9019","9069","20220417",""
"20220414","9호선","동작(현충원)","2145","1759","20220417",""
"20220414","9호선","신반포","3469","3461","20220417",""
"20220414","9호선","고속터미널","11822","14167","20220417",""
"20220414","9호선","사평","3501","3322","20220417",""
"20220414","9호선","신논현","30523","30527","20220417",""
"20220414","9호선2~3단계","언주","10106","10542","20220417",""
"20220414","9호선2~3단계","선정릉","9504","10598","20220417",""
"20220414","9호선2~3단계","삼성중앙","6768","7190","20220417",""
"20220414","9호선2~3단계","봉은사","17169","17677","20220417",""
"20220414","9호선2~3단계","종합운동장","4078","4235","20220417",""
"20220414","9호선2~3단계","삼전","6708","6492","20220417",""
"20220414","9호선2~3단계","석촌고분","5987","5854","20220417",""
"20220414","9호선2~3단계","석촌","8573","7508","20220417",""
"20220414","9호선2~3단계","송파나루","5040","5277","20220417",""
"20220414","9호선2~3단계","한성백제","2560","2280","20220417",""
"20220414","9호선2~3단계","올림픽공원(한국체대)","5768","5870","20220417",""
"20220414","9호선2~3단계","둔촌오륜","1221","1085","20220417",""
"20220414","9호선2~3단계","중앙보훈병원","11050","9846","20220417",""
"20220414","경강선","판교","4636","4622","20220417",""
"20220414","경강선","이매","1125","944","20220417",""
"20220414","경강선","삼동","2457","2237","20220417",""
"20220414","경강선","경기광주","7694","7234","20220417",""
"20220414","경강선","초월","3241","3048","20220417",""
"20220414","경강선","곤지암","2205","2198","20220417",""
"20220414","경강선","신둔도예촌","1589","1409","20220417",""
"20220414","경강선","이천","2569","2626","20220417",""
"20220414","경강선","부발","2061","1964","20220417",""
"20220414","경강선","세종대왕릉","293","302","20220417",""
"20220414","경강선","여주","2630","2448","20220417",""
"20220414","경부선","서울역","5553","1859","20220417",""
"20220414","경부선","남영","9655","10287","20220417",""
"20220414","경부선","용산","30983","31323","20220417",""
"20220414","경부선","노량진","7971","8232","20220417",""
"20220414","경부선","대방","13099","13391","20220417",""
"20220414","경부선","영등포","35530","36450","20220417",""
"20220414","경부선","신도림","4086","4132","20220417",""
"20220414","경부선","신길","9112","7690","20220417",""
"20220414","경부선","구로","18225","18911","20220417",""
"20220414","경부선","가산디지털단지","18689","21688","20220417",""
"20220414","경부선","금천구청","11662","11843","20220417",""
"20220414","경부선","석수","9839","8782","20220417",""
"20220414","경부선","관악","7370","6853","20220417",""
"20220414","경부선","안양","26362","26020","20220417",""
"20220414","경부선","명학","10650","10471","20220417",""
"20220414","경부선","금정","26932","27466","20220417",""
"20220414","경부선","군포","7943","7872","20220417",""
"20220414","경부선","의왕","9476","9433","20220417",""
"20220414","경부선","성균관대","15327","14907","20220417",""
"20220414","경부선","화서","8247","7971","20220417",""
"20220414","경부선","수원","34487","36804","20220417",""
"20220414","경부선","독산","19036","19629","20220417",""
"20220414","경부선","세류","2937","2681","20220417",""
"20220414","경부선","병점","15258","15384","20220417",""
"20220414","경부선","세마","2814","2691","20220417",""
"20220414","경부선","오산대","3860","3656","20220417",""
"20220414","경부선","오산","9842","9882","20220417",""
"20220414","경부선","진위","1686","1463","20220417",""
"20220414","경부선","송탄","4321","4203","20220417",""
"20220414","경부선","서정리","7371","6660","20220417",""
"20220414","경부선","평택지제","3401","3281","20220417",""
"20220414","경부선","평택","12137","12168","20220417",""
"20220414","경부선","성환","3324","3225","20220417",""
"20220414","경부선","직산","829","843","20220417",""
"20220414","경부선","두정","7299","7474","20220417",""
"20220414","경부선","천안","6696","6097","20220417",""
"20220414","경부선","당정","6718","6367","20220417",""
"20220414","경부선","서동탄","1392","1192","20220417",""
"20220414","경부선","광명","3223","2771","20220417",""
"20220414","경원선","이촌(국립중앙박물관)","3698","2848","20220417",""
"20220414","경원선","서빙고","2048","1845","20220417",""
"20220414","경원선","한남","4092","3953","20220417",""
"20220414","경원선","옥수","53","42","20220417",""
"20220414","경원선","응봉","1976","1685","20220417",""
"20220414","경원선","왕십리(성동구청)","14248","15480","20220417",""
"20220414","경원선","청량리(서울시립대입구)","14120","14764","20220417",""
"20220414","경원선","외대앞","8382","8349","20220417",""
"20220414","경원선","신이문","8368","7774","20220417",""
"20220414","경원선","석계","8271","8988","20220417",""
"20220414","경원선","광운대","9079","8847","20220417",""
"20220414","경원선","월계","8525","7898","20220417",""
"20220414","경원선","녹천","4790","4021","20220417",""
"20220414","경원선","창동","1","0","20220417",""
"20220414","경원선","방학","9805","9636","20220417",""
"20220414","경원선","도봉","5967","5597","20220417",""
"20220414","경원선","도봉산","7783","5121","20220417",""
"20220414","경원선","망월사","9728","9796","20220417",""
"20220414","경원선","회룡","12674","12683","20220417",""
"20220414","경원선","의정부","18054","18587","20220417",""
"20220414","경원선","가능","6945","6653","20220417",""
"20220414","경원선","녹양","4784","4524","20220417",""
"20220414","경원선","양주","8019","7539","20220417",""
"20220414","경원선","덕계","3347","3024","20220417",""
"20220414","경원선","덕정","6468","6221","20220417",""
"20220414","경원선","지행","6823","6985","20220417",""
"20220414","경원선","동두천중앙","3143","2992","20220417",""
"20220414","경원선","보산","1518","1432","20220417",""
"20220414","경원선","동두천","2777","2969","20220417",""
"20220414","경원선","소요산","2471","2174","20220417",""
"20220414","경의선","서울역","4492","5502","20220417",""
"20220414","경의선","신촌","869","1137","20220417",""
"20220414","경의선","효창공원앞","3135","3392","20220417",""
"20220414","경의선","공덕","3501","3149","20220417",""
"20220414","경의선","서강대","2169","2106","20220417",""
"20220414","경의선","홍대입구","1634","1841","20220417",""
"20220414","경의선","가좌","5494","5287","20220417",""
"20220414","경의선","디지털미디어시티","2649","2454","20220417",""
"20220414","경의선","수색","2906","3083","20220417",""
"20220414","경의선","화전","3628","3372","20220417",""
"20220414","경의선","강매","3392","2928","20220417",""
"20220414","경의선","행신","7975","8171","20220417",""
"20220414","경의선","능곡","3917","3665","20220417",""
"20220414","경의선","곡산","635","708","20220417",""
"20220414","경의선","백마","7065","6952","20220417",""
"20220414","경의선","풍산","5766","5255","20220417",""
"20220414","경의선","일산","9716","9720","20220417",""
"20220414","경의선","탄현","7978","7566","20220417",""
"20220414","경의선","야당","7681","7622","20220417",""
"20220414","경의선","운정","7161","6745","20220417",""
"20220414","경의선","금릉","4879","4814","20220417",""
"20220414","경의선","금촌","6234","6214","20220417",""
"20220414","경의선","월롱","2956","2786","20220417",""
"20220414","경의선","파주","1546","1106","20220417",""
"20220414","경의선","문산","5229","5338","20220417",""
"20220414","경의선","임진강","12","5","20220417",""
"20220414","경인선","개봉","21378","20919","20220417",""
"20220414","경인선","오류동","12162","11267","20220417",""
"20220414","경인선","역곡","28449","27888","20220417",""
"20220414","경인선","부천","32233","32146","20220417",""
"20220414","경인선","송내","27730","27642","20220417",""
"20220414","경인선","부평","27915","29964","20220417",""
"20220414","경인선","백운","7067","6869","20220417",""
"20220414","경인선","동암","14486","14556","20220417",""
"20220414","경인선","주안","19487","17696","20220417",""
"20220414","경인선","제물포","11008","10505","20220417",""
"20220414","경인선","동인천","13896","13211","20220417",""
"20220414","경인선","인천","3557","2793","20220417",""
"20220414","경인선","구일","7501","7464","20220417",""
"20220414","경인선","소사","9212","8821","20220417",""
"20220414","경인선","부개","8655","8107","20220417",""
"20220414","경인선","간석","5963","5316","20220417",""
"20220414","경인선","도원","3305","3240","20220417",""
"20220414","경인선","온수(성공회대입구)","7225","6874","20220417",""
"20220414","경인선","중동","9539","8895","20220417",""
"20220414","경인선","도화","4250","3867","20220417",""
"20220414","경춘선","신내","2356","2219","20220417",""
"20220414","경춘선","갈매","3057","2674","20220417",""
"20220414","경춘선","별내","3191","2984","20220417",""
"20220414","경춘선","퇴계원","3520","3271","20220417",""
"20220414","경춘선","사릉","2547","2550","20220417",""
"20220414","경춘선","금곡","1552","1533","20220417",""
"20220414","경춘선","평내호평","6102","6119","20220417",""
"20220414","경춘선","천마산","1724","1580","20220417",""
"20220414","경춘선","마석","3871","3936","20220417",""
"20220414","경춘선","대성리","634","610","20220417",""
"20220414","경춘선","청평","1591","1555","20220417",""
"20220414","경춘선","상천","305","280","20220417",""
"20220414","경춘선","가평","1487","1573","20220417",""
"20220414","경춘선","굴봉산","147","146","20220417",""
"20220414","경춘선","백양리","79","88","20220417",""
"20220414","경춘선","강촌","406","425","20220417",""
"20220414","경춘선","김유정","263","296","20220417",""
"20220414","경춘선","남춘천","2573","2385","20220417",""
"20220414","경춘선","춘천","1550","1290","20220417",""
"20220414","공항철도 1호선","서울역","7483","7007","20220417",""
"20220414","공항철도 1호선","공덕","2270","2957","20220417",""
"20220414","공항철도 1호선","홍대입구","8858","8935","20220417",""
"20220414","공항철도 1호선","디지털미디어시티","14094","13186","20220417",""
"20220414","공항철도 1호선","마곡나루(서울식물원)","9222","9039","20220417",""
"20220414","공항철도 1호선","김포공항","11274","6499","20220417",""
"20220414","공항철도 1호선","계양","10702","10111","20220417",""
"20220414","공항철도 1호선","검암","6681","6723","20220417",""
"20220414","공항철도 1호선","청라국제도시","6869","6615","20220417",""
"20220414","공항철도 1호선","운서","6915","7023","20220417",""
"20220414","공항철도 1호선","공항화물청사","2276","2515","20220417",""
"20220414","공항철도 1호선","인천공항1터미널","4479","4080","20220417",""
"20220414","공항철도 1호선","인천공항2터미널","2759","2382","20220417",""
"20220414","공항철도 1호선","영종","3176","3207","20220417",""
"20220414","과천선","선바위","8421","7641","20220417",""
"20220414","과천선","경마공원","1517","1472","20220417",""
"20220414","과천선","대공원","4136","4217","20220417",""
"20220414","과천선","과천","6398","5837","20220417",""
"20220414","과천선","정부과천청사","10705","10671","20220417",""
"20220414","과천선","인덕원","24524","25294","20220417",""
"20220414","과천선","평촌","18040","17631","20220417",""
"20220414","과천선","범계","25459","25522","20220417",""
"20220414","분당선","선릉","13314","20154","20220417",""
"20220414","분당선","한티","13999","14972","20220417",""
"20220414","분당선","도곡","7038","6933","20220417",""
"20220414","분당선","구룡","2422","2308","20220417",""
"20220414","분당선","개포동","3933","4100","20220417",""
"20220414","분당선","대모산입구","4634","4344","20220417",""
"20220414","분당선","수서","13811","14115","20220417",""
"20220414","분당선","수원","8193","6748","20220417",""
"20220414","분당선","서울숲","11295","11518","20220417",""
"20220414","분당선","압구정로데오","18444","20763","20220417",""
"20220414","분당선","강남구청","9848","11489","20220417",""
"20220414","분당선","선정릉","8133","8656","20220417",""
"20220414","분당선","가천대","11020","12048","20220417",""
"20220414","분당선","태평","13681","13128","20220417",""
"20220414","분당선","모란","25853","26876","20220417",""
"20220414","분당선","야탑","25900","27072","20220417",""
"20220414","분당선","서현","23005","23477","20220417",""
"20220414","분당선","수내","13232","13064","20220417",""
"20220414","분당선","정자","17377","18440","20220417",""
"20220414","분당선","미금","15606","16584","20220417",""
"20220414","분당선","오리","11838","9719","20220417",""
"20220414","분당선","이매","5862","5545","20220417",""
"20220414","분당선","보정","2597","2364","20220417",""
"20220414","분당선","죽전","14266","15607","20220417",""
"20220414","분당선","구성","4991","5257","20220417",""
"20220414","분당선","신갈","4483","4426","20220417",""
"20220414","분당선","기흥","10289","9425","20220417",""
"20220414","분당선","상갈","5510","5348","20220417",""
"20220414","분당선","청명","4334","4225","20220417",""
"20220414","분당선","영통","8171","8243","20220417",""
"20220414","분당선","망포","14353","13722","20220417",""
"20220414","분당선","매탄권선","5181","5060","20220417",""
"20220414","분당선","수원시청","12302","13088","20220417",""
"20220414","분당선","매교","3157","3205","20220417",""
"20220414","수인선","고색","5057","4811","20220417",""
"20220414","수인선","오목천","3665","3449","20220417",""
"20220414","수인선","어천","686","782","20220417",""
"20220414","수인선","야목","415","287","20220417",""
"20220414","수인선","사리","4998","4387","20220417",""
"20220414","수인선","달월","91","58","20220417",""
"20220414","수인선","월곶","2873","2659","20220417",""
"20220414","수인선","소래포구","5576","5258","20220417",""
"20220414","수인선","인천논현","5699","5964","20220417",""
"20220414","수인선","호구포","4065","4303","20220417",""
"20220414","수인선","남동인더스파크","2273","2616","20220417",""
"20220414","수인선","원인재","4496","4738","20220417",""
"20220414","수인선","연수","4742","4643","20220417",""
"20220414","수인선","송도","2579","2352","20220417",""
"20220414","수인선","인하대","7077","6697","20220417",""
"20220414","수인선","숭의","4034","3751","20220417",""
"20220414","수인선","신포","1985","1928","20220417",""
"20220414","수인선","인천","962","1701","20220417",""
"20220414","안산선","산본","15560","16755","20220417",""
"20220414","안산선","대야미","5267","4702","20220417",""
"20220414","안산선","반월","4363","4193","20220417",""
"20220414","안산선","상록수","16523","16767","20220417",""
"20220414","안산선","한대앞","10616","10685","20220417",""
"20220414","안산선","중앙","18166","18841","20220417",""
"20220414","안산선","고잔","9205","8609","20220417",""
"20220414","안산선","초지","5107","5560","20220417",""
"20220414","안산선","안산","11303","10165","20220417",""
"20220414","안산선","신길온천","1732","1601","20220417",""
"20220414","안산선","정왕","10415","10430","20220417",""
"20220414","안산선","오이도","8421","8348","20220417",""
"20220414","안산선","수리산","4399","3607","20220417",""
"20220414","우이신설선","북한산우이","2597","2439","20220417",""
"20220414","우이신설선","솔밭공원","2520","2365","20220417",""
"20220414","우이신설선","4.19민주묘지","3354","3210","20220417",""
"20220414","우이신설선","가오리","4244","4144","20220417",""
"20220414","우이신설선","삼양","1941","2015","20220417",""
"20220414","우이신설선","삼양사거리","2379","2402","20220417",""
"20220414","우이신설선","솔샘","5869","5374","20220417",""
"20220414","우이신설선","북한산보국문","6113","5636","20220417",""
"20220414","우이신설선","정릉","4729","4250","20220417",""
"20220414","우이신설선","성신여대입구(돈암)","3150","3440","20220417",""
"20220414","우이신설선","보문","1534","1521","20220417",""
"20220414","우이신설선","신설동","2218","2137","20220417",""
"20220414","일산선","원흥","11013","10341","20220417",""
"20220414","일산선","지축","1","0","20220417",""
"20220414","일산선","삼송","20006","19232","20220417",""
"20220414","일산선","원당","11490","10820","20220417",""
"20220414","일산선","화정","16713","17112","20220417",""
"20220414","일산선","대곡","2150","1724","20220417",""
"20220414","일산선","백석","9873","9709","20220417",""
"20220414","일산선","마두","7451","7676","20220417",""
"20220414","일산선","정발산","6728","6898","20220417",""
"20220414","일산선","주엽","8878","8930","20220417",""
"20220414","일산선","대화","12815","10395","20220417",""
"20220414","장항선","봉명","1247","1198","20220417",""
"20220414","장항선","쌍용(나사렛대)","2870","2610","20220417",""
"20220414","장항선","아산","3669","3241","20220417",""
"20220414","장항선","탕정","774","693","20220417",""
"20220414","장항선","배방","1139","1085","20220417",""
"20220414","장항선","신창(순천향대)","2897","2424","20220417",""
"20220414","장항선","온양온천","4207","4457","20220417",""
"20220414","6호선","응암","17420","17268","20220417",""
"20220414","6호선","신당","8287","8923","20220417",""
"20220414","우이신설선","화계","3455","3166","20220417",""
"20220414","경의선","계양","1","0","20220417",""
"20220414","6호선","버티고개","2156","2065","20220417",""
"20220414","중앙선","지평","70","82","20220417",""
"20220414","중앙선","용문","1660","1640","20220417",""
"20220414","중앙선","원덕","400","378","20220417",""
"20220414","중앙선","양평","2664","2723","20220417",""
"20220414","중앙선","오빈","321","365","20220417",""
"20220414","중앙선","아신","543","537","20220417",""
"20220414","중앙선","국수","786","821","20220417",""
"20220414","중앙선","신원","221","190","20220417",""
"20220414","중앙선","양수","1883","1875","20220417",""
"20220414","중앙선","운길산","798","767","20220417",""
"20220414","중앙선","팔당","858","871","20220417",""
"20220414","중앙선","도심","2471","1941","20220417",""
"20220414","중앙선","덕소","5514","5743","20220417",""
"20220414","중앙선","양정","745","620","20220417",""
"20220414","중앙선","도농","10640","9676","20220417",""
"20220414","중앙선","구리","13136","13401","20220417",""
"20220414","중앙선","양원","3063","2953","20220417",""
"20220414","중앙선","망우","7739","7518","20220417",""
"20220414","중앙선","상봉(시외버스터미널)","5708","5714","20220417",""
"20220414","중앙선","중랑","5633","5233","20220417",""
"20220414","중앙선","회기","25237","24255","20220417",""
"20220414","6호선","한강진","7100","8471","20220417",""
"20220414","6호선","이태원","9479","10097","20220417",""
"20220415","6호선","한강진","8525","10381","20220418",""
"20220415","6호선","버티고개","2095","2111","20220418",""
"20220415","6호선","약수","3828","3892","20220418",""
"20220415","5호선","굽은다리(강동구민회관앞)","9642","8956","20220418",""
"20220415","5호선","명일","8937","9241","20220418",""
"20220415","5호선","고덕","10037","9858","20220418",""
"20220415","5호선","상일동","15338","13894","20220418",""
"20220415","5호선","둔촌동","8604","8672","20220418",""
"20220415","5호선","올림픽공원(한국체대)","4689","3886","20220418",""
"20220415","5호선","방이","7166","7372","20220418",""
"20220415","5호선","오금","3928","3914","20220418",""
"20220415","경의선","화전","2956","2672","20220418",""
"20220415","경의선","강매","3412","2945","20220418",""
"20220415","경의선","행신","8356","8451","20220418",""
"20220415","경의선","능곡","4131","3823","20220418",""
"20220415","경의선","곡산","697","732","20220418",""
"20220415","경의선","백마","7298","7026","20220418",""
"20220415","경의선","풍산","5865","5589","20220418",""
"20220415","경의선","일산","9882","9774","20220418",""
"20220415","경의선","탄현","8031","7702","20220418",""
"20220415","경의선","야당","7886","8247","20220418",""
"20220415","경의선","운정","7179","6894","20220418",""
"20220415","경의선","금릉","5101","4946","20220418",""
"20220415","경의선","금촌","6685","6568","20220418",""
"20220415","경의선","월롱","3295","2570","20220418",""
"20220415","경의선","파주","1460","943","20220418",""
"20220415","경의선","문산","5542","5366","20220418",""
"20220415","경의선","임진강","17","6","20220418",""
"20220415","경인선","개봉","22142","21422","20220418",""
"20220415","경인선","오류동","12591","11380","20220418",""
"20220415","경인선","역곡","29074","28451","20220418",""
"20220415","경인선","부천","33926","34491","20220418",""
"20220415","경인선","송내","28209","28091","20220418",""
"20220415","경인선","부평","30300","33945","20220418",""
"20220415","경인선","백운","7452","7164","20220418",""
"20220415","경인선","동암","15110","15621","20220418",""
"20220415","경인선","주안","20448","18465","20220418",""
"20220415","경인선","제물포","11670","10820","20220418",""
"20220415","경인선","동인천","14988","14440","20220418",""
"20220415","경인선","인천","4242","3237","20220418",""
"20220415","경인선","구일","7184","6942","20220418",""
"20220415","경인선","소사","9177","8688","20220418",""
"20220415","경인선","부개","9036","8308","20220418",""
"20220415","경인선","간석","6290","5683","20220418",""
"20220415","경인선","도원","3358","3303","20220418",""
"20220415","경인선","온수(성공회대입구)","7729","7062","20220418",""
"20220415","경인선","중동","9753","8974","20220418",""
"20220415","경인선","도화","4476","4036","20220418",""
"20220415","경춘선","신내","2357","2281","20220418",""
"20220415","경춘선","갈매","3137","2717","20220418",""
"20220415","경춘선","별내","3404","3233","20220418",""
"20220415","경춘선","퇴계원","3620","3342","20220418",""
"20220415","경춘선","사릉","2606","2533","20220418",""
"20220415","경춘선","금곡","1662","1581","20220418",""
"20220415","경춘선","평내호평","6417","6531","20220418",""
"20220415","경춘선","천마산","1842","1687","20220418",""
"20220415","경춘선","마석","4266","4228","20220418",""
"20220415","경춘선","대성리","770","794","20220418",""
"20220415","경춘선","청평","1843","1997","20220418",""
"20220415","경춘선","상천","383","363","20220418",""
"20220415","경춘선","가평","1875","2041","20220418",""
"20220415","경춘선","굴봉산","228","209","20220418",""
"20220415","경춘선","백양리","88","80","20220418",""
"20220415","경춘선","강촌","424","486","20220418",""
"20220415","경춘선","김유정","361","426","20220418",""
"20220415","경춘선","남춘천","3115","2737","20220418",""
"20220415","경춘선","춘천","1804","1485","20220418",""
"20220415","공항철도 1호선","서울역","9394","8992","20220418",""
"20220415","공항철도 1호선","공덕","2342","3184","20220418",""
"20220415","공항철도 1호선","홍대입구","10870","11117","20220418",""
"20220415","공항철도 1호선","디지털미디어시티","13744","12764","20220418",""
"20220415","공항철도 1호선","마곡나루(서울식물원)","8732","8698","20220418",""
"20220415","공항철도 1호선","김포공항","14114","7365","20220418",""
"20220415","공항철도 1호선","계양","10785","9980","20220418",""
"20220415","공항철도 1호선","검암","6876","6864","20220418",""
"20220415","공항철도 1호선","청라국제도시","7307","6842","20220418",""
"20220415","공항철도 1호선","운서","7386","7288","20220418",""
"20220415","공항철도 1호선","공항화물청사","2347","2475","20220418",""
"20220415","공항철도 1호선","인천공항1터미널","4975","4945","20220418",""
"20220415","공항철도 1호선","인천공항2터미널","2636","2379","20220418",""
"20220415","공항철도 1호선","영종","3494","3669","20220418",""
"20220415","과천선","선바위","8873","7684","20220418",""
"20220415","과천선","경마공원","6459","6504","20220418",""
"20220415","과천선","대공원","6125","6421","20220418",""
"20220415","과천선","과천","6707","6005","20220418",""
"20220415","과천선","정부과천청사","11206","11040","20220418",""
"20220415","과천선","인덕원","25694","26245","20220418",""
"20220415","과천선","평촌","18082","17526","20220418",""
"20220415","과천선","범계","27262","27526","20220418",""
"20220415","분당선","선릉","13347","20205","20220418",""
"20220415","분당선","한티","14702","15696","20220418",""
"20220415","분당선","도곡","7354","7139","20220418",""
"20220415","분당선","구룡","2471","2326","20220418",""
"20220415","분당선","개포동","4034","4198","20220418",""
"20220415","분당선","대모산입구","4645","4251","20220418",""
"20220415","분당선","수서","14702","15632","20220418",""
"20220415","분당선","수원","8870","7884","20220418",""
"20220415","분당선","서울숲","13714","13874","20220418",""
"20220415","분당선","압구정로데오","21226","24482","20220418",""
"20220415","분당선","강남구청","10139","11831","20220418",""
"20220415","분당선","선정릉","8094","8589","20220418",""
"20220415","분당선","가천대","10524","10763","20220418",""
"20220415","분당선","태평","14120","13489","20220418",""
"20220415","분당선","모란","21084","21451","20220418",""
"20220415","분당선","야탑","26973","28314","20220418",""
"20220415","분당선","서현","25238","25955","20220418",""
"20220415","분당선","수내","13450","13381","20220418",""
"20220415","분당선","정자","17128","18317","20220418",""
"20220415","분당선","미금","16176","17173","20220418",""
"20220415","분당선","오리","12084","9734","20220418",""
"20220415","분당선","이매","6104","5695","20220418",""
"20220415","분당선","보정","2715","2358","20220418",""
"20220415","분당선","죽전","14797","15899","20220418",""
"20220415","분당선","구성","5236","5416","20220418",""
"20220415","분당선","신갈","4635","4573","20220418",""
"20220415","분당선","기흥","10397","9666","20220418",""
"20220415","분당선","상갈","5577","5412","20220418",""
"20220415","분당선","청명","4685","4316","20220418",""
"20220415","분당선","영통","9055","9162","20220418",""
"20220415","분당선","망포","15485","14197","20220418",""
"20220415","분당선","매탄권선","5488","5180","20220418",""
"20220415","분당선","수원시청","13450","15245","20220418",""
"20220415","분당선","매교","3384","3420","20220418",""
"20220415","수인선","고색","5297","4982","20220418",""
"20220415","수인선","오목천","3795","3300","20220418",""
"20220415","수인선","어천","854","809","20220418",""
"20220415","수인선","야목","426","325","20220418",""
"20220415","수인선","사리","5202","4572","20220418",""
"20220415","수인선","달월","122","88","20220418",""
"20220415","수인선","월곶","2854","2683","20220418",""
"20220415","수인선","소래포구","6584","6540","20220418",""
"20220415","수인선","인천논현","5981","6436","20220418",""
"20220415","수인선","호구포","4401","4479","20220418",""
"20220415","수인선","남동인더스파크","2405","2585","20220418",""
"20220415","수인선","원인재","4721","4985","20220418",""
"20220415","수인선","연수","5089","5045","20220418",""
"20220415","수인선","송도","2672","2561","20220418",""
"20220415","수인선","인하대","7127","6582","20220418",""
"20220415","수인선","숭의","4203","3865","20220418",""
"20220415","수인선","신포","2078","2071","20220418",""
"20220415","수인선","인천","1117","2069","20220418",""
"20220415","안산선","산본","16650","17932","20220418",""
"20220415","안산선","대야미","5533","4892","20220418",""
"20220415","안산선","반월","4644","4363","20220418",""
"20220415","안산선","상록수","17362","17461","20220418",""
"20220415","안산선","한대앞","10919","10783","20220418",""
"20220415","안산선","중앙","19338","20886","20220418",""
"20220415","안산선","고잔","9456","8969","20220418",""
"20220415","안산선","초지","5037","5539","20220418",""
"20220415","안산선","안산","11910","10914","20220418",""
"20220415","안산선","신길온천","1907","1738","20220418",""
"20220415","안산선","정왕","10692","10403","20220418",""
"20220415","안산선","오이도","8964","9108","20220418",""
"20220415","안산선","수리산","4500","3582","20220418",""
"20220415","우이신설선","북한산우이","3111","2810","20220418",""
"20220415","우이신설선","솔밭공원","2570","2403","20220418",""
"20220415","우이신설선","4.19민주묘지","3877","3635","20220418",""
"20220415","우이신설선","가오리","4383","4243","20220418",""
"20220415","우이신설선","화계","3548","3295","20220418",""
"20220415","우이신설선","삼양","2072","2155","20220418",""
"20220415","우이신설선","삼양사거리","2475","2512","20220418",""
"20220415","우이신설선","솔샘","5947","5377","20220418",""
"20220415","우이신설선","북한산보국문","6347","5817","20220418",""
"20220415","1호선","서울역","46888","46616","20220418",""
"20220415","우이신설선","정릉","5026","4268","20220418",""
"20220415","우이신설선","성신여대입구(돈암)","3386","3739","20220418",""
"20220415","우이신설선","보문","1569","1642","20220418",""
"20220415","우이신설선","신설동","2216","2190","20220418",""
"20220415","일산선","원흥","11149","10557","20220418",""
"20220415","일산선","삼송","20689","19648","20220418",""
"20220415","일산선","원당","11855","11091","20220418",""
"20220415","일산선","화정","17211","17705","20220418",""
"20220415","일산선","대곡","2227","1810","20220418",""
"20220415","일산선","백석","10326","10191","20220418",""
"20220415","일산선","마두","7880","8027","20220418",""
"20220415","일산선","정발산","7737","8219","20220418",""
"20220415","일산선","주엽","9261","9331","20220418",""
"20220415","일산선","대화","13054","10517","20220418",""
"20220415","장항선","봉명","1297","1219","20220418",""
"20220415","장항선","쌍용(나사렛대)","2724","2363","20220418",""
"20220415","장항선","아산","4190","3904","20220418",""
"20220415","장항선","탕정","909","744","20220418",""
"20220415","장항선","배방","1279","1237","20220418",""
"20220415","장항선","온양온천","3906","4150","20220418",""
"20220415","장항선","신창(순천향대)","2642","2022","20220418",""
"20220415","중앙선","회기","26209","24580","20220418",""
"20220415","중앙선","중랑","5985","5638","20220418",""
"20220415","중앙선","상봉(시외버스터미널)","6250","6220","20220418",""
"20220415","중앙선","망우","8377","8133","20220418",""
"20220415","중앙선","양원","3314","3096","20220418",""
"20220415","중앙선","구리","13969","14386","20220418",""
"20220415","중앙선","도농","11103","10170","20220418",""
"20220415","중앙선","양정","802","707","20220418",""
"20220415","중앙선","덕소","5807","6008","20220418",""
"20220415","중앙선","도심","2651","2121","20220418",""
"20220415","중앙선","팔당","1106","1176","20220418",""
"20220415","중앙선","운길산","1057","1016","20220418",""
"20220415","중앙선","양수","2284","2223","20220418",""
"20220415","중앙선","신원","302","271","20220418",""
"20220415","중앙선","국수","878","905","20220418",""
"20220415","중앙선","아신","675","656","20220418",""
"20220415","중앙선","오빈","354","368","20220418",""
"20220415","2호선","용답","3089","3193","20220418",""
"20220415","중앙선","양평","3049","3319","20220418",""
"20220415","중앙선","원덕","457","480","20220418",""
"20220415","중앙선","용문","3882","4060","20220418",""
"20220415","중앙선","지평","84","83","20220418",""
"20220415","5호선","개롱","6606","6783","20220418",""
"20220415","5호선","거여","10553","9867","20220418",""
"20220415","5호선","마천","7395","7004","20220418",""
"20220415","경의선","수색","2866","2995","20220418",""
"20220415","2호선","신답","1717","1849","20220418",""
"20220415","2호선","충정로(경기대입구)","10171","10705","20220418",""
"20220415","2호선","아현","10706","9959","20220418",""
"20220415","2호선","이대","14484","14723","20220418",""
"20220415","2호선","신촌","33088","33986","20220418",""
"20220415","2호선","홍대입구","55882","63024","20220418",""
"20220415","2호선","합정","32775","35730","20220418",""
"20220415","5호선","강일","4316","3986","20220418",""
"20220415","2호선","당산","19698","22507","20220418",""
"20220415","2호선","영등포구청","22716","23600","20220418",""
"20220415","2호선","신설동","3731","1863","20220418",""
"20220415","2호선","도림천","1419","1462","20220418",""
"20220415","2호선","양천구청","6742","7059","20220418",""
"20220415","2호선","신정네거리","10577","10863","20220418",""
"20220415","2호선","용두(동대문구청)","2445","2437","20220418",""
"20220415","3호선","지축","5255","4730","20220418",""
"20220415","3호선","구파발","20892","20096","20220418",""
"20220415","3호선","연신내","37516","35425","20220418",""
"20220415","3호선","불광","16632","17601","20220418",""
"20220415","3호선","녹번","15971","14041","20220418",""
"20220415","3호선","홍제","18234","17140","20220418",""
"20220415","3호선","무악재","4019","3980","20220418",""
"20220415","3호선","독립문","7376","7619","20220418",""
"20220415","경의선","가좌","5719","5378","20220418",""
"20220415","경의선","홍대입구","1798","2082","20220418",""
"20220415","경의선","서강대","2175","2064","20220418",""
"20220415","경의선","공덕","3820","3535","20220418",""
"20220415","경의선","효창공원앞","3094","3461","20220418",""
"20220415","경의선","신촌","877","1142","20220418",""
"20220415","경의선","서울역","4386","5742","20220418",""
"20220415","경원선","소요산","3283","2889","20220418",""
"20220415","경원선","동두천","2636","2880","20220418",""
"20220415","경원선","보산","2129","1816","20220418",""
"20220415","경원선","동두천중앙","3525","3485","20220418",""
"20220415","경원선","지행","7317","7300","20220418",""
"20220415","경원선","덕정","6632","6036","20220418",""
"20220415","경원선","덕계","3373","3023","20220418",""
"20220415","경원선","양주","8443","7930","20220418",""
"20220415","경원선","녹양","4954","4574","20220418",""
"20220415","경원선","가능","7224","6833","20220418",""
"20220415","경원선","의정부","19372","20652","20220418",""
"20220415","경원선","회룡","13331","13164","20220418",""
"20220415","경원선","망월사","8792","8756","20220418",""
"20220415","경원선","도봉산","8484","5691","20220418",""
"20220415","경원선","도봉","6188","5939","20220418",""
"20220415","경원선","방학","10173","9918","20220418",""
"20220415","경원선","녹천","4976","3924","20220418",""
"20220415","경원선","월계","8361","7747","20220418",""
"20220415","경원선","광운대","8747","8501","20220418",""
"20220415","경원선","석계","8678","9436","20220418",""
"20220415","경원선","신이문","8833","7984","20220418",""
"20220415","경원선","외대앞","8969","8596","20220418",""
"20220415","경원선","청량리(서울시립대입구)","16718","17670","20220418",""
"20220415","경원선","왕십리(성동구청)","15247","16874","20220418",""
"20220415","경원선","응봉","2127","1735","20220418",""
"20220415","경원선","옥수","66","46","20220418",""
"20220415","경원선","한남","4120","3973","20220418",""
"20220415","경원선","서빙고","2102","1893","20220418",""
"20220415","경원선","이촌(국립중앙박물관)","3998","3022","20220418",""
"20220415","경부선","광명","3733","3528","20220418",""
"20220415","경부선","서동탄","1497","1383","20220418",""
"20220415","경부선","당정","6714","6301","20220418",""
"20220415","경부선","천안","6692","6708","20220418",""
"20220415","경부선","두정","7423","6784","20220418",""
"20220415","경부선","직산","1005","897","20220418",""
"20220415","경부선","성환","4446","3974","20220418",""
"20220415","경부선","평택","14417","14015","20220418",""
"20220415","경부선","평택지제","4098","3891","20220418",""
"20220415","경부선","서정리","8428","7012","20220418",""
"20220415","경부선","송탄","5289","4694","20220418",""
"20220415","경부선","진위","2112","1656","20220418",""
"20220415","경부선","오산","10910","10654","20220418",""
"20220415","경부선","오산대","4215","3902","20220418",""
"20220415","경부선","세마","3110","2816","20220418",""
"20220415","경부선","병점","16311","16219","20220418",""
"20220415","경부선","세류","3175","2979","20220418",""
"20220415","경부선","독산","19044","19337","20220418",""
"20220415","경부선","수원","37915","41779","20220418",""
"20220415","경부선","화서","8574","8283","20220418",""
"20220415","경부선","성균관대","16427","15450","20220418",""
"20220415","경부선","의왕","9689","9547","20220418",""
"20220415","경부선","군포","7993","7859","20220418",""
"20220415","경부선","금정","27638","28228","20220418",""
"20220415","경부선","명학","9946","9716","20220418",""
"20220415","6호선","이태원","12121","14602","20220418",""
"20220415","경부선","안양","26058","25837","20220418",""
"20220415","경부선","관악","7786","7088","20220418",""
"20220415","경부선","석수","9959","8759","20220418",""
"20220415","경부선","금천구청","12206","12234","20220418",""
"20220415","경부선","가산디지털단지","18736","21475","20220418",""
"20220415","경부선","구로","18647","19650","20220418",""
"20220415","경부선","신길","9347","7745","20220418",""
"20220415","경부선","신도림","4238","4379","20220418",""
"20220415","경부선","영등포","40010","42176","20220418",""
"20220415","경부선","대방","13188","13394","20220418",""
"20220415","경부선","노량진","8944","9048","20220418",""
"20220415","경부선","용산","36656","38986","20220418",""
"20220415","경부선","남영","9641","10057","20220418",""
"20220415","경부선","서울역","7726","2650","20220418",""
"20220415","경강선","여주","2403","2568","20220418",""
"20220415","2호선","선릉","55703","49972","20220418",""
"20220415","2호선","삼성(무역센터)","53234","53747","20220418",""
"20220415","2호선","종합운동장","9616","10314","20220418",""
"20220415","2호선","잠실새내","22118","22734","20220418",""
"20220415","2호선","잠실(송파구청)","73845","73401","20220418",""
"20220415","2호선","잠실나루","14785","14210","20220418",""
"20220415","2호선","강변(동서울터미널)","32243","30829","20220418",""
"20220415","2호선","구의(광진구청)","24283","23552","20220418",""
"20220415","2호선","건대입구","37688","41159","20220418",""
"20220415","2호선","성수","38530","42916","20220418",""
"20220415","2호선","뚝섬","23797","25378","20220418",""
"20220415","2호선","한양대","12884","13867","20220418",""
"20220415","2호선","왕십리(성동구청)","17582","14516","20220418",""
"20220415","2호선","상왕십리","14524","13904","20220418",""
"20220415","2호선","신당","14633","15179","20220418",""
"20220415","2호선","동대문역사문화공원(DDP)","12429","13400","20220418",""
"20220415","2호선","을지로4가","13061","13456","20220418",""
"20220415","2호선","을지로3가","22975","23799","20220418",""
"20220415","2호선","을지로입구","38841","40426","20220418",""
"20220415","2호선","시청","22930","22464","20220418",""
"20220415","1호선","동묘앞","8638","9057","20220418",""
"20220415","1호선","청량리(서울시립대입구)","21332","21033","20220418",""
"20220415","1호선","제기동","18098","18464","20220418",""
"20220415","1호선","신설동","14173","13906","20220418",""
"20220415","1호선","동대문","11210","9977","20220418",""
"20220415","1호선","종로5가","23487","23394","20220418",""
"20220415","1호선","종로3가","26258","24349","20220418",""
"20220415","1호선","종각","34175","33628","20220418",""
"20220415","경강선","세종대왕릉","373","403","20220418",""
"20220415","경강선","부발","2660","2086","20220418",""
"20220415","경강선","이천","2886","3067","20220418",""
"20220415","경강선","신둔도예촌","1777","1620","20220418",""
"20220415","경강선","곤지암","2403","2341","20220418",""
"20220415","경강선","초월","3359","3074","20220418",""
"20220415","경강선","경기광주","8029","7450","20220418",""
"20220415","경강선","삼동","2524","2247","20220418",""
"20220415","경강선","이매","1140","1017","20220418",""
"20220415","경강선","판교","4804","4773","20220418",""
"20220415","9호선2~3단계","중앙보훈병원","10825","9404","20220418",""
"20220415","9호선2~3단계","둔촌오륜","1233","1070","20220418",""
"20220415","9호선2~3단계","올림픽공원(한국체대)","6376","6191","20220418",""
"20220415","9호선2~3단계","한성백제","2697","2390","20220418",""
"20220415","9호선2~3단계","송파나루","5339","5750","20220418",""
"20220415","9호선2~3단계","석촌","9113","7965","20220418",""
"20220415","9호선2~3단계","석촌고분","6218","5887","20220418",""
"20220415","9호선2~3단계","삼전","7116","6760","20220418",""
"20220415","9호선2~3단계","종합운동장","4234","4453","20220418",""
"20220415","9호선2~3단계","봉은사","17962","18447","20220418",""
"20220415","1호선","시청","22215","22793","20220418",""
"20220415","9호선2~3단계","삼성중앙","6975","7245","20220418",""
"20220415","9호선2~3단계","선정릉","9772","10824","20220418",""
"20220415","9호선2~3단계","언주","10514","10677","20220418",""
"20220415","9호선","신논현","33415","34328","20220418",""
"20220415","9호선","사평","3673","3443","20220418",""
"20220415","9호선","고속터미널","13772","18511","20220418",""
"20220415","9호선","신반포","3773","3727","20220418",""
"20220415","9호선","구반포","1339","1434","20220418",""
"20220415","9호선","동작(현충원)","2254","1822","20220418",""
"20220415","9호선","흑석(중앙대입구)","9168","9060","20220418",""
"20220415","9호선","노들","4707","3732","20220418",""
"20220415","9호선","노량진","27756","26602","20220418",""
"20220415","9호선","여의도","29020","27772","20220418",""
"20220415","9호선","국회의사당","15741","16299","20220418",""
"20220415","9호선","당산","19118","18714","20220418",""
"20220415","9호선","선유도","8912","8188","20220418",""
"20220415","9호선","신목동","4211","3581","20220418",""
"20220415","3호선","경복궁(정부서울청사)","22196","22336","20220418",""
"20220415","9호선","염창","17940","16641","20220418",""
"20220415","9호선","등촌","11465","10907","20220418",""
"20220415","9호선","증미","7652","7159","20220418",""
"20220415","9호선","가양","21376","20246","20220418",""
"20220415","9호선","양천향교","10309","10295","20220418",""
"20220415","9호선","마곡나루(서울식물원)","12609","12579","20220418",""
"20220415","9호선","신방화","7213","6752","20220418",""
"20220415","9호선","공항시장","3122","3256","20220418",""
"20220415","9호선","김포공항","8197","13193","20220418",""
"20220415","9호선","개화","2518","1806","20220418",""
"20220415","8호선","남위례","5142","5318","20220418",""
"20220415","8호선","모란","4584","3871","20220418",""
"20220415","8호선","수진","5552","5003","20220418",""
"20220415","8호선","신흥","4296","4565","20220418",""
"20220415","8호선","단대오거리","11539","10658","20220418",""
"20220415","8호선","남한산성입구(성남법원.검찰청)","15660","13734","20220418",""
"20220415","8호선","산성","5605","5442","20220418",""
"20220415","8호선","복정","10337","8543","20220418",""
"20220415","8호선","장지","17516","16444","20220418",""
"20220415","8호선","문정","21924","22746","20220418",""
"20220415","8호선","가락시장","8125","9166","20220418",""
"20220415","8호선","송파","8471","8108","20220418",""
"20220415","8호선","석촌","8010","9487","20220418",""
"20220415","8호선","잠실(송파구청)","14707","17697","20220418",""
"20220415","8호선","몽촌토성(평화의문)","6400","6442","20220418",""
"20220415","8호선","강동구청","10500","10566","20220418",""
"20220415","8호선","천호(풍납토성)","15307","18019","20220418",""
"20220415","8호선","암사","19423","16673","20220418",""
"20220415","7호선","온수(성공회대입구)","11244","10574","20220418",""
"20220415","7호선","천왕","11967","11085","20220418",""
"20220415","7호선","광명사거리","22599","22253","20220418",""
"20220415","7호선","철산","21892","22370","20220418",""
"20220415","7호선","가산디지털단지","44716","44660","20220418",""
"20220415","7호선","남구로","15471","16446","20220418",""
"20220415","7호선","대림(구로구청)","7713","7879","20220418",""
"20220415","7호선","신풍","11919","11267","20220418",""
"20220415","7호선","보라매","10354","10168","20220418",""
"20220415","7호선","신대방삼거리","17235","16026","20220418",""
"20220415","7호선","장승배기","9177","8858","20220418",""
"20220415","7호선","상도","11454","10789","20220418",""
"20220415","7호선","숭실대입구(살피재)","14408","14113","20220418",""
"20220415","7호선","남성","11469","10139","20220418",""
"20220415","7호선","이수","16355","15922","20220418",""
"20220415","5호선","미사","16490","16393","20220418",""
"20220415","7호선","내방","14876","15101","20220418",""
"20220415","7호선","고속터미널","17022","14337","20220418",""
"20220415","7호선","반포","6127","5857","20220418",""
"20220415","7호선","논현","20468","22871","20220418",""
"20220415","7호선","학동","23736","25747","20220418",""
"20220415","7호선","강남구청","16292","18273","20220418",""
"20220415","7호선","청담","19431","22236","20220418",""
"20220415","7호선","뚝섬유원지","11250","11092","20220418",""
"20220415","7호선","건대입구","13055","13841","20220418",""
"20220415","7호선","어린이대공원(세종대)","15102","15063","20220418",""
"20220415","7호선","군자(능동)","15491","12040","20220418",""
"20220415","7호선","중곡","11362","10348","20220418",""
"20220415","7호선","용마산(용마폭포공원)","6224","5740","20220418",""
"20220415","7호선","사가정","16786","16660","20220418",""
"20220415","7호선","면목","16983","16193","20220418",""
"20220415","7호선","상봉(시외버스터미널)","17459","16635","20220418",""
"20220415","7호선","중화","11225","10819","20220418",""
"20220415","7호선","먹골","10366","9777","20220418",""
"20220415","7호선","태릉입구","9220","8714","20220418",""
"20220415","7호선","공릉(서울과학기술대)","12716","12300","20220418",""
"20220415","7호선","하계","18371","16860","20220418",""
"20220415","7호선","중계","15070","13575","20220418",""
"20220415","7호선","노원","19656","21551","20220418",""
"20220415","7호선","마들","13458","12200","20220418",""
"20220415","7호선","수락산","12914","12410","20220418",""
"20220415","7호선","도봉산","9675","11343","20220418",""
"20220415","7호선","장암","2339","929","20220418",""
"20220415","6호선","봉화산(서울의료원)","8907","8403","20220418",""
"20220415","6호선","화랑대(서울여대입구)","12363","9354","20220418",""
"20220415","6호선","태릉입구","5796","6293","20220418",""
"20220415","6호선","석계","12482","12928","20220418",""
"20220415","6호선","돌곶이","9671","8694","20220418",""
"20220415","2호선","역삼","50179","56537","20220418",""
"20220415","2호선","강남","85967","87465","20220418",""
"20220415","6호선","상월곡(한국과학기술연구원)","6532","5755","20220418",""
"20220415","6호선","월곡(동덕여대)","12096","11688","20220418",""
"20220415","6호선","고려대(종암)","8381","8026","20220418",""
"20220415","6호선","안암(고대병원앞)","12241","11581","20220418",""
"20220415","5호선","하남풍산","4432","4348","20220418",""
"20220415","경의선","디지털미디어시티","2692","2536","20220418",""
"20220415","6호선","보문","7652","6874","20220418",""
"20220415","6호선","창신","3740","3110","20220418",""
"20220415","6호선","동묘앞","8134","7852","20220418",""
"20220415","6호선","신당","8480","8331","20220418",""
"20220415","6호선","청구","3790","4099","20220418",""
"20220415","5호선","하남시청(덕풍·신장)","6968","6645","20220418",""
"20220415","9호선","샛강","6153","6291","20220418",""
"20220415","5호선","하남검단산","5864","5659","20220418",""
"20220415","6호선","응암","17964","17532","20220418",""
"20220415","6호선","역촌","3798","4284","20220418",""
"20220415","6호선","불광","4276","4248","20220418",""
"20220415","6호선","독바위","2770","2877","20220418",""
"20220415","6호선","연신내","1","0","20220418",""
"20220415","6호선","구산","8009","5795","20220418",""
"20220415","6호선","새절(신사)","13178","12287","20220418",""
"20220415","6호선","증산(명지대앞)","10397","10112","20220418",""
"20220415","6호선","디지털미디어시티","13918","14824","20220418",""
"20220415","6호선","월드컵경기장(성산)","4764","4993","20220418",""
"20220415","6호선","마포구청","14389","12705","20220418",""
"20220415","6호선","망원","14597","15724","20220418",""
"20220415","6호선","합정","13929","13853","20220418",""
"20220415","6호선","상수","9072","11048","20220418",""
"20220415","6호선","광흥창(서강)","9223","8807","20220418",""
"20220415","6호선","대흥(서강대앞)","8315","8452","20220418",""
"20220415","6호선","공덕","19011","18638","20220418",""
"20220415","6호선","효창공원앞","7444","6711","20220418",""
"20220415","6호선","삼각지","6882","5900","20220418",""
"20220415","6호선","녹사평(용산구청)","5268","5600","20220418",""
"20220415","2호선","교대(법원.검찰청)","34958","39661","20220418",""
"20220415","2호선","서초","21215","20183","20220418",""
"20220415","2호선","방배","19053","19674","20220418",""
"20220415","2호선","사당","38455","43858","20220418",""
"20220415","2호선","낙성대(강감찬)","28361","26317","20220418",""
"20220415","2호선","서울대입구(관악구청)","50254","48217","20220418",""
"20220415","2호선","봉천","24513","21831","20220418",""
"20220415","2호선","신림","65833","62556","20220418",""
"20220415","2호선","신대방","27405","26219","20220418",""
"20220415","2호선","구로디지털단지","59248","58871","20220418",""
"20220415","2호선","대림(구로구청)","24626","24967","20220418",""
"20220415","2호선","신도림","49110","49869","20220418",""
"20220415","2호선","문래","22238","23111","20220418",""
"20220415","3호선","안국","22159","23164","20220418",""
"20220415","3호선","종로3가","10261","12415","20220418",""
"20220415","3호선","을지로3가","10694","11645","20220418",""
"20220415","3호선","충무로","3","0","20220418",""
"20220415","3호선","동대입구","9162","9941","20220418",""
"20220415","3호선","약수","13856","13300","20220418",""
"20220415","3호선","금호","8202","7502","20220418",""
"20220415","3호선","옥수","9452","9557","20220418",""
"20220415","3호선","압구정","33073","36034","20220418",""
"20220415","3호선","신사","32515","35072","20220418",""
"20220415","3호선","잠원","5033","4919","20220418",""
"20220415","3호선","고속터미널","44806","47217","20220418",""
"20220415","3호선","교대(법원.검찰청)","15129","9876","20220418",""
"20220415","3호선","남부터미널(예술의전당)","30851","31387","20220418",""
"20220415","3호선","양재(서초구청)","39791","42599","20220418",""
"20220415","3호선","매봉","12395","12050","20220418",""
"20220415","3호선","도곡","5547","5558","20220418",""
"20220415","3호선","대치","11168","11310","20220418",""
"20220415","3호선","학여울","2615","2762","20220418",""
"20220415","3호선","대청","10683","9499","20220418",""
"20220415","3호선","일원","10661","9975","20220418",""
"20220415","3호선","수서","18637","18818","20220418",""
"20220415","3호선","가락시장","9442","9357","20220418",""
"20220415","3호선","경찰병원","7445","7391","20220418",""
"20220415","3호선","오금","6347","5940","20220418",""
"20220415","4호선","당고개","9183","8263","20220418",""
"20220415","4호선","상계","20089","18629","20220418",""
"20220415","4호선","노원","19599","22522","20220418",""
"20220415","4호선","창동","26417","27590","20220418",""
"20220415","4호선","쌍문","30190","27250","20220418",""
"20220415","4호선","수유(강북구청)","35412","34926","20220418",""
"20220415","4호선","미아(서울사이버대학)","16281","15717","20220418",""
"20220415","4호선","미아사거리","28411","27365","20220418",""
"20220415","4호선","길음","21434","20641","20220418",""
"20220415","4호선","성신여대입구(돈암)","21490","20488","20220418",""
"20220415","4호선","한성대입구(삼선교)","15041","14497","20220418",""
"20220415","4호선","혜화","32727","32324","20220418",""
"20220415","4호선","동대문","19990","20336","20220418",""
"20220415","4호선","동대문역사문화공원(DDP)","14580","12875","20220418",""
"20220415","4호선","충무로","28233","29380","20220418",""
"20220415","4호선","명동","20446","21554","20220418",""
"20220415","4호선","회현(남대문시장)","24838","26647","20220418",""
"20220415","4호선","서울역","11008","18531","20220418",""
"20220415","4호선","숙대입구(갈월)","14069","13737","20220418",""
"20220415","4호선","삼각지","5249","6224","20220418",""
"20220415","4호선","신용산","16457","17739","20220418",""
"20220415","4호선","이촌(국립중앙박물관)","7822","8533","20220418",""
"20220415","4호선","동작(현충원)","1876","2064","20220418",""
"20220415","4호선","총신대입구(이수)","19941","21692","20220418",""
"20220415","4호선","사당","27286","23039","20220418",""
"20220415","4호선","남태령","1367","1056","20220418",""
"20220415","5호선","방화","6807","6411","20220418",""
"20220415","5호선","개화산","5793","5526","20220418",""
"20220415","5호선","김포공항","7910","7833","20220418",""
"20220415","5호선","송정","6887","6363","20220418",""
"20220415","5호선","마곡","10676","10609","20220418",""
"20220415","5호선","발산","20389","21375","20220418",""
"20220415","5호선","우장산","14952","14502","20220418",""
"20220415","5호선","화곡","29627","26979","20220418",""
"20220415","5호선","까치산","29499","27685","20220418",""
"20220415","5호선","신정(은행정)","14292","11186","20220418",""
"20220415","5호선","목동","17548","18276","20220418",""
"20220415","5호선","오목교(목동운동장앞)","21697","23501","20220418",""
"20220415","5호선","양평","7618","7223","20220418",""
"20220415","5호선","영등포구청","4089","4091","20220418",""
"20220415","5호선","영등포시장","10364","10658","20220418",""
"20220415","5호선","신길","4262","4343","20220418",""
"20220415","5호선","여의도","28548","30987","20220418",""
"20220415","5호선","여의나루","15987","17309","20220418",""
"20220415","5호선","마포","14748","15263","20220418",""
"20220415","5호선","공덕","14180","15295","20220418",""
"20220415","5호선","애오개","6947","6821","20220418",""
"20220415","5호선","충정로(경기대입구)","4688","4710","20220418",""
"20220415","5호선","서대문","19594","19739","20220418",""
"20220415","5호선","광화문(세종문화회관)","28740","30999","20220418",""
"20220415","5호선","종로3가","12962","13899","20220418",""
"20220415","5호선","을지로4가","6168","6408","20220418",""
"20220415","5호선","동대문역사문화공원(DDP)","2694","3205","20220418",""
"20220415","5호선","청구","4247","3668","20220418",""
"20220415","5호선","신금호","6814","6887","20220418",""
"20220415","5호선","행당","8323","7180","20220418",""
"20220415","5호선","왕십리(성동구청)","4675","5678","20220418",""
"20220415","5호선","마장","5987","5609","20220418",""
"20220415","5호선","답십리","16336","14616","20220418",""
"20220415","5호선","장한평","18667","18321","20220418",""
"20220415","5호선","군자(능동)","11632","12836","20220418",""
"20220415","5호선","아차산(어린이대공원후문)","15831","14971","20220418",""
"20220415","5호선","광나루(장신대)","13818","12490","20220418",""
"20220415","5호선","천호(풍납토성)","18908","18984","20220418",""
"20220415","5호선","강동","19045","18001","20220418",""
"20220415","5호선","길동","8303","8604","20220418",""
"20220416","경의선","월롱","2062","1713","20220419",""
"20220416","경의선","계양","1","0","20220419",""
"20220416","2호선","방배","9492","9775","20220419",""
"20220416","경원선","덕계","2528","2304","20220419",""
"20220416","중앙선","지평","60","65","20220419",""
"20220416","중앙선","용문","2409","2559","20220419",""
"20220416","중앙선","원덕","629","607","20220419",""
"20220416","중앙선","양평","3008","3235","20220419",""
"20220416","중앙선","오빈","363","364","20220419",""
"20220416","중앙선","아신","731","748","20220419",""
"20220416","중앙선","국수","863","817","20220419",""
"20220416","중앙선","신원","410","304","20220419",""
"20220416","중앙선","양수","2647","2673","20220419",""
"20220416","중앙선","운길산","1870","1899","20220419",""
"20220416","중앙선","팔당","1796","1955","20220419",""
"20220416","중앙선","도심","1721","1434","20220419",""
"20220416","중앙선","덕소","4821","4795","20220419",""
"20220416","중앙선","양정","706","646","20220419",""
"20220416","중앙선","도농","7411","6997","20220419",""
"20220416","중앙선","구리","10638","10745","20220419",""
"20220416","중앙선","양원","2055","1873","20220419",""
"20220416","중앙선","망우","6633","6537","20220419",""
"20220416","중앙선","상봉(시외버스터미널)","5116","4917","20220419",""
"20220416","중앙선","중랑","4534","4313","20220419",""
"20220416","중앙선","회기","20419","19159","20220419",""
"20220416","장항선","신창(순천향대)","1225","1173","20220419",""
"20220416","장항선","온양온천","3744","3799","20220419",""
"20220416","장항선","배방","1107","1060","20220419",""
"20220416","장항선","탕정","689","610","20220419",""
"20220416","장항선","아산","3119","2985","20220419",""
"20220416","장항선","쌍용(나사렛대)","1696","1498","20220419",""
"20220416","장항선","봉명","726","648","20220419",""
"20220416","일산선","대화","8442","7556","20220419",""
"20220416","일산선","주엽","6680","6549","20220419",""
"20220416","일산선","정발산","7285","7751","20220419",""
"20220416","일산선","마두","5304","5127","20220419",""
"20220416","일산선","백석","7258","7219","20220419",""
"20220416","일산선","대곡","1535","1319","20220419",""
"20220416","일산선","화정","13091","13511","20220419",""
"20220416","일산선","원당","8723","8239","20220419",""
"20220416","일산선","삼송","14643","13819","20220419",""
"20220416","일산선","원흥","7702","7468","20220419",""
"20220416","우이신설선","신설동","1400","1464","20220419",""
"20220416","우이신설선","보문","1151","1158","20220419",""
"20220416","우이신설선","성신여대입구(돈암)","2777","3226","20220419",""
"20220416","우이신설선","정릉","3767","3019","20220419",""
"20220416","우이신설선","북한산보국문","4852","4187","20220419",""
"20220416","우이신설선","솔샘","4080","3461","20220419",""
"20220416","우이신설선","삼양사거리","1911","1899","20220419",""
"20220416","우이신설선","삼양","1576","1626","20220419",""
"20220416","우이신설선","화계","2607","2348","20220419",""
"20220416","우이신설선","가오리","3173","3017","20220419",""
"20220416","우이신설선","4.19민주묘지","2752","2354","20220419",""
"20220416","우이신설선","솔밭공원","1819","1691","20220419",""
"20220416","우이신설선","북한산우이","4176","4456","20220419",""
"20220416","안산선","수리산","3065","2996","20220419",""
"20220416","안산선","오이도","7870","8041","20220419",""
"20220416","안산선","정왕","7019","7013","20220419",""
"20220416","안산선","신길온천","1535","1487","20220419",""
"20220416","안산선","안산","9997","10205","20220419",""
"20220416","안산선","초지","3608","3742","20220419",""
"20220416","안산선","고잔","6959","6805","20220419",""
"20220416","안산선","중앙","16387","17136","20220419",""
"20220416","안산선","한대앞","7738","7527","20220419",""
"20220416","안산선","상록수","12785","12603","20220419",""
"20220416","안산선","반월","3550","3231","20220419",""
"20220416","안산선","대야미","4554","3870","20220419",""
"20220416","안산선","산본","13047","13877","20220419",""
"20220416","수인선","인천","1485","2642","20220419",""
"20220416","수인선","신포","1694","1655","20220419",""
"20220416","수인선","숭의","2890","2555","20220419",""
"20220416","수인선","인하대","4447","4102","20220419",""
"20220416","수인선","송도","2067","1959","20220419",""
"20220416","수인선","연수","4272","4068","20220419",""
"20220416","수인선","원인재","3850","4141","20220419",""
"20220416","수인선","남동인더스파크","976","910","20220419",""
"20220416","수인선","호구포","2752","2583","20220419",""
"20220416","수인선","인천논현","4466","4665","20220419",""
"20220416","수인선","소래포구","7197","7219","20220419",""
"20220416","수인선","월곶","2172","2101","20220419",""
"20220416","수인선","달월","72","69","20220419",""
"20220416","수인선","사리","3738","3143","20220419",""
"20220416","수인선","야목","296","242","20220419",""
"20220416","수인선","어천","822","699","20220419",""
"20220416","수인선","오목천","2329","1895","20220419",""
"20220416","수인선","고색","2863","2679","20220419",""
"20220416","분당선","매교","2005","2064","20220419",""
"20220416","분당선","수원시청","10951","12253","20220419",""
"20220416","분당선","매탄권선","3574","3305","20220419",""
"20220416","분당선","망포","9467","8487","20220419",""
"20220416","분당선","영통","6807","6453","20220419",""
"20220416","분당선","청명","2783","2756","20220419",""
"20220416","분당선","상갈","3868","3778","20220419",""
"20220416","분당선","기흥","6745","6424","20220419",""
"20220416","분당선","신갈","2696","2757","20220419",""
"20220416","분당선","구성","3349","3376","20220419",""
"20220416","분당선","죽전","10371","11720","20220419",""
"20220416","분당선","보정","1591","1459","20220419",""
"20220416","분당선","이매","4190","4081","20220419",""
"20220416","분당선","오리","7814","6420","20220419",""
"20220416","분당선","미금","10927","11194","20220419",""
"20220416","분당선","정자","10485","10920","20220419",""
"20220416","분당선","수내","8936","8236","20220419",""
"20220416","분당선","서현","18960","19017","20220419",""
"20220416","분당선","야탑","17840","18738","20220419",""
"20220416","분당선","모란","16276","16682","20220419",""
"20220416","분당선","태평","11065","10353","20220419",""
"20220416","분당선","가천대","5415","5958","20220419",""
"20220416","분당선","선정릉","3520","3633","20220419",""
"20220416","분당선","강남구청","5736","6960","20220419",""
"20220416","분당선","압구정로데오","18726","21999","20220419",""
"20220416","분당선","서울숲","13925","15990","20220419",""
"20220416","분당선","수원","7786","6451","20220419",""
"20220416","분당선","수서","10395","10755","20220419",""
"20220416","분당선","대모산입구","2855","2602","20220419",""
"20220416","분당선","개포동","2721","2735","20220419",""
"20220416","분당선","구룡","1365","1267","20220419",""
"20220416","분당선","도곡","4615","4160","20220419",""
"20220416","분당선","한티","11504","11108","20220419",""
"20220416","분당선","선릉","4985","7784","20220419",""
"20220416","과천선","범계","21361","20983","20220419",""
"20220416","과천선","평촌","9651","9334","20220419",""
"20220416","과천선","인덕원","18027","17737","20220419",""
"20220416","과천선","정부과천청사","6712","6603","20220419",""
"20220416","과천선","과천","5134","4661","20220419",""
"20220416","과천선","대공원","13610","14199","20220419",""
"20220416","과천선","경마공원","11307","11388","20220419",""
"20220416","과천선","선바위","6048","5304","20220419",""
"20220416","공항철도 1호선","영종","3222","3202","20220419",""
"20220416","공항철도 1호선","인천공항2터미널","2451","2193","20220419",""
"20220416","공항철도 1호선","인천공항1터미널","4702","4476","20220419",""
"20220416","공항철도 1호선","공항화물청사","1387","1336","20220419",""
"20220416","공항철도 1호선","운서","6776","6909","20220419",""
"20220416","공항철도 1호선","청라국제도시","4563","4257","20220419",""
"20220416","공항철도 1호선","검암","4800","4905","20220419",""
"20220416","공항철도 1호선","계양","7572","6913","20220419",""
"20220416","공항철도 1호선","김포공항","11275","6017","20220419",""
"20220416","공항철도 1호선","마곡나루(서울식물원)","3552","4042","20220419",""
"20220416","공항철도 1호선","디지털미디어시티","5671","5289","20220419",""
"20220416","공항철도 1호선","홍대입구","11819","11948","20220419",""
"20220416","공항철도 1호선","공덕","1507","2423","20220419",""
"20220416","공항철도 1호선","서울역","7717","8156","20220419",""
"20220416","경춘선","춘천","2388","1980","20220419",""
"20220416","경춘선","남춘천","2812","3187","20220419",""
"20220416","경춘선","김유정","561","720","20220419",""
"20220416","경춘선","강촌","882","872","20220419",""
"20220416","경춘선","백양리","178","179","20220419",""
"20220416","경춘선","굴봉산","293","349","20220419",""
"20220416","경춘선","가평","2243","2421","20220419",""
"20220416","경춘선","상천","695","597","20220419",""
"20220416","경춘선","청평","2051","2172","20220419",""
"20220416","경춘선","대성리","1186","1306","20220419",""
"20220416","경춘선","마석","3528","3486","20220419",""
"20220416","경춘선","천마산","1491","1479","20220419",""
"20220416","경춘선","평내호평","4799","4728","20220419",""
"20220416","경춘선","금곡","1278","1148","20220419",""
"20220416","경춘선","사릉","1895","1841","20220419",""
"20220416","경춘선","퇴계원","2719","2457","20220419",""
"20220416","경춘선","별내","2375","2173","20220419",""
"20220416","경춘선","갈매","2081","1817","20220419",""
"20220416","경춘선","신내","1343","1280","20220419",""
"20220416","경인선","도화","3340","3173","20220419",""
"20220416","경인선","중동","6681","6323","20220419",""
"20220416","경인선","온수(성공회대입구)","5081","4724","20220419",""
"20220416","경인선","도원","1893","1934","20220419",""
"20220416","경인선","간석","4517","3949","20220419",""
"20220416","경인선","부개","6527","6687","20220419",""
"20220416","경인선","소사","7786","7675","20220419",""
"20220416","경인선","구일","4741","4439","20220419",""
"20220416","경인선","인천","6039","5202","20220419",""
"20220416","경인선","동인천","12546","12574","20220419",""
"20220416","경인선","제물포","7564","7277","20220419",""
"20220416","경인선","주안","16200","14238","20220419",""
"20220416","경인선","동암","12420","12994","20220419",""
"20220416","경인선","백운","5555","5663","20220419",""
"20220416","경인선","부평","29302","32422","20220419",""
"20220416","경인선","송내","18859","18559","20220419",""
"20220416","경인선","부천","29049","29843","20220419",""
"20220416","경인선","역곡","20555","20117","20220419",""
"20220416","경인선","오류동","8995","8225","20220419",""
"20220416","경인선","개봉","16148","15781","20220419",""
"20220416","경의선","김포공항","2","0","20220419",""
"20220416","경의선","임진강","117","100","20220419",""
"20220416","경의선","문산","4869","4759","20220419",""
"20220416","경의선","파주","1012","750","20220419",""
"20220416","경의선","금촌","6168","5955","20220419",""
"20220416","경의선","금릉","4120","3844","20220419",""
"20220416","경의선","운정","5219","4895","20220419",""
"20220416","경의선","야당","6413","6399","20220419",""
"20220416","경의선","탄현","5458","5170","20220419",""
"20220416","경의선","일산","6455","6097","20220419",""
"20220416","경의선","풍산","4418","4225","20220419",""
"20220416","경의선","백마","4482","4197","20220419",""
"20220416","경의선","곡산","503","512","20220419",""
"20220416","경의선","능곡","3012","2967","20220419",""
"20220416","경의선","행신","5365","5481","20220419",""
"20220416","경의선","강매","2189","1933","20220419",""
"20220416","경의선","화전","1179","1118","20220419",""
"20220416","경의선","수색","1472","1416","20220419",""
"20220416","경의선","디지털미디어시티","2021","1797","20220419",""
"20220416","경의선","가좌","3958","3678","20220419",""
"20220416","경의선","홍대입구","1982","2455","20220419",""
"20220416","경의선","서강대","1736","1681","20220419",""
"20220416","경의선","공덕","2652","2041","20220419",""
"20220416","경의선","효창공원앞","1809","1921","20220419",""
"20220416","경의선","신촌","314","360","20220419",""
"20220416","경의선","서울역","1342","1480","20220419",""
"20220416","경원선","소요산","4802","4156","20220419",""
"20220416","경원선","동두천","1750","2360","20220419",""
"20220416","경원선","보산","2541","2423","20220419",""
"20220416","경원선","동두천중앙","2696","2642","20220419",""
"20220416","경원선","지행","6135","6040","20220419",""
"20220416","경원선","덕정","4870","4409","20220419",""
"20220416","경원선","양주","6886","6438","20220419",""
"20220416","경원선","녹양","3661","3593","20220419",""
"20220416","경원선","가능","5302","5007","20220419",""
"20220416","경원선","의정부","18768","19486","20220419",""
"20220416","경원선","회룡","10296","10215","20220419",""
"20220416","경원선","망월사","5909","6192","20220419",""
"20220416","경원선","도봉산","10371","7220","20220419",""
"20220416","경원선","도봉","4464","4208","20220419",""
"20220416","경원선","방학","7796","7462","20220419",""
"20220416","경원선","녹천","3365","2872","20220419",""
"20220416","경원선","월계","4704","4228","20220419",""
"20220416","경원선","광운대","5724","5878","20220419",""
"20220416","경원선","석계","7070","7234","20220419",""
"20220416","경원선","신이문","6262","5642","20220419",""
"20220416","경원선","외대앞","6157","5658","20220419",""
"20220416","경원선","청량리(서울시립대입구)","15712","17234","20220419",""
"20220416","경원선","왕십리(성동구청)","12124","14010","20220419",""
"20220416","경원선","응봉","1731","1584","20220419",""
"20220416","경원선","옥수","37","32","20220419",""
"20220416","경원선","한남","2871","2661","20220419",""
"20220416","경원선","서빙고","1662","1734","20220419",""
"20220416","경원선","이촌(국립중앙박물관)","3272","2292","20220419",""
"20220416","경부선","광명","2839","2447","20220419",""
"20220416","경부선","서동탄","977","1007","20220419",""
"20220416","경부선","당정","4241","3882","20220419",""
"20220416","경부선","천안","6196","6497","20220419",""
"20220416","경부선","두정","5388","5352","20220419",""
"20220416","경부선","직산","730","689","20220419",""
"20220416","경부선","성환","3291","3053","20220419",""
"20220416","경부선","평택","13856","13289","20220419",""
"20220416","경부선","평택지제","3366","3041","20220419",""
"20220416","경부선","서정리","7214","5808","20220419",""
"20220416","경부선","송탄","5235","4531","20220419",""
"20220416","경부선","진위","1134","961","20220419",""
"20220416","경부선","오산","9611","8753","20220419",""
"20220416","경부선","오산대","3176","2830","20220419",""
"20220416","경부선","세마","2265","2009","20220419",""
"20220416","경부선","병점","12494","12329","20220419",""
"20220416","경부선","세류","2618","2571","20220419",""
"20220416","경부선","독산","9036","8805","20220419",""
"20220416","경부선","수원","37890","41985","20220419",""
"20220416","경부선","화서","5708","5600","20220419",""
"20220416","경부선","성균관대","11227","10788","20220419",""
"20220416","경부선","의왕","6505","6078","20220419",""
"20220416","경부선","군포","4559","4039","20220419",""
"20220416","경부선","금정","19663","19733","20220419",""
"20220416","경부선","명학","5099","4731","20220419",""
"20220416","경부선","안양","18409","18171","20220419",""
"20220416","경부선","관악","6286","5759","20220419",""
"20220416","경부선","석수","7182","6920","20220419",""
"20220416","경부선","금천구청","8533","8434","20220419",""
"20220416","경부선","가산디지털단지","6533","8515","20220419",""
"20220416","경부선","구로","12827","13226","20220419",""
"20220416","경부선","신길","6135","5171","20220419",""
"20220416","경부선","신도림","3003","3124","20220419",""
"20220416","경부선","영등포","39741","41321","20220419",""
"20220416","경부선","대방","8514","8293","20220419",""
"20220416","경부선","노량진","8470","7857","20220419",""
"20220416","경부선","용산","33853","36306","20220419",""
"20220416","경부선","남영","5832","5976","20220419",""
"20220416","경부선","서울역","6718","1963","20220419",""
"20220416","경강선","여주","2547","2799","20220419",""
"20220416","경강선","세종대왕릉","394","419","20220419",""
"20220416","경강선","부발","2079","1776","20220419",""
"20220416","경강선","이천","2848","2858","20220419",""
"20220416","경강선","신둔도예촌","1278","1193","20220419",""
"20220416","경강선","곤지암","2008","2155","20220419",""
"20220416","경강선","초월","2278","2062","20220419",""
"20220416","경강선","경기광주","5645","5158","20220419",""
"20220416","경강선","삼동","1543","1446","20220419",""
"20220416","경강선","이매","903","736","20220419",""
"20220416","경강선","판교","3141","3003","20220419",""
"20220416","9호선2~3단계","중앙보훈병원","4729","4453","20220419",""
"20220416","9호선2~3단계","둔촌오륜","1265","1310","20220419",""
"20220416","9호선2~3단계","올림픽공원(한국체대)","6917","7191","20220419",""
"20220416","9호선2~3단계","한성백제","2160","1775","20220419",""
"20220416","9호선2~3단계","송파나루","4563","4599","20220419",""
"20220416","9호선2~3단계","석촌","7196","6205","20220419",""
"20220416","9호선2~3단계","석촌고분","4381","4082","20220419",""
"20220416","9호선2~3단계","삼전","4970","4628","20220419",""
"20220416","9호선2~3단계","종합운동장","3288","2911","20220419",""
"20220416","9호선2~3단계","봉은사","10773","11417","20220419",""
"20220416","9호선2~3단계","삼성중앙","3107","3159","20220419",""
"20220416","9호선2~3단계","선정릉","4755","5421","20220419",""
"20220416","9호선2~3단계","언주","6021","6033","20220419",""
"20220416","9호선","신논현","25405","25483","20220419",""
"20220416","9호선","사평","2203","2027","20220419",""
"20220416","9호선","고속터미널","13897","18946","20220419",""
"20220416","9호선","신반포","3008","2967","20220419",""
"20220416","9호선","구반포","1337","1415","20220419",""
"20220416","9호선","동작(현충원)","1886","1701","20220419",""
"20220416","9호선","흑석(중앙대입구)","5713","5528","20220419",""
"20220416","9호선","노들","3502","2952","20220419",""
"20220416","9호선","노량진","21567","20420","20220419",""
"20220416","9호선","샛강","2917","2823","20220419",""
"20220416","9호선","여의도","14704","13901","20220419",""
"20220416","9호선","국회의사당","8336","8391","20220419",""
"20220416","9호선","당산","13399","12165","20220419",""
"20220416","9호선","선유도","4447","4263","20220419",""
"20220416","9호선","신목동","2528","2072","20220419",""
"20220416","9호선","염창","12233","11145","20220419",""
"20220416","9호선","등촌","7293","6936","20220419",""
"20220416","9호선","증미","4155","3831","20220419",""
"20220416","9호선","가양","14267","13156","20220419",""
"20220416","9호선","양천향교","5997","5627","20220419",""
"20220416","9호선","마곡나루(서울식물원)","8861","8437","20220419",""
"20220416","9호선","신방화","4635","4402","20220419",""
"20220416","9호선","공항시장","2342","2378","20220419",""
"20220416","9호선","김포공항","7894","12467","20220419",""
"20220416","9호선","개화","1557","1319","20220419",""
"20220416","8호선","남위례","3486","3560","20220419",""
"20220416","8호선","모란","3802","3347","20220419",""
"20220416","8호선","수진","4255","3718","20220419",""
"20220416","8호선","신흥","3511","3720","20220419",""
"20220416","8호선","단대오거리","7698","6988","20220419",""
"20220416","8호선","남한산성입구(성남법원.검찰청)","9439","8369","20220419",""
"20220416","8호선","산성","4278","4252","20220419",""
"20220416","8호선","복정","6409","5353","20220419",""
"20220416","8호선","장지","11996","11012","20220419",""
"20220416","8호선","문정","8798","8770","20220419",""
"20220416","8호선","가락시장","5527","5863","20220419",""
"20220416","8호선","송파","5602","5422","20220419",""
"20220416","8호선","석촌","6079","7822","20220419",""
"20220416","8호선","잠실(송파구청)","13818","16025","20220419",""
"20220416","8호선","몽촌토성(평화의문)","5005","4951","20220419",""
"20220416","8호선","강동구청","6181","6009","20220419",""
"20220416","8호선","천호(풍납토성)","12039","14146","20220419",""
"20220416","8호선","암사","12531","11391","20220419",""
"20220416","7호선","온수(성공회대입구)","5753","5618","20220419",""
"20220416","7호선","천왕","6929","6421","20220419",""
"20220416","7호선","광명사거리","17142","16847","20220419",""
"20220416","7호선","철산","15093","15306","20220419",""
"20220416","7호선","가산디지털단지","14930","13438","20220419",""
"20220416","7호선","남구로","8170","8460","20220419",""
"20220416","7호선","대림(구로구청)","7009","7449","20220419",""
"20220416","7호선","신풍","8213","7643","20220419",""
"20220416","7호선","보라매","6737","6491","20220419",""
"20220416","7호선","신대방삼거리","11801","10914","20220419",""
"20220416","7호선","장승배기","6353","6033","20220419",""
"20220416","7호선","상도","7623","7038","20220419",""
"20220416","7호선","숭실대입구(살피재)","9032","8706","20220419",""
"20220416","7호선","남성","7832","7058","20220419",""
"20220416","7호선","이수","12050","11336","20220419",""
"20220416","7호선","내방","7537","7510","20220419",""
"20220416","7호선","고속터미널","13836","11085","20220419",""
"20220416","7호선","반포","4574","4353","20220419",""
"20220416","7호선","논현","11096","12048","20220419",""
"20220416","7호선","학동","10359","10913","20220419",""
"20220416","7호선","강남구청","10192","11400","20220419",""
"20220416","7호선","청담","11326","12308","20220419",""
"20220416","7호선","뚝섬유원지","14480","14758","20220419",""
"20220416","7호선","건대입구","11045","11692","20220419",""
"20220416","7호선","어린이대공원(세종대)","13538","13947","20220419",""
"20220416","7호선","군자(능동)","11056","8394","20220419",""
"20220416","7호선","중곡","7043","6487","20220419",""
"20220416","7호선","용마산(용마폭포공원)","4539","4707","20220419",""
"20220416","7호선","사가정","12380","11810","20220419",""
"20220416","7호선","면목","11274","10630","20220419",""
"20220416","7호선","상봉(시외버스터미널)","13448","12776","20220419",""
"20220416","7호선","중화","7844","7345","20220419",""
"20220416","7호선","먹골","7723","7302","20220419",""
"20220416","7호선","태릉입구","6782","6287","20220419",""
"20220416","7호선","공릉(서울과학기술대)","9714","9322","20220419",""
"20220416","7호선","하계","13057","11763","20220419",""
"20220416","7호선","중계","9627","8353","20220419",""
"20220416","7호선","노원","15835","16211","20220419",""
"20220416","7호선","마들","8932","8271","20220419",""
"20220416","7호선","수락산","10562","10244","20220419",""
"20220416","7호선","도봉산","7137","10098","20220419",""
"20220416","7호선","장암","1697","1351","20220419",""
"20220416","6호선","봉화산(서울의료원)","5460","5219","20220419",""
"20220416","6호선","화랑대(서울여대입구)","7165","5919","20220419",""
"20220416","6호선","태릉입구","4353","4529","20220419",""
"20220416","6호선","석계","8950","8860","20220419",""
"20220416","6호선","돌곶이","6184","5708","20220419",""
"20220416","6호선","상월곡(한국과학기술연구원)","4183","3686","20220419",""
"20220416","6호선","월곡(동덕여대)","7871","7712","20220419",""
"20220416","6호선","고려대(종암)","5433","5232","20220419",""
"20220416","6호선","안암(고대병원앞)","6711","6439","20220419",""
"20220416","6호선","보문","5238","4761","20220419",""
"20220416","6호선","창신","2107","1778","20220419",""
"20220416","6호선","동묘앞","7737","7610","20220419",""
"20220416","6호선","신당","6251","5612","20220419",""
"20220416","6호선","청구","2462","2470","20220419",""
"20220416","6호선","약수","2613","2645","20220419",""
"20220416","6호선","버티고개","1418","1507","20220419",""
"20220416","6호선","한강진","8262","10745","20220419",""
"20220416","6호선","이태원","15121","17537","20220419",""
"20220416","6호선","녹사평(용산구청)","5928","6319","20220419",""
"20220416","6호선","삼각지","6184","4704","20220419",""
"20220416","6호선","효창공원앞","4750","4226","20220419",""
"20220416","6호선","공덕","10240","9665","20220419",""
"20220416","6호선","대흥(서강대앞)","5715","5706","20220419",""
"20220416","6호선","광흥창(서강)","5400","4863","20220419",""
"20220416","6호선","상수","8367","10622","20220419",""
"20220416","6호선","합정","12887","12105","20220419",""
"20220416","6호선","망원","13375","14883","20220419",""
"20220416","6호선","마포구청","9447","8165","20220419",""
"20220416","6호선","월드컵경기장(성산)","4859","5044","20220419",""
"20220416","6호선","디지털미디어시티","7424","7475","20220419",""
"20220416","6호선","증산(명지대앞)","7541","7391","20220419",""
"20220416","6호선","새절(신사)","8855","8222","20220419",""
"20220416","6호선","구산","5395","3996","20220419",""
"20220416","6호선","독바위","2045","2452","20220419",""
"20220416","6호선","불광","3979","3649","20220419",""
"20220416","6호선","역촌","2684","2858","20220419",""
"20220416","6호선","응암","12994","12610","20220419",""
"20220416","5호선","하남검단산","5495","5372","20220419",""
"20220416","5호선","하남시청(덕풍·신장)","5742","5413","20220419",""
"20220416","5호선","하남풍산","2879","2843","20220419",""
"20220416","5호선","미사","12351","12293","20220419",""
"20220416","5호선","강일","2987","2703","20220419",""
"20220416","5호선","마천","4907","5009","20220419",""
"20220416","5호선","거여","6368","6026","20220419",""
"20220416","5호선","개롱","4309","4324","20220419",""
"20220416","5호선","오금","2017","1935","20220419",""
"20220416","5호선","방이","5313","5084","20220419",""
"20220416","5호선","올림픽공원(한국체대)","3567","3263","20220419",""
"20220416","5호선","둔촌동","6378","6238","20220419",""
"20220416","5호선","상일동","9579","8752","20220419",""
"20220416","5호선","고덕","6455","6193","20220419",""
"20220416","5호선","명일","6179","6087","20220419",""
"20220416","5호선","굽은다리(강동구민회관앞)","7167","6619","20220419",""
"20220416","5호선","길동","5887","6093","20220419",""
"20220416","5호선","강동","13330","12496","20220419",""
"20220416","5호선","천호(풍납토성)","16973","16380","20220419",""
"20220416","5호선","광나루(장신대)","10264","9602","20220419",""
"20220416","5호선","아차산(어린이대공원후문)","14656","14302","20220419",""
"20220416","5호선","군자(능동)","8529","9265","20220419",""
"20220416","5호선","장한평","11271","10820","20220419",""
"20220416","5호선","답십리","10253","9273","20220419",""
"20220416","5호선","마장","3939","3755","20220419",""
"20220416","5호선","왕십리(성동구청)","3514","4253","20220419",""
"20220416","5호선","행당","5575","4830","20220419",""
"20220416","5호선","신금호","4233","4291","20220419",""
"20220416","5호선","청구","2664","2344","20220419",""
"20220416","5호선","동대문역사문화공원(DDP)","954","1361","20220419",""
"20220416","5호선","을지로4가","3445","3916","20220419",""
"20220416","5호선","종로3가","13032","13449","20220419",""
"20220416","5호선","광화문(세종문화회관)","15283","15729","20220419",""
"20220416","5호선","서대문","7512","7127","20220419",""
"20220416","5호선","충정로(경기대입구)","2052","1834","20220419",""
"20220416","5호선","애오개","3585","3561","20220419",""
"20220416","5호선","공덕","7207","7405","20220419",""
"20220416","5호선","마포","7873","7831","20220419",""
"20220416","5호선","여의나루","21772","24778","20220419",""
"20220416","5호선","여의도","13913","14679","20220419",""
"20220416","5호선","신길","2791","2885","20220419",""
"20220416","5호선","영등포시장","8087","8624","20220419",""
"20220416","5호선","영등포구청","2044","1927","20220419",""
"20220416","5호선","양평","3847","3513","20220419",""
"20220416","5호선","오목교(목동운동장앞)","17146","17515","20220419",""
"20220416","5호선","목동","11239","11271","20220419",""
"20220416","5호선","신정(은행정)","9064","7656","20220419",""
"20220416","5호선","까치산","21753","20284","20220419",""
"20220416","5호선","화곡","20703","18748","20220419",""
"20220416","5호선","우장산","9960","9703","20220419",""
"20220416","5호선","발산","13443","14685","20220419",""
"20220416","5호선","마곡","5531","5738","20220419",""
"20220416","5호선","송정","5137","4819","20220419",""
"20220416","5호선","김포공항","7427","7557","20220419",""
"20220416","5호선","개화산","3918","3916","20220419",""
"20220416","5호선","방화","4729","4392","20220419",""
"20220416","4호선","남태령","1076","655","20220419",""
"20220416","4호선","사당","22796","18998","20220419",""
"20220416","4호선","총신대입구(이수)","14683","15983","20220419",""
"20220416","4호선","동작(현충원)","1809","2021","20220419",""
"20220416","4호선","이촌(국립중앙박물관)","6792","7626","20220419",""
"20220416","4호선","신용산","10536","11438","20220419",""
"20220416","4호선","삼각지","3756","5096","20220419",""
"20220416","4호선","숙대입구(갈월)","9608","9383","20220419",""
"20220416","4호선","서울역","5917","13888","20220419",""
"20220416","4호선","회현(남대문시장)","19015","21026","20220419",""
"20220416","4호선","명동","15237","17491","20220419",""
"20220416","4호선","충무로","14194","15320","20220419",""
"20220416","4호선","동대문역사문화공원(DDP)","11104","9924","20220419",""
"20220416","4호선","동대문","13671","13998","20220419",""
"20220416","4호선","혜화","27077","27855","20220419",""
"20220416","4호선","한성대입구(삼선교)","11002","10560","20220419",""
"20220416","4호선","성신여대입구(돈암)","16494","15516","20220419",""
"20220416","4호선","길음","14750","13746","20220419",""
"20220416","4호선","미아사거리","22187","20995","20220419",""
"20220416","4호선","미아(서울사이버대학)","10715","10158","20220419",""
"20220416","4호선","수유(강북구청)","27136","26346","20220419",""
"20220416","4호선","쌍문","22170","19543","20220419",""
"20220416","4호선","창동","20134","20262","20220419",""
"20220416","4호선","노원","16153","17898","20220419",""
"20220416","4호선","상계","14794","13659","20220419",""
"20220416","4호선","당고개","7480","7036","20220419",""
"20220416","3호선","오금","3725","3554","20220419",""
"20220416","3호선","경찰병원","3982","3919","20220419",""
"20220416","3호선","가락시장","6255","6033","20220419",""
"20220416","3호선","수서","13398","13449","20220419",""
"20220416","3호선","일원","4743","4703","20220419",""
"20220416","3호선","대청","5940","5442","20220419",""
"20220416","3호선","학여울","1960","2086","20220419",""
"20220416","3호선","대치","8252","7742","20220419",""
"20220416","3호선","도곡","3420","3419","20220419",""
"20220416","3호선","매봉","6448","6176","20220419",""
"20220416","3호선","양재(서초구청)","20918","22619","20220419",""
"20220416","3호선","남부터미널(예술의전당)","19779","19561","20220419",""
"20220416","3호선","교대(법원.검찰청)","7041","4122","20220419",""
"20220416","3호선","고속터미널","49558","49422","20220419",""
"20220416","3호선","잠원","3811","3679","20220419",""
"20220416","3호선","신사","25137","26887","20220419",""
"20220416","3호선","압구정","24456","25917","20220419",""
"20220416","3호선","옥수","7059","7233","20220419",""
"20220416","3호선","금호","5996","5283","20220419",""
"20220416","3호선","약수","9356","8996","20220419",""
"20220416","3호선","동대입구","7658","8748","20220419",""
"20220416","3호선","충무로","2","0","20220419",""
"20220416","3호선","을지로3가","5379","5821","20220419",""
"20220416","3호선","종로3가","6165","8282","20220419",""
"20220416","3호선","안국","17445","20007","20220419",""
"20220416","3호선","경복궁(정부서울청사)","19059","20339","20220419",""
"20220416","3호선","독립문","6441","7385","20220419",""
"20220416","3호선","무악재","2751","2946","20220419",""
"20220416","3호선","홍제","13584","12624","20220419",""
"20220416","3호선","녹번","10491","8876","20220419",""
"20220416","3호선","불광","13257","14795","20220419",""
"20220416","3호선","연신내","29852","28003","20220419",""
"20220416","3호선","구파발","15514","15736","20220419",""
"20220416","3호선","지축","3576","3192","20220419",""
"20220416","2호선","용두(동대문구청)","1736","1696","20220419",""
"20220416","2호선","신정네거리","7961","7758","20220419",""
"20220416","2호선","양천구청","5164","4988","20220419",""
"20220416","2호선","도림천","869","879","20220419",""
"20220416","2호선","신설동","3557","1827","20220419",""
"20220416","2호선","신답","1078","1114","20220419",""
"20220416","2호선","용답","2186","2024","20220419",""
"20220416","2호선","충정로(경기대입구)","5576","6058","20220419",""
"20220416","2호선","아현","7445","6845","20220419",""
"20220416","2호선","이대","10195","10373","20220419",""
"20220416","2호선","신촌","28520","28462","20220419",""
"20220416","2호선","홍대입구","61990","68143","20220419",""
"20220416","2호선","합정","28556","31965","20220419",""
"20220416","2호선","당산","13272","14297","20220419",""
"20220416","2호선","영등포구청","12609","13231","20220419",""
"20220416","2호선","문래","13042","13871","20220419",""
"20220416","2호선","신도림","40366","40819","20220419",""
"20220416","2호선","대림(구로구청)","17854","18908","20220419",""
"20220416","2호선","구로디지털단지","33675","32986","20220419",""
"20220416","2호선","신대방","20929","19691","20220419",""
"20220416","2호선","신림","51216","48522","20220419",""
"20220416","2호선","봉천","17385","15426","20220419",""
"20220416","2호선","서울대입구(관악구청)","38666","37150","20220419",""
"20220416","2호선","낙성대(강감찬)","21597","19804","20220419",""
"20220416","2호선","사당","31354","35447","20220419",""
"20220416","2호선","서초","11032","9182","20220419",""
"20220416","2호선","교대(법원.검찰청)","17027","18943","20220419",""
"20220416","2호선","강남","58294","59470","20220419",""
"20220416","2호선","역삼","17310","19342","20220419",""
"20220416","2호선","선릉","23554","20968","20220419",""
"20220416","2호선","삼성(무역센터)","27995","28070","20220419",""
"20220416","2호선","종합운동장","9521","10001","20220419",""
"20220416","2호선","잠실새내","17083","17692","20220419",""
"20220416","2호선","잠실(송파구청)","73717","70943","20220419",""
"20220416","2호선","잠실나루","7681","7646","20220419",""
"20220416","2호선","강변(동서울터미널)","26400","25916","20220419",""
"20220416","2호선","구의(광진구청)","16502","15783","20220419",""
"20220416","2호선","건대입구","35934","38409","20220419",""
"20220416","2호선","성수","21591","24152","20220419",""
"20220416","2호선","뚝섬","17680","17039","20220419",""
"20220416","2호선","한양대","4929","5100","20220419",""
"20220416","2호선","왕십리(성동구청)","13095","11409","20220419",""
"20220416","2호선","상왕십리","9767","9057","20220419",""
"20220416","2호선","신당","11383","11978","20220419",""
"20220416","2호선","동대문역사문화공원(DDP)","9776","11237","20220419",""
"20220416","2호선","을지로4가","7138","7607","20220419",""
"20220416","2호선","을지로3가","11802","11802","20220419",""
"20220416","2호선","을지로입구","21592","21851","20220419",""
"20220416","2호선","시청","9081","8454","20220419",""
"20220416","1호선","동묘앞","11789","12472","20220419",""
"20220416","1호선","청량리(서울시립대입구)","18146","18068","20220419",""
"20220416","1호선","제기동","15691","16155","20220419",""
"20220416","1호선","신설동","9985","9507","20220419",""
"20220416","1호선","동대문","10631","10524","20220419",""
"20220416","1호선","종로5가","19236","19690","20220419",""
"20220416","1호선","종로3가","23047","21699","20220419",""
"20220416","1호선","종각","18991","17374","20220419",""
"20220416","1호선","시청","11338","12034","20220419",""
"20220416","1호선","서울역","32648","32937","20220419",""
"20220417","경원선","응봉","1350","1285","20220420",""
"20220417","경원선","왕십리(성동구청)","9379","10680","20220420",""
"20220417","경원선","청량리(서울시립대입구)","14023","13051","20220420",""
"20220417","경원선","외대앞","4501","4821","20220420",""
"20220417","경원선","신이문","4784","4393","20220420",""
"20220417","경원선","석계","5154","5591","20220420",""
"20220417","경원선","광운대","4062","4209","20220420",""
"20220417","경원선","월계","3850","3655","20220420",""
"20220417","경원선","녹천","2586","2358","20220420",""
"20220417","경원선","방학","6292","5999","20220420",""
"20220417","경원선","도봉","3665","3496","20220420",""
"20220417","경원선","도봉산","9866","7107","20220420",""
"20220417","경원선","망월사","4813","5011","20220420",""
"20220417","경원선","회룡","7884","7782","20220420",""
"20220417","경원선","의정부","14479","14847","20220420",""
"20220417","경원선","가능","4200","3947","20220420",""
"20220417","경원선","녹양","2964","2834","20220420",""
"20220417","경원선","양주","5463","5423","20220420",""
"20220417","경원선","덕계","1933","1913","20220420",""
"20220417","경원선","덕정","3567","3820","20220420",""
"20220417","경원선","지행","4775","4732","20220420",""
"20220417","경원선","동두천중앙","2418","2221","20220420",""
"20220417","경원선","보산","1647","1614","20220420",""
"20220417","경원선","동두천","1481","1938","20220420",""
"20220417","경원선","소요산","5287","4536","20220420",""
"20220417","경의선","서울역","1147","974","20220420",""
"20220417","경의선","신촌","281","327","20220420",""
"20220417","경의선","효창공원앞","1298","1541","20220420",""
"20220417","경의선","공덕","1858","1454","20220420",""
"20220417","경의선","서강대","1320","1404","20220420",""
"20220417","경의선","홍대입구","1572","1694","20220420",""
"20220417","경의선","가좌","2805","2805","20220420",""
"20220417","경의선","디지털미디어시티","1463","1381","20220420",""
"20220417","경의선","수색","977","1028","20220420",""
"20220417","경의선","화전","941","936","20220420",""
"20220417","경의선","강매","1590","1464","20220420",""
"20220417","경의선","행신","4652","4276","20220420",""
"20220417","경의선","능곡","2342","2324","20220420",""
"20220417","경의선","곡산","377","355","20220420",""
"20220417","경의선","백마","3352","3244","20220420",""
"20220417","경의선","풍산","3614","3329","20220420",""
"20220417","경의선","일산","4784","4534","20220420",""
"20220417","경의선","탄현","4282","4056","20220420",""
"20220417","경의선","야당","4678","4571","20220420",""
"20220417","경의선","운정","3783","3586","20220420",""
"20220417","경의선","금릉","3010","3025","20220420",""
"20220417","경의선","금촌","4305","4619","20220420",""
"20220417","경의선","월롱","1202","2312","20220420",""
"20220417","경의선","파주","722","696","20220420",""
"20220417","경의선","문산","3736","3765","20220420",""
"20220417","경의선","임진강","82","87","20220420",""
"20220417","경인선","개봉","11592","11696","20220420",""
"20220417","경인선","오류동","7134","6642","20220420",""
"20220417","경인선","역곡","14664","14552","20220420",""
"20220417","경인선","부천","22622","22177","20220420",""
"20220417","경인선","송내","13518","13340","20220420",""
"20220417","경인선","부평","22763","23161","20220420",""
"20220417","경인선","백운","4043","4001","20220420",""
"20220417","경인선","동암","9681","9433","20220420",""
"20220417","경인선","주안","11646","10173","20220420",""
"20220417","경인선","제물포","5645","5395","20220420",""
"20220417","경인선","동인천","10196","9598","20220420",""
"20220417","경인선","인천","5075","4292","20220420",""
"20220417","경인선","구일","3780","3701","20220420",""
"20220417","경인선","소사","5824","5572","20220420",""
"20220417","경인선","부개","4912","4481","20220420",""
"20220417","경인선","간석","3311","2921","20220420",""
"20220417","경인선","도원","1551","1591","20220420",""
"20220417","경인선","온수(성공회대입구)","3838","3603","20220420",""
"20220417","경인선","중동","4948","4752","20220420",""
"20220417","경인선","도화","2490","2334","20220420",""
"20220417","경춘선","신내","1028","993","20220420",""
"20220417","경춘선","갈매","1552","1384","20220420",""
"20220417","경춘선","별내","1936","1722","20220420",""
"20220417","경춘선","퇴계원","2195","2001","20220420",""
"20220417","경춘선","사릉","1505","1477","20220420",""
"20220417","경춘선","금곡","989","959","20220420",""
"20220417","경춘선","평내호평","3661","3583","20220420",""
"20220417","경춘선","천마산","1248","1269","20220420",""
"20220417","경춘선","마석","2902","2819","20220420",""
"20220417","경춘선","대성리","1029","817","20220420",""
"20220417","경춘선","청평","2049","1621","20220420",""
"20220417","3호선","양재(서초구청)","13943","15967","20220420",""
"20220417","3호선","매봉","4215","4245","20220420",""
"20220417","3호선","도곡","2124","2244","20220420",""
"20220417","3호선","대치","5010","4591","20220420",""
"20220417","3호선","학여울","877","866","20220420",""
"20220417","3호선","대청","4174","4064","20220420",""
"20220417","3호선","일원","3373","3620","20220420",""
"20220417","3호선","수서","10319","10252","20220420",""
"20220417","3호선","가락시장","3825","4002","20220420",""
"20220417","3호선","경찰병원","2891","2905","20220420",""
"20220417","3호선","오금","2781","2747","20220420",""
"20220417","4호선","당고개","5789","5592","20220420",""
"20220417","4호선","상계","10943","10316","20220420",""
"20220417","4호선","노원","11717","12849","20220420",""
"20220417","4호선","창동","15236","15487","20220420",""
"20220417","4호선","쌍문","16177","14406","20220420",""
"20220417","4호선","수유(강북구청)","20279","19410","20220420",""
"20220417","4호선","미아(서울사이버대학)","8350","7751","20220420",""
"20220417","경춘선","상천","696","581","20220420",""
"20220417","경춘선","가평","2078","1728","20220420",""
"20220417","경춘선","굴봉산","350","303","20220420",""
"20220417","경춘선","백양리","179","128","20220420",""
"20220417","경춘선","강촌","937","767","20220420",""
"20220417","경춘선","김유정","533","539","20220420",""
"20220417","경춘선","남춘천","3290","3516","20220420",""
"20220417","경춘선","춘천","2116","1670","20220420",""
"20220417","공항철도 1호선","서울역","8054","7105","20220420",""
"20220417","공항철도 1호선","공덕","1218","1699","20220420",""
"20220417","공항철도 1호선","홍대입구","9643","8760","20220420",""
"20220417","공항철도 1호선","디지털미디어시티","3860","3891","20220420",""
"20220417","공항철도 1호선","마곡나루(서울식물원)","2597","2887","20220420",""
"20220417","공항철도 1호선","김포공항","11936","6042","20220420",""
"20220417","공항철도 1호선","계양","5439","5317","20220420",""
"20220417","공항철도 1호선","검암","3725","3866","20220420",""
"20220417","공항철도 1호선","청라국제도시","3295","3182","20220420",""
"20220417","공항철도 1호선","운서","5547","5953","20220420",""
"20220417","공항철도 1호선","공항화물청사","1042","1075","20220420",""
"20220417","공항철도 1호선","인천공항1터미널","4521","4344","20220420",""
"20220417","공항철도 1호선","인천공항2터미널","2177","2103","20220420",""
"20220417","공항철도 1호선","영종","2617","2509","20220420",""
"20220417","5호선","길동","4132","4201","20220420",""
"20220417","4호선","미아사거리","16679","15865","20220420",""
"20220417","5호선","굽은다리(강동구민회관앞)","5394","4985","20220420",""
"20220417","5호선","명일","5119","5179","20220420",""
"20220417","5호선","고덕","4286","4317","20220420",""
"20220417","5호선","상일동","6490","6288","20220420",""
"20220417","5호선","둔촌동","4492","4555","20220420",""
"20220417","5호선","올림픽공원(한국체대)","2563","2303","20220420",""
"20220417","5호선","방이","4149","3906","20220420",""
"20220417","5호선","오금","1608","1455","20220420",""
"20220417","5호선","개롱","2975","3394","20220420",""
"20220417","5호선","거여","4674","4532","20220420",""
"20220417","5호선","마천","3686","3926","20220420",""
"20220417","5호선","강일","2220","2114","20220420",""
"20220417","5호선","미사","9031","8969","20220420",""
"20220417","5호선","하남풍산","2076","2121","20220420",""
"20220417","5호선","하남시청(덕풍·신장)","4130","3840","20220420",""
"20220417","5호선","하남검단산","4678","4622","20220420",""
"20220417","6호선","응암","9633","9567","20220420",""
"20220417","6호선","역촌","1918","2309","20220420",""
"20220417","6호선","불광","2840","2683","20220420",""
"20220417","6호선","독바위","1586","1935","20220420",""
"20220417","6호선","구산","3944","2915","20220420",""
"20220417","6호선","새절(신사)","6406","6288","20220420",""
"20220417","6호선","증산(명지대앞)","5621","5674","20220420",""
"20220417","6호선","디지털미디어시티","5496","5602","20220420",""
"20220417","6호선","월드컵경기장(성산)","4099","4219","20220420",""
"20220417","6호선","마포구청","6927","6380","20220420",""
"20220417","6호선","망원","9943","10622","20220420",""
"20220417","6호선","합정","9458","8791","20220420",""
"20220417","6호선","상수","5930","7122","20220420",""
"20220417","6호선","광흥창(서강)","4159","3939","20220420",""
"20220417","6호선","대흥(서강대앞)","3867","4001","20220420",""
"20220417","6호선","공덕","7111","6557","20220420",""
"20220417","6호선","효창공원앞","3569","3213","20220420",""
"20220417","6호선","삼각지","4368","3313","20220420",""
"20220417","6호선","녹사평(용산구청)","4134","4092","20220420",""
"20220417","6호선","이태원","9936","9897","20220420",""
"20220417","6호선","한강진","6241","7478","20220420",""
"20220417","6호선","버티고개","1058","1157","20220420",""
"20220417","6호선","약수","1743","1738","20220420",""
"20220417","6호선","청구","1761","1636","20220420",""
"20220417","6호선","신당","4487","4896","20220420",""
"20220417","6호선","동묘앞","6574","6299","20220420",""
"20220417","6호선","창신","1653","1487","20220420",""
"20220417","6호선","보문","4233","3990","20220420",""
"20220417","6호선","안암(고대병원앞)","4717","5182","20220420",""
"20220417","6호선","고려대(종암)","4016","4078","20220420",""
"20220417","6호선","월곡(동덕여대)","5430","5331","20220420",""
"20220417","6호선","상월곡(한국과학기술연구원)","3257","3008","20220420",""
"20220417","6호선","돌곶이","5413","4908","20220420",""
"20220417","6호선","석계","6570","6854","20220420",""
"20220417","6호선","태릉입구","3201","3463","20220420",""
"20220417","6호선","화랑대(서울여대입구)","5092","4404","20220420",""
"20220417","6호선","봉화산(서울의료원)","3952","3892","20220420",""
"20220417","6호선","신내","2","0","20220420",""
"20220417","7호선","장암","1464","966","20220420",""
"20220417","7호선","도봉산","5855","8388","20220420",""
"20220417","7호선","수락산","8262","8168","20220420",""
"20220417","7호선","마들","5991","5668","20220420",""
"20220417","7호선","중계","6727","6260","20220420",""
"20220417","7호선","하계","9284","8860","20220420",""
"20220417","7호선","공릉(서울과학기술대)","6559","6861","20220420",""
"20220417","7호선","태릉입구","5048","4628","20220420",""
"20220417","7호선","먹골","5508","5217","20220420",""
"20220417","7호선","중화","5855","5707","20220420",""
"20220417","7호선","상봉(시외버스터미널)","9513","9029","20220420",""
"20220417","7호선","면목","8153","7906","20220420",""
"20220417","7호선","사가정","9193","8843","20220420",""
"20220417","7호선","용마산(용마폭포공원)","3495","3863","20220420",""
"20220417","7호선","중곡","5400","5121","20220420",""
"20220417","7호선","군자(능동)","8200","6126","20220420",""
"20220417","7호선","어린이대공원(세종대)","9335","9768","20220420",""
"20220417","7호선","건대입구","7553","7965","20220420",""
"20220417","7호선","뚝섬유원지","11811","11548","20220420",""
"20220417","7호선","청담","6768","7451","20220420",""
"20220417","7호선","강남구청","5888","6529","20220420",""
"20220417","7호선","학동","6229","6521","20220420",""
"20220417","7호선","논현","5959","6520","20220420",""
"20220417","7호선","반포","2977","2983","20220420",""
"20220417","7호선","고속터미널","12860","8130","20220420",""
"20220417","7호선","내방","5136","5277","20220420",""
"20220417","7호선","이수","8518","8036","20220420",""
"20220417","7호선","남성","5398","5409","20220420",""
"20220417","7호선","숭실대입구(살피재)","6104","6454","20220420",""
"20220417","7호선","상도","5398","5456","20220420",""
"20220417","7호선","장승배기","4526","4587","20220420",""
"20220417","7호선","신대방삼거리","8569","8428","20220420",""
"20220417","7호선","보라매","5270","5234","20220420",""
"20220417","7호선","신풍","6216","5915","20220420",""
"20220417","7호선","대림(구로구청)","6804","6521","20220420",""
"20220417","7호선","남구로","6597","6404","20220420",""
"20220417","7호선","가산디지털단지","10755","9905","20220420",""
"20220417","7호선","철산","10398","10265","20220420",""
"20220417","7호선","광명사거리","12837","12642","20220420",""
"20220417","7호선","천왕","4992","4827","20220420",""
"20220417","7호선","온수(성공회대입구)","4058","4149","20220420",""
"20220417","8호선","암사","8971","8410","20220420",""
"20220417","8호선","천호(풍납토성)","8793","9767","20220420",""
"20220417","8호선","강동구청","4420","4551","20220420",""
"20220417","8호선","몽촌토성(평화의문)","3668","3683","20220420",""
"20220417","8호선","잠실(송파구청)","10205","11447","20220420",""
"20220417","8호선","석촌","4182","5399","20220420",""
"20220417","8호선","송파","3877","3988","20220420",""
"20220417","8호선","가락시장","3238","4077","20220420",""
"20220417","8호선","문정","5687","6042","20220420",""
"20220417","8호선","장지","8773","8857","20220420",""
"20220417","8호선","복정","4886","4627","20220420",""
"20220417","8호선","산성","3105","3337","20220420",""
"20220417","8호선","남한산성입구(성남법원.검찰청)","6919","6393","20220420",""
"20220417","8호선","단대오거리","5599","5444","20220420",""
"20220417","8호선","신흥","2564","2694","20220420",""
"20220417","8호선","수진","3053","2717","20220420",""
"20220417","8호선","모란","2680","2270","20220420",""
"20220417","8호선","남위례","2323","2601","20220420",""
"20220417","9호선","개화","1125","1097","20220420",""
"20220417","9호선","김포공항","7420","11566","20220420",""
"20220417","9호선","공항시장","1784","1976","20220420",""
"20220417","9호선","신방화","3480","3394","20220420",""
"20220417","9호선","마곡나루(서울식물원)","5956","5982","20220420",""
"20220417","9호선","양천향교","4167","4341","20220420",""
"20220417","9호선","가양","10308","10343","20220420",""
"20220417","9호선","증미","2974","2924","20220420",""
"20220417","9호선","등촌","5169","5287","20220420",""
"20220417","9호선","염창","8666","8464","20220420",""
"20220417","9호선","신목동","1916","1635","20220420",""
"20220417","9호선","선유도","3121","3151","20220420",""
"20220417","9호선","당산","9296","8869","20220420",""
"20220417","9호선","국회의사당","5448","5042","20220420",""
"20220417","9호선","여의도","10110","9140","20220420",""
"20220417","9호선","샛강","1853","1831","20220420",""
"20220417","9호선","노량진","14928","15648","20220420",""
"20220417","9호선","노들","2826","2436","20220420",""
"20220417","9호선","흑석(중앙대입구)","3835","4109","20220420",""
"20220417","9호선","동작(현충원)","1731","1295","20220420",""
"20220417","9호선","구반포","611","628","20220420",""
"20220417","9호선","신반포","2043","2142","20220420",""
"20220417","9호선","고속터미널","10971","14669","20220420",""
"20220417","9호선","사평","1415","1510","20220420",""
"20220417","9호선","신논현","15234","14458","20220420",""
"20220417","9호선2~3단계","언주","3767","3768","20220420",""
"20220417","9호선2~3단계","선정릉","3077","3397","20220420",""
"20220417","9호선2~3단계","삼성중앙","2010","2197","20220420",""
"20220417","9호선2~3단계","봉은사","7714","7757","20220420",""
"20220417","9호선2~3단계","종합운동장","2295","2066","20220420",""
"20220417","9호선2~3단계","삼전","3676","3515","20220420",""
"20220417","9호선2~3단계","석촌고분","3288","3202","20220420",""
"20220417","9호선2~3단계","석촌","5061","4485","20220420",""
"20220417","9호선2~3단계","송파나루","3157","3243","20220420",""
"20220417","9호선2~3단계","한성백제","1598","1366","20220420",""
"20220417","9호선2~3단계","올림픽공원(한국체대)","4277","4493","20220420",""
"20220417","9호선2~3단계","둔촌오륜","485","531","20220420",""
"20220417","9호선2~3단계","중앙보훈병원","3447","3341","20220420",""
"20220417","경강선","판교","2503","2271","20220420",""
"20220417","경강선","이매","724","559","20220420",""
"20220417","경강선","삼동","1067","971","20220420",""
"20220417","경강선","경기광주","3983","3931","20220420",""
"20220417","경강선","초월","1780","1688","20220420",""
"20220417","경강선","곤지암","1717","1859","20220420",""
"20220417","경강선","신둔도예촌","1010","1000","20220420",""
"20220417","경강선","이천","2144","2368","20220420",""
"20220417","경강선","부발","1551","2242","20220420",""
"20220417","경강선","세종대왕릉","345","304","20220420",""
"20220417","경강선","여주","2238","2278","20220420",""
"20220417","경부선","서울역","7922","1678","20220420",""
"20220417","경부선","남영","4267","4659","20220420",""
"20220417","경부선","용산","31886","28464","20220420",""
"20220417","경부선","노량진","5970","5684","20220420",""
"20220417","경부선","대방","6120","6362","20220420",""
"20220417","경부선","영등포","32436","31105","20220420",""
"20220417","경부선","신도림","2390","2521","20220420",""
"20220417","경부선","신길","4977","4448","20220420",""
"20220417","경부선","구로","9657","9519","20220420",""
"20220417","경부선","가산디지털단지","4868","6711","20220420",""
"20220417","경부선","금천구청","6503","6564","20220420",""
"20220417","경부선","석수","5289","5124","20220420",""
"20220417","경부선","관악","5045","4583","20220420",""
"20220417","경부선","안양","13734","13142","20220420",""
"20220417","경부선","명학","3524","3428","20220420",""
"20220417","경부선","금정","15112","15408","20220420",""
"20220417","경부선","군포","3222","3078","20220420",""
"20220417","경부선","의왕","4435","4619","20220420",""
"20220417","경부선","성균관대","7851","8618","20220420",""
"20220417","4호선","길음","10988","10771","20220420",""
"20220417","4호선","성신여대입구(돈암)","12265","11805","20220420",""
"20220417","4호선","한성대입구(삼선교)","7689","7899","20220420",""
"20220417","5호선","영등포구청","1441","1384","20220420",""
"20220417","5호선","양평","2802","2885","20220420",""
"20220417","5호선","오목교(목동운동장앞)","11196","11590","20220420",""
"20220417","5호선","목동","7787","7939","20220420",""
"20220417","5호선","신정(은행정)","6505","5955","20220420",""
"20220417","5호선","까치산","15895","15474","20220420",""
"20220417","5호선","화곡","14576","13631","20220420",""
"20220417","5호선","우장산","6821","6947","20220420",""
"20220417","5호선","발산","9157","9843","20220420",""
"20220417","5호선","마곡","3703","3838","20220420",""
"20220417","5호선","송정","3872","3776","20220420",""
"20220417","5호선","김포공항","7114","6873","20220420",""
"20220417","5호선","개화산","2796","2960","20220420",""
"20220417","5호선","방화","3633","3569","20220420",""
"20220417","4호선","남태령","847","624","20220420",""
"20220417","4호선","사당","15990","14669","20220420",""
"20220417","4호선","총신대입구(이수)","10282","11357","20220420",""
"20220417","4호선","동작(현충원)","1471","1627","20220420",""
"20220417","4호선","이촌(국립중앙박물관)","5051","5769","20220420",""
"20220417","4호선","신용산","8220","8363","20220420",""
"20220417","4호선","삼각지","2854","3756","20220420",""
"20220417","4호선","숙대입구(갈월)","7679","7286","20220420",""
"20220417","4호선","서울역","4529","10764","20220420",""
"20220417","4호선","회현(남대문시장)","9213","9679","20220420",""
"20220417","4호선","명동","13159","13110","20220420",""
"20220417","4호선","충무로","9523","9679","20220420",""
"20220417","4호선","동대문역사문화공원(DDP)","8822","8068","20220420",""
"20220417","4호선","동대문","7931","8300","20220420",""
"20220417","4호선","혜화","21500","22552","20220420",""
"20220417","중앙선","오빈","277","255","20220420",""
"20220417","중앙선","아신","699","560","20220420",""
"20220417","중앙선","국수","691","637","20220420",""
"20220417","중앙선","신원","388","244","20220420",""
"20220417","중앙선","양수","2077","2009","20220420",""
"20220417","중앙선","운길산","1779","1621","20220420",""
"20220417","중앙선","팔당","1492","1671","20220420",""
"20220417","중앙선","도심","1284","1139","20220420",""
"20220417","2호선","시청","7612","6551","20220420",""
"20220417","과천선","선바위","4352","4014","20220420",""
"20220417","과천선","경마공원","13851","14108","20220420",""
"20220417","과천선","대공원","9833","10118","20220420",""
"20220417","과천선","과천","3829","3729","20220420",""
"20220417","과천선","정부과천청사","4610","4570","20220420",""
"20220417","과천선","인덕원","12946","12850","20220420",""
"20220417","과천선","평촌","6282","6043","20220420",""
"20220417","경부선","화서","4272","4270","20220420",""
"20220417","경부선","수원","34048","33154","20220420",""
"20220417","경부선","독산","6367","6461","20220420",""
"20220417","경부선","세류","2102","2043","20220420",""
"20220417","경부선","병점","9632","10330","20220420",""
"20220417","경부선","세마","1696","1651","20220420",""
"20220417","경부선","오산대","2403","2286","20220420",""
"20220417","경부선","오산","7754","8340","20220420",""
"20220417","경부선","진위","955","935","20220420",""
"20220417","경부선","송탄","3707","4475","20220420",""
"20220417","경부선","서정리","4796","6852","20220420",""
"20220417","경부선","평택지제","2719","2556","20220420",""
"20220417","경부선","평택","11908","12697","20220420",""
"20220417","경부선","성환","2753","3502","20220420",""
"20220417","경부선","직산","629","688","20220420",""
"20220417","경부선","두정","4457","5485","20220420",""
"20220417","경부선","천안","6322","6215","20220420",""
"20220417","과천선","범계","15028","14582","20220420",""
"20220417","분당선","선릉","2933","4498","20220420",""
"20220417","분당선","한티","7329","7351","20220420",""
"20220417","분당선","도곡","2871","2760","20220420",""
"20220417","분당선","구룡","816","858","20220420",""
"20220417","분당선","개포동","1934","1915","20220420",""
"20220417","분당선","대모산입구","2105","2020","20220420",""
"20220417","분당선","수서","8711","8029","20220420",""
"20220417","분당선","복정","1","0","20220420",""
"20220417","분당선","수원","6204","4934","20220420",""
"20220417","분당선","서울숲","10460","11113","20220420",""
"20220417","분당선","압구정로데오","10334","11840","20220420",""
"20220417","분당선","강남구청","3401","4180","20220420",""
"20220417","분당선","선정릉","2121","2219","20220420",""
"20220417","분당선","가천대","3802","4677","20220420",""
"20220417","분당선","태평","8182","7746","20220420",""
"20220417","분당선","모란","11429","11797","20220420",""
"20220417","분당선","야탑","13601","13856","20220420",""
"20220417","분당선","서현","13589","13511","20220420",""
"20220417","분당선","수내","6004","5725","20220420",""
"20220417","분당선","정자","7274","7772","20220420",""
"20220417","분당선","미금","7135","7584","20220420",""
"20220417","5호선","영등포시장","5571","5858","20220420",""
"20220417","7호선","노원","10810","10754","20220420",""
"20220417","중앙선","덕소","3385","3426","20220420",""
"20220417","중앙선","양정","586","461","20220420",""
"20220417","중앙선","도농","5258","5140","20220420",""
"20220417","중앙선","구리","7681","8044","20220420",""
"20220417","중앙선","양원","1502","1545","20220420",""
"20220417","중앙선","망우","5245","5265","20220420",""
"20220417","중앙선","상봉(시외버스터미널)","4141","4111","20220420",""
"20220417","중앙선","중랑","3592","3452","20220420",""
"20220417","중앙선","회기","15503","15758","20220420",""
"20220417","장항선","신창(순천향대)","976","1500","20220420",""
"20220417","장항선","온양온천","3517","3541","20220420",""
"20220417","장항선","배방","820","955","20220420",""
"20220417","장항선","탕정","433","511","20220420",""
"20220417","장항선","아산","3867","2575","20220420",""
"20220417","장항선","쌍용(나사렛대)","1237","1334","20220420",""
"20220417","장항선","봉명","535","561","20220420",""
"20220417","일산선","대화","6089","5547","20220420",""
"20220417","일산선","주엽","4627","4518","20220420",""
"20220417","중앙선","지평","53","66","20220420",""
"20220417","중앙선","용문","2377","2008","20220420",""
"20220417","중앙선","원덕","551","455","20220420",""
"20220417","중앙선","양평","2643","2264","20220420",""
"20220417","수인선","고색","1760","1839","20220420",""
"20220417","1호선","서울역","29339","26393","20220420",""
"20220417","1호선","시청","12798","12474","20220420",""
"20220417","1호선","종각","12591","10776","20220420",""
"20220417","1호선","종로3가","15545","13064","20220420",""
"20220417","1호선","종로5가","9951","10189","20220420",""
"20220417","1호선","동대문","10385","10715","20220420",""
"20220417","1호선","신설동","7948","8036","20220420",""
"20220417","1호선","제기동","10441","10923","20220420",""
"20220417","1호선","청량리(서울시립대입구)","13105","13079","20220420",""
"20220417","1호선","동묘앞","13084","13397","20220420",""
"20220417","2호선","을지로입구","16406","15185","20220420",""
"20220417","2호선","을지로3가","9120","8673","20220420",""
"20220417","2호선","을지로4가","3602","3504","20220420",""
"20220417","2호선","동대문역사문화공원(DDP)","7385","8891","20220420",""
"20220417","2호선","신당","8620","9161","20220420",""
"20220417","2호선","상왕십리","7062","7008","20220420",""
"20220417","2호선","왕십리(성동구청)","9223","8139","20220420",""
"20220417","2호선","한양대","2755","3182","20220420",""
"20220417","2호선","뚝섬","12242","12073","20220420",""
"20220417","2호선","성수","14833","16667","20220420",""
"20220417","2호선","건대입구","26266","26982","20220420",""
"20220417","2호선","구의(광진구청)","11674","11706","20220420",""
"20220417","2호선","강변(동서울터미널)","21458","20747","20220420",""
"20220417","2호선","잠실나루","5407","5551","20220420",""
"20220417","2호선","잠실(송파구청)","52780","49710","20220420",""
"20220417","2호선","잠실새내","11315","11334","20220420",""
"20220417","2호선","종합운동장","7721","8473","20220420",""
"20220417","2호선","삼성(무역센터)","19620","18675","20220420",""
"20220417","2호선","선릉","13240","11460","20220420",""
"20220417","2호선","역삼","11287","12399","20220420",""
"20220417","2호선","강남","32852","32236","20220420",""
"20220417","2호선","교대(법원.검찰청)","10398","11375","20220420",""
"20220417","2호선","서초","12115","11181","20220420",""
"20220417","2호선","방배","6716","7236","20220420",""
"20220417","2호선","사당","21695","24328","20220420",""
"20220417","2호선","낙성대(강감찬)","16012","16603","20220420",""
"20220417","2호선","서울대입구(관악구청)","26864","27696","20220420",""
"20220417","2호선","봉천","12461","11964","20220420",""
"20220417","2호선","신림","37848","37077","20220420",""
"20220417","2호선","신대방","16085","15830","20220420",""
"20220417","2호선","구로디지털단지","23829","23208","20220420",""
"20220417","2호선","대림(구로구청)","14783","15026","20220420",""
"20220417","2호선","신도림","27739","28392","20220420",""
"20220417","2호선","문래","7911","8369","20220420",""
"20220417","2호선","영등포구청","8425","8989","20220420",""
"20220417","2호선","당산","9676","10086","20220420",""
"20220417","2호선","합정","20507","22243","20220420",""
"20220417","2호선","홍대입구","45108","45558","20220420",""
"20220417","2호선","신촌","20812","20375","20220420",""
"20220417","2호선","이대","6975","7488","20220420",""
"20220417","2호선","아현","5176","5087","20220420",""
"20220417","2호선","충정로(경기대입구)","3686","3980","20220420",""
"20220417","2호선","용답","1723","1769","20220420",""
"20220417","2호선","신답","873","893","20220420",""
"20220417","2호선","신설동","3544","1826","20220420",""
"20220417","2호선","도림천","491","557","20220420",""
"20220417","2호선","양천구청","3477","3357","20220420",""
"20220417","2호선","신정네거리","5569","5471","20220420",""
"20220417","2호선","용두(동대문구청)","1245","1165","20220420",""
"20220417","3호선","지축","2568","2367","20220420",""
"20220417","3호선","구파발","11256","11690","20220420",""
"20220417","3호선","연신내","21482","20259","20220420",""
"20220417","3호선","불광","9886","11248","20220420",""
"20220417","3호선","녹번","7223","6590","20220420",""
"20220417","3호선","홍제","9584","9247","20220420",""
"20220417","3호선","무악재","1943","2118","20220420",""
"20220417","3호선","독립문","4643","5379","20220420",""
"20220417","3호선","경복궁(정부서울청사)","13794","14516","20220420",""
"20220417","3호선","안국","12152","13660","20220420",""
"20220417","3호선","종로3가","3891","5092","20220420",""
"20220417","3호선","을지로3가","3669","3329","20220420",""
"20220417","3호선","동대입구","5631","6462","20220420",""
"20220417","3호선","약수","6889","6611","20220420",""
"20220417","3호선","금호","4229","4113","20220420",""
"20220417","3호선","옥수","5055","5206","20220420",""
"20220417","3호선","압구정","13419","14233","20220420",""
"20220417","3호선","신사","13252","13476","20220420",""
"20220417","5호선","종로3가","8598","7772","20220420",""
"20220417","3호선","잠원","2372","2336","20220420",""
"20220417","5호선","을지로4가","1767","1763","20220420",""
"20220417","3호선","고속터미널","41041","37809","20220420",""
"20220417","5호선","동대문역사문화공원(DDP)","686","820","20220420",""
"20220417","5호선","청구","1868","1614","20220420",""
"20220417","5호선","신금호","2972","3236","20220420",""
"20220417","5호선","행당","3939","3602","20220420",""
"20220417","5호선","왕십리(성동구청)","2652","3101","20220420",""
"20220417","5호선","마장","3062","2907","20220420",""
"20220417","5호선","답십리","7606","6891","20220420",""
"20220417","5호선","장한평","7863","7833","20220420",""
"20220417","5호선","군자(능동)","6133","6714","20220420",""
"20220417","5호선","아차산(어린이대공원후문)","12022","11986","20220420",""
"20220417","5호선","광나루(장신대)","8409","8172","20220420",""
"20220417","5호선","천호(풍납토성)","12404","11776","20220420",""
"20220417","5호선","강동","8960","9070","20220420",""
"20220417","수인선","오목천","1675","1612","20220420",""
"20220417","수인선","어천","603","738","20220420",""
"20220417","수인선","야목","251","209","20220420",""
"20220417","분당선","오리","5166","4573","20220420",""
"20220417","수인선","사리","2791","2299","20220420",""
"20220417","수인선","달월","81","81","20220420",""
"20220417","수인선","월곶","1811","1656","20220420",""
"20220417","수인선","소래포구","6084","5912","20220420",""
"20220417","수인선","인천논현","3072","3226","20220420",""
"20220417","수인선","호구포","2150","2230","20220420",""
"20220417","수인선","남동인더스파크","596","611","20220420",""
"20220417","수인선","원인재","2991","3159","20220420",""
"20220417","수인선","연수","3321","3316","20220420",""
"20220417","수인선","송도","1559","1551","20220420",""
"20220417","수인선","인하대","3274","3241","20220420",""
"20220417","수인선","숭의","2155","1968","20220420",""
"20220417","수인선","신포","1312","1153","20220420",""
"20220417","수인선","인천","1266","2096","20220420",""
"20220417","안산선","산본","9318","9984","20220420",""
"20220417","안산선","대야미","3364","3074","20220420",""
"20220417","안산선","반월","2781","2653","20220420",""
"20220417","안산선","상록수","9525","9476","20220420",""
"20220417","안산선","한대앞","5666","5621","20220420",""
"20220417","안산선","중앙","11996","11816","20220420",""
"20220417","안산선","고잔","7583","7304","20220420",""
"20220417","안산선","초지","2530","2518","20220420",""
"20220417","안산선","안산","10835","10318","20220420",""
"20220417","안산선","신길온천","1222","1106","20220420",""
"20220417","안산선","정왕","5561","5780","20220420",""
"20220417","안산선","오이도","6295","6074","20220420",""
"20220417","안산선","수리산","2460","2572","20220420",""
"20220417","우이신설선","북한산우이","3641","3889","20220420",""
"20220417","우이신설선","솔밭공원","1433","1440","20220420",""
"20220417","우이신설선","4.19민주묘지","2354","2047","20220420",""
"20220417","우이신설선","가오리","2372","2176","20220420",""
"20220417","우이신설선","화계","2117","1981","20220420",""
"20220417","우이신설선","삼양","1255","1323","20220420",""
"20220417","우이신설선","삼양사거리","1629","1514","20220420",""
"20220417","우이신설선","솔샘","2997","2782","20220420",""
"20220417","우이신설선","북한산보국문","3875","3600","20220420",""
"20220417","우이신설선","정릉","2885","2456","20220420",""
"20220417","우이신설선","성신여대입구(돈암)","2143","2414","20220420",""
"20220417","우이신설선","보문","1018","1064","20220420",""
"20220417","우이신설선","신설동","1269","1200","20220420",""
"20220417","일산선","원흥","5773","5526","20220420",""
"20220417","일산선","삼송","10842","10636","20220420",""
"20220417","일산선","원당","6483","6182","20220420",""
"20220417","일산선","화정","9577","9686","20220420",""
"20220417","일산선","대곡","1161","975","20220420",""
"20220417","일산선","백석","5393","5335","20220420",""
"20220417","일산선","마두","3486","3457","20220420",""
"20220417","일산선","정발산","5756","5753","20220420",""
"20220417","분당선","이매","3316","3246","20220420",""
"20220417","3호선","교대(법원.검찰청)","4379","2667","20220420",""
"20220417","3호선","남부터미널(예술의전당)","13731","14476","20220420",""
"20220417","분당선","보정","1138","1047","20220420",""
"20220417","분당선","죽전","7615","8453","20220420",""
"20220417","분당선","구성","2533","2608","20220420",""
"20220417","분당선","신갈","1931","1997","20220420",""
"20220417","분당선","기흥","5107","4732","20220420",""
"20220417","분당선","상갈","2837","2973","20220420",""
"20220417","분당선","청명","1992","2059","20220420",""
"20220417","분당선","영통","4724","4762","20220420",""
"20220417","분당선","망포","6241","6542","20220420",""
"20220417","분당선","매탄권선","2471","2438","20220420",""
"20220417","분당선","수원시청","7057","7188","20220420",""
"20220417","분당선","매교","1397","1512","20220420",""
"20220417","경부선","당정","3094","3144","20220420",""
"20220417","경부선","서동탄","779","719","20220420",""
"20220417","경부선","광명","2830","1923","20220420",""
"20220417","경원선","이촌(국립중앙박물관)","2681","1855","20220420",""
"20220417","경원선","서빙고","1558","1636","20220420",""
"20220417","5호선","신길","1984","2293","20220420",""
"20220417","5호선","여의도","9171","9493","20220420",""
"20220417","5호선","여의나루","17013","18205","20220420",""
"20220417","5호선","마포","4865","5023","20220420",""
"20220417","5호선","공덕","4712","4677","20220420",""
"20220417","5호선","애오개","2749","2822","20220420",""
"20220417","5호선","충정로(경기대입구)","1419","1462","20220420",""
"20220417","5호선","서대문","5459","5255","20220420",""
"20220417","5호선","광화문(세종문화회관)","11710","12047","20220420",""
"20220417","경원선","한남","2023","1979","20220420",""
"20220417","경원선","옥수","44","23","20220420",""
"20220418","4호선","성신여대입구(돈암)","20170","19361","20220421",""
"20220418","4호선","길음","21166","21153","20220421",""
"20220418","4호선","미아사거리","26200","25497","20220421",""
"20220418","4호선","미아(서울사이버대학)","15894","15049","20220421",""
"20220418","4호선","수유(강북구청)","33926","34373","20220421",""
"20220418","4호선","쌍문","29235","26787","20220421",""
"20220418","4호선","창동","24795","25828","20220421",""
"20220418","4호선","노원","17791","20043","20220421",""
"20220418","4호선","상계","19669","18075","20220421",""
"20220418","4호선","당고개","9204","8213","20220421",""
"20220418","3호선","오금","6408","5771","20220421",""
"20220418","3호선","경찰병원","7445","7519","20220421",""
"20220418","3호선","가락시장","9016","8820","20220421",""
"20220418","3호선","수서","17117","17339","20220421",""
"20220418","3호선","일원","10580","10426","20220421",""
"20220418","3호선","대청","10306","9383","20220421",""
"20220418","3호선","학여울","1793","1745","20220421",""
"20220418","3호선","대치","10766","10994","20220421",""
"20220418","3호선","도곡","5411","5555","20220421",""
"20220418","3호선","매봉","12336","11859","20220421",""
"20220418","3호선","양재(서초구청)","37594","41481","20220421",""
"20220418","3호선","남부터미널(예술의전당)","27852","28779","20220421",""
"20220418","3호선","교대(법원.검찰청)","14576","9679","20220421",""
"20220418","3호선","고속터미널","32889","31069","20220421",""
"20220418","3호선","잠원","4915","4787","20220421",""
"20220418","3호선","신사","28953","30516","20220421",""
"20220418","3호선","압구정","30798","32975","20220421",""
"20220418","3호선","옥수","8707","9026","20220421",""
"20220418","3호선","금호","7832","7386","20220421",""
"20220418","3호선","약수","12880","12541","20220421",""
"20220418","3호선","동대입구","9059","9830","20220421",""
"20220418","3호선","충무로","1","0","20220421",""
"20220418","3호선","을지로3가","10190","10441","20220421",""
"20220418","3호선","종로3가","9728","11234","20220421",""
"20220418","3호선","안국","19944","20665","20220421",""
"20220418","3호선","경복궁(정부서울청사)","20645","20561","20220421",""
"20220418","3호선","독립문","6944","7314","20220421",""
"20220418","3호선","무악재","3979","3973","20220421",""
"20220418","경부선","서정리","7607","7496","20220421",""
"20220418","경부선","송탄","4428","4316","20220421",""
"20220418","경부선","진위","1827","1560","20220421",""
"20220418","경부선","오산","10811","10870","20220421",""
"20220418","경부선","오산대","4217","3851","20220421",""
"20220418","경부선","세마","2956","2792","20220421",""
"20220418","경부선","병점","16079","15723","20220421",""
"20220418","경부선","세류","3171","2768","20220421",""
"20220418","경부선","독산","19138","19742","20220421",""
"20220418","경부선","수원","34498","36663","20220421",""
"20220418","경부선","화서","8433","8115","20220421",""
"20220418","경부선","성균관대","15371","15639","20220421",""
"20220418","경부선","의왕","9598","9589","20220421",""
"20220418","경부선","군포","7927","7848","20220421",""
"20220418","경부선","금정","27090","27563","20220421",""
"20220418","경부선","명학","10558","10439","20220421",""
"20220418","경부선","안양","26669","26507","20220421",""
"20220418","경의선","임진강","12","9","20220421",""
"20220418","경인선","개봉","21849","21548","20220421",""
"20220418","경인선","오류동","12171","11219","20220421",""
"20220418","경인선","역곡","28500","28037","20220421",""
"20220418","경인선","부천","32703","32475","20220421",""
"20220418","경인선","송내","27787","27614","20220421",""
"20220418","경인선","부평","28159","30298","20220421",""
"20220418","경인선","백운","7073","6958","20220421",""
"20220418","경인선","동암","14452","14458","20220421",""
"20220418","경인선","주안","19842","17890","20220421",""
"20220418","경인선","제물포","11401","10828","20220421",""
"20220418","경인선","동인천","13758","12922","20220421",""
"20220418","경인선","인천","3668","2978","20220421",""
"20220418","경인선","구일","6899","6850","20220421",""
"20220418","경인선","소사","9322","8762","20220421",""
"20220418","경인선","부개","8891","8261","20220421",""
"20220418","경인선","간석","6034","5320","20220421",""
"20220418","경인선","도원","3235","3231","20220421",""
"20220418","경인선","온수(성공회대입구)","7184","6929","20220421",""
"20220418","경인선","중동","9854","9156","20220421",""
"20220418","경인선","도화","4271","3970","20220421",""
"20220418","경춘선","신내","2352","2223","20220421",""
"20220418","경춘선","갈매","3025","2676","20220421",""
"20220418","경춘선","별내","3335","3133","20220421",""
"20220418","경춘선","퇴계원","3710","3403","20220421",""
"20220418","경춘선","사릉","2706","2576","20220421",""
"20220418","경춘선","금곡","1711","1608","20220421",""
"20220418","경춘선","평내호평","6791","6516","20220421",""
"20220418","경춘선","천마산","1771","1658","20220421",""
"20220418","경춘선","마석","4745","4758","20220421",""
"20220418","경춘선","대성리","619","568","20220421",""
"20220418","경춘선","청평","1840","1685","20220421",""
"20220418","경춘선","상천","382","384","20220421",""
"20220418","경춘선","가평","1756","1683","20220421",""
"20220418","경춘선","굴봉산","197","188","20220421",""
"20220418","경춘선","백양리","99","100","20220421",""
"20220418","경춘선","강촌","495","497","20220421",""
"20220418","경춘선","김유정","372","384","20220421",""
"20220418","경춘선","남춘천","2514","2788","20220421",""
"20220418","경춘선","춘천","1654","1570","20220421",""
"20220418","공항철도 1호선","서울역","7555","7235","20220421",""
"20220418","공항철도 1호선","공덕","2347","2909","20220421",""
"20220418","공항철도 1호선","홍대입구","8359","8532","20220421",""
"20220418","공항철도 1호선","디지털미디어시티","14131","13165","20220421",""
"20220418","공항철도 1호선","마곡나루(서울식물원)","9237","8981","20220421",""
"20220418","공항철도 1호선","김포공항","12353","6834","20220421",""
"20220418","공항철도 1호선","계양","10759","10120","20220421",""
"20220418","공항철도 1호선","검암","6622","6543","20220421",""
"20220418","공항철도 1호선","청라국제도시","7026","6514","20220421",""
"20220418","공항철도 1호선","운서","6985","6899","20220421",""
"20220418","공항철도 1호선","공항화물청사","2270","2552","20220421",""
"20220418","공항철도 1호선","인천공항1터미널","4259","4240","20220421",""
"20220418","공항철도 1호선","인천공항2터미널","2639","2527","20220421",""
"20220418","공항철도 1호선","영종","3143","3114","20220421",""
"20220418","과천선","선바위","8495","7410","20220421",""
"20220418","과천선","경마공원","961","910","20220421",""
"20220418","과천선","대공원","3573","3711","20220421",""
"20220418","과천선","과천","6405","5862","20220421",""
"20220418","과천선","정부과천청사","10784","10748","20220421",""
"20220418","과천선","인덕원","24449","25276","20220421",""
"20220418","과천선","평촌","18108","17821","20220421",""
"20220418","과천선","범계","25176","25090","20220421",""
"20220418","분당선","선릉","13294","20639","20220421",""
"20220418","분당선","한티","12771","13752","20220421",""
"20220418","분당선","도곡","7006","6948","20220421",""
"20220418","분당선","구룡","2403","2317","20220421",""
"20220418","분당선","개포동","3905","3935","20220421",""
"20220418","분당선","대모산입구","4553","4257","20220421",""
"20220418","분당선","수서","13667","13715","20220421",""
"20220418","분당선","수원","8085","6729","20220421",""
"20220418","분당선","서울숲","11441","11722","20220421",""
"20220418","분당선","압구정로데오","15745","17474","20220421",""
"20220418","분당선","강남구청","9898","11498","20220421",""
"20220418","분당선","선정릉","8266","8791","20220421",""
"20220418","분당선","가천대","10954","12074","20220421",""
"20220418","분당선","태평","13124","12825","20220421",""
"20220418","분당선","모란","19794","19828","20220421",""
"20220418","분당선","야탑","25513","26843","20220421",""
"20220418","분당선","서현","22303","22647","20220421",""
"20220418","분당선","수내","12360","12330","20220421",""
"20220418","분당선","정자","16755","17869","20220421",""
"20220418","분당선","미금","15603","16559","20220421",""
"20220418","분당선","오리","11709","9649","20220421",""
"20220418","분당선","이매","5854","5332","20220421",""
"20220418","분당선","보정","2620","2252","20220421",""
"20220418","분당선","죽전","13671","14983","20220421",""
"20220418","분당선","구성","5128","5340","20220421",""
"20220418","분당선","신갈","4545","4437","20220421",""
"20220418","분당선","기흥","10277","9554","20220421",""
"20220418","분당선","상갈","5412","5200","20220421",""
"20220418","분당선","청명","4276","4195","20220421",""
"20220418","분당선","영통","7936","8111","20220421",""
"20220418","분당선","망포","14365","13707","20220421",""
"20220418","분당선","매탄권선","5220","5080","20220421",""
"20220418","분당선","수원시청","12468","13386","20220421",""
"20220418","분당선","매교","3424","3282","20220421",""
"20220418","수인선","고색","4821","4574","20220421",""
"20220418","수인선","오목천","3828","3449","20220421",""
"20220418","수인선","어천","783","835","20220421",""
"20220418","수인선","야목","408","288","20220421",""
"20220418","수인선","사리","5026","4423","20220421",""
"20220418","수인선","달월","115","65","20220421",""
"20220418","수인선","월곶","2739","2476","20220421",""
"20220418","수인선","소래포구","6142","5750","20220421",""
"20220418","수인선","인천논현","5612","6061","20220421",""
"20220418","수인선","호구포","4152","4387","20220421",""
"20220418","수인선","남동인더스파크","2245","2584","20220421",""
"20220418","수인선","원인재","4537","4672","20220421",""
"20220418","수인선","연수","4758","4588","20220421",""
"20220418","수인선","송도","2594","2408","20220421",""
"20220418","수인선","인하대","7453","7066","20220421",""
"20220418","수인선","숭의","4228","3938","20220421",""
"20220418","수인선","신포","1901","1866","20220421",""
"20220418","수인선","인천","1054","1716","20220421",""
"20220418","안산선","산본","15825","17018","20220421",""
"20220418","안산선","대야미","5303","4802","20220421",""
"20220418","안산선","반월","4549","4346","20220421",""
"20220418","안산선","상록수","16734","16912","20220421",""
"20220418","안산선","한대앞","10410","10558","20220421",""
"20220418","안산선","중앙","17961","18724","20220421",""
"20220418","안산선","고잔","9293","8547","20220421",""
"20220418","안산선","초지","5339","5692","20220421",""
"20220418","안산선","안산","12028","10876","20220421",""
"20220418","안산선","신길온천","1871","1618","20220421",""
"20220418","안산선","정왕","10152","10714","20220421",""
"20220418","안산선","오이도","8772","8427","20220421",""
"20220418","안산선","수리산","4492","3898","20220421",""
"20220418","우이신설선","북한산우이","2822","2595","20220421",""
"20220418","우이신설선","솔밭공원","2487","2368","20220421",""
"20220418","우이신설선","4.19민주묘지","3960","3890","20220421",""
"20220418","우이신설선","가오리","4278","4229","20220421",""
"20220418","우이신설선","화계","3520","3255","20220421",""
"20220418","우이신설선","삼양","2043","2171","20220421",""
"20220418","우이신설선","삼양사거리","2499","2514","20220421",""
"20220418","우이신설선","솔샘","5957","5607","20220421",""
"20220418","우이신설선","북한산보국문","5948","5720","20220421",""
"20220418","우이신설선","정릉","4790","4354","20220421",""
"20220418","우이신설선","성신여대입구(돈암)","3236","3585","20220421",""
"20220418","우이신설선","보문","1518","1552","20220421",""
"20220418","우이신설선","신설동","2229","2139","20220421",""
"20220418","일산선","원흥","10881","10478","20220421",""
"20220418","일산선","지축","1","0","20220421",""
"20220418","일산선","삼송","20135","19436","20220421",""
"20220418","일산선","원당","11718","11005","20220421",""
"20220418","일산선","화정","16680","17094","20220421",""
"20220418","일산선","대곡","2282","1866","20220421",""
"20220418","일산선","백석","9661","9609","20220421",""
"20220418","일산선","마두","7677","7726","20220421",""
"20220418","일산선","정발산","6580","6648","20220421",""
"20220418","일산선","주엽","9241","9153","20220421",""
"20220418","일산선","대화","12817","10065","20220421",""
"20220418","장항선","봉명","1309","1277","20220421",""
"20220418","장항선","쌍용(나사렛대)","3014","2972","20220421",""
"20220418","장항선","아산","4041","3359","20220421",""
"20220418","장항선","탕정","835","760","20220421",""
"20220418","장항선","배방","1215","1196","20220421",""
"20220418","장항선","온양온천","3907","3986","20220421",""
"20220418","3호선","홍제","18118","17313","20220421",""
"20220418","8호선","석촌","7571","8600","20220421",""
"20220418","경부선","관악","7395","6844","20220421",""
"20220418","경부선","석수","9952","8966","20220421",""
"20220418","경부선","금천구청","12243","12200","20220421",""
"20220418","경부선","가산디지털단지","19157","21989","20220421",""
"20220418","경부선","구로","18895","18810","20220421",""
"20220418","경부선","신길","9320","7846","20220421",""
"20220418","경부선","신도림","4088","4187","20220421",""
"20220418","경부선","영등포","33136","34281","20220421",""
"20220418","경부선","대방","13098","13616","20220421",""
"20220418","경부선","노량진","7960","8266","20220421",""
"20220418","경부선","용산","30923","31353","20220421",""
"20220418","경부선","남영","9424","9985","20220421",""
"20220418","경부선","서울역","6206","1881","20220421",""
"20220418","경강선","여주","2556","2505","20220421",""
"20220418","경강선","세종대왕릉","316","314","20220421",""
"20220418","경강선","부발","2021","2136","20220421",""
"20220418","경강선","이천","2573","2670","20220421",""
"20220418","경강선","신둔도예촌","1599","1465","20220421",""
"20220418","경강선","곤지암","2305","2309","20220421",""
"20220418","경강선","초월","3185","2996","20220421",""
"20220418","1호선","서울역","42230","40071","20220421",""
"20220418","1호선","시청","21645","21771","20220421",""
"20220418","1호선","종각","33326","32917","20220421",""
"20220418","1호선","종로3가","23829","21690","20220421",""
"20220418","1호선","종로5가","21978","21965","20220421",""
"20220418","1호선","동대문","10763","10283","20220421",""
"20220418","1호선","신설동","13645","13395","20220421",""
"20220418","1호선","제기동","17398","17791","20220421",""
"20220418","1호선","청량리(서울시립대입구)","20018","19649","20220421",""
"20220418","1호선","동묘앞","7593","7927","20220421",""
"20220418","2호선","시청","22755","22390","20220421",""
"20220418","2호선","을지로입구","34465","35872","20220421",""
"20220418","2호선","을지로3가","21837","21740","20220421",""
"20220418","2호선","을지로4가","12665","12932","20220421",""
"20220418","2호선","동대문역사문화공원(DDP)","11367","12273","20220421",""
"20220418","2호선","신당","13409","13864","20220421",""
"20220418","2호선","상왕십리","13885","13395","20220421",""
"20220418","2호선","왕십리(성동구청)","15796","12737","20220421",""
"20220418","2호선","한양대","14744","16319","20220421",""
"20220418","2호선","뚝섬","21521","23279","20220421",""
"20220418","2호선","성수","36024","39646","20220421",""
"20220418","2호선","건대입구","32679","35543","20220421",""
"20220418","2호선","구의(광진구청)","23276","22869","20220421",""
"20220418","2호선","강변(동서울터미널)","29318","27719","20220421",""
"20220418","2호선","잠실나루","14822","14627","20220421",""
"20220418","2호선","잠실(송파구청)","60452","59940","20220421",""
"20220418","2호선","잠실새내","20528","20489","20220421",""
"20220418","2호선","종합운동장","6822","7587","20220421",""
"20220418","2호선","삼성(무역센터)","45542","46409","20220421",""
"20220418","2호선","선릉","56965","51009","20220421",""
"20220418","2호선","역삼","52118","59076","20220421",""
"20220418","2호선","강남","79500","79576","20220421",""
"20220418","2호선","교대(법원.검찰청)","33902","38417","20220421",""
"20220418","2호선","서초","22439","20701","20220421",""
"20220418","2호선","방배","19244","20081","20220421",""
"20220418","2호선","사당","35471","39471","20220421",""
"20220418","2호선","낙성대(강감찬)","26616","26584","20220421",""
"20220418","2호선","서울대입구(관악구청)","47052","46468","20220421",""
"20220418","2호선","봉천","23895","22030","20220421",""
"20220418","2호선","신림","61807","59870","20220421",""
"20220418","경강선","경기광주","7674","7328","20220421",""
"20220418","경강선","삼동","2427","2242","20220421",""
"20220418","경강선","이매","1102","924","20220421",""
"20220418","경강선","판교","4252","4157","20220421",""
"20220418","9호선2~3단계","중앙보훈병원","11148","9848","20220421",""
"20220418","2호선","신대방","26555","25900","20220421",""
"20220418","2호선","구로디지털단지","58492","58647","20220421",""
"20220418","2호선","대림(구로구청)","24171","24538","20220421",""
"20220418","2호선","신도림","45132","44816","20220421",""
"20220418","2호선","문래","21839","22130","20220421",""
"20220418","2호선","영등포구청","22492","23216","20220421",""
"20220418","2호선","당산","18903","21886","20220421",""
"20220418","2호선","합정","28135","29782","20220421",""
"20220418","2호선","홍대입구","47050","49823","20220421",""
"20220418","2호선","신촌","29490","29894","20220421",""
"20220418","2호선","이대","13215","13963","20220421",""
"20220418","2호선","아현","10285","9698","20220421",""
"20220418","2호선","충정로(경기대입구)","9919","10489","20220421",""
"20220418","2호선","용답","3155","3383","20220421",""
"20220418","2호선","신답","1631","1815","20220421",""
"20220418","2호선","신설동","3093","1710","20220421",""
"20220418","2호선","도림천","1380","1426","20220421",""
"20220418","2호선","양천구청","6790","7004","20220421",""
"20220418","2호선","신정네거리","10117","10502","20220421",""
"20220418","2호선","용두(동대문구청)","2329","2416","20220421",""
"20220418","3호선","지축","5038","4743","20220421",""
"20220418","3호선","구파발","20714","19669","20220421",""
"20220418","3호선","연신내","36298","34191","20220421",""
"20220418","3호선","불광","16165","17008","20220421",""
"20220418","9호선2~3단계","둔촌오륜","1213","1083","20220421",""
"20220418","9호선2~3단계","올림픽공원(한국체대)","5885","6045","20220421",""
"20220418","9호선2~3단계","한성백제","2535","2281","20220421",""
"20220418","9호선2~3단계","송파나루","4678","5033","20220421",""
"20220418","9호선2~3단계","석촌","8300","7367","20220421",""
"20220418","9호선2~3단계","석촌고분","5829","5753","20220421",""
"20220418","9호선2~3단계","삼전","6792","6481","20220421",""
"20220418","9호선2~3단계","종합운동장","4057","4197","20220421",""
"20220418","9호선2~3단계","봉은사","15168","15436","20220421",""
"20220418","9호선2~3단계","삼성중앙","6804","7235","20220421",""
"20220418","9호선2~3단계","선정릉","9740","10828","20220421",""
"20220418","9호선2~3단계","언주","10247","10707","20220421",""
"20220418","9호선","신논현","30113","30083","20220421",""
"20220418","9호선","사평","3472","3380","20220421",""
"20220418","9호선","고속터미널","11477","13921","20220421",""
"20220418","9호선","신반포","3487","3392","20220421",""
"20220418","9호선","구반포","1258","1328","20220421",""
"20220418","9호선","동작(현충원)","2063","1607","20220421",""
"20220418","9호선","흑석(중앙대입구)","8719","9046","20220421",""
"20220418","9호선","노들","4276","3564","20220421",""
"20220418","3호선","녹번","15825","14147","20220421",""
"20220418","중앙선","운길산","989","935","20220421",""
"20220418","중앙선","팔당","939","965","20220421",""
"20220418","중앙선","도심","2541","2026","20220421",""
"20220418","중앙선","덕소","5694","5740","20220421",""
"20220418","중앙선","양정","783","652","20220421",""
"20220418","중앙선","도농","11021","9947","20220421",""
"20220418","중앙선","구리","13392","13550","20220421",""
"20220418","중앙선","양원","3120","2951","20220421",""
"20220418","중앙선","망우","7868","7649","20220421",""
"20220418","중앙선","상봉(시외버스터미널)","5777","5884","20220421",""
"20220418","중앙선","중랑","5621","5358","20220421",""
"20220418","중앙선","회기","24520","24263","20220421",""
"20220418","장항선","신창(순천향대)","2792","3087","20220421",""
"20220418","중앙선","지평","86","89","20220421",""
"20220418","중앙선","용문","1994","1796","20220421",""
"20220418","중앙선","원덕","473","388","20220421",""
"20220418","중앙선","양평","4353","4500","20220421",""
"20220418","중앙선","오빈","361","352","20220421",""
"20220418","중앙선","아신","577","566","20220421",""
"20220418","중앙선","국수","965","947","20220421",""
"20220418","중앙선","신원","292","250","20220421",""
"20220418","중앙선","양수","2079","2091","20220421",""
"20220418","9호선","노량진","25837","25189","20220421",""
"20220418","9호선","샛강","5908","6327","20220421",""
"20220418","9호선","여의도","26269","25953","20220421",""
"20220418","경부선","평택","13212","13407","20220421",""
"20220418","경부선","평택지제","3630","3504","20220421",""
"20220418","경부선","성환","7012","7053","20220421",""
"20220418","경부선","직산","887","856","20220421",""
"20220418","경부선","두정","7301","8385","20220421",""
"20220418","경부선","천안","6706","6577","20220421",""
"20220418","경부선","당정","6735","6403","20220421",""
"20220418","경부선","서동탄","1435","1229","20220421",""
"20220418","경부선","광명","3424","2813","20220421",""
"20220418","경원선","이촌(국립중앙박물관)","3801","2882","20220421",""
"20220418","경원선","서빙고","1911","1720","20220421",""
"20220418","경원선","한남","4148","3957","20220421",""
"20220418","경원선","옥수","49","39","20220421",""
"20220418","경원선","응봉","1947","1766","20220421",""
"20220418","경원선","왕십리(성동구청)","13532","15115","20220421",""
"20220418","경원선","청량리(서울시립대입구)","13588","14171","20220421",""
"20220418","경원선","외대앞","8326","8263","20220421",""
"20220418","경원선","신이문","8492","7811","20220421",""
"20220418","경원선","석계","8395","9273","20220421",""
"20220418","경원선","광운대","9260","9335","20220421",""
"20220418","경원선","월계","8664","8021","20220421",""
"20220418","경원선","녹천","4967","4042","20220421",""
"20220418","경원선","방학","9812","9694","20220421",""
"20220418","경원선","도봉","6023","5711","20220421",""
"20220418","경원선","도봉산","7903","5306","20220421",""
"20220418","경원선","망월사","9777","9886","20220421",""
"20220418","경원선","회룡","12906","12831","20220421",""
"20220418","경원선","의정부","17490","17996","20220421",""
"20220418","경원선","가능","7242","6773","20220421",""
"20220418","경원선","녹양","4766","4449","20220421",""
"20220418","경원선","양주","8296","7680","20220421",""
"20220418","경원선","덕계","3419","3138","20220421",""
"20220418","경원선","덕정","6903","6594","20220421",""
"20220418","경원선","지행","6796","6822","20220421",""
"20220418","경원선","동두천중앙","3283","3051","20220421",""
"20220418","경원선","보산","1667","1504","20220421",""
"20220418","경원선","동두천","2813","3162","20220421",""
"20220418","경원선","소요산","2960","2446","20220421",""
"20220418","경의선","서울역","4581","5779","20220421",""
"20220418","경의선","신촌","873","1167","20220421",""
"20220418","경의선","효창공원앞","3100","3465","20220421",""
"20220418","경의선","공덕","3530","3241","20220421",""
"20220418","경의선","서강대","2165","2038","20220421",""
"20220418","경의선","홍대입구","1578","1696","20220421",""
"20220418","경의선","가좌","5593","5360","20220421",""
"20220418","경의선","디지털미디어시티","2623","2415","20220421",""
"20220418","경의선","수색","3009","3119","20220421",""
"20220418","경의선","화전","3621","3441","20220421",""
"20220418","경의선","강매","3431","2971","20220421",""
"20220418","경의선","행신","8037","8126","20220421",""
"20220418","경의선","능곡","4059","3741","20220421",""
"20220418","경의선","곡산","666","717","20220421",""
"20220418","경의선","백마","7419","7013","20220421",""
"20220418","경의선","풍산","5873","5297","20220421",""
"20220418","경의선","일산","10803","10684","20220421",""
"20220418","경의선","탄현","8150","7557","20220421",""
"20220418","경의선","야당","7774","7730","20220421",""
"20220418","경의선","운정","7391","6822","20220421",""
"20220418","경의선","금릉","4984","4880","20220421",""
"20220418","경의선","금촌","6418","6312","20220421",""
"20220418","경의선","월롱","2991","3032","20220421",""
"20220418","경의선","파주","1752","1351","20220421",""
"20220418","9호선","국회의사당","15888","16523","20220421",""
"20220418","9호선","당산","18091","18145","20220421",""
"20220418","9호선","선유도","8757","8325","20220421",""
"20220418","9호선","신목동","4298","3837","20220421",""
"20220418","9호선","염창","17400","16664","20220421",""
"20220418","9호선","등촌","11394","11043","20220421",""
"20220418","9호선","증미","7417","7131","20220421",""
"20220418","9호선","가양","20673","19933","20220421",""
"20220418","9호선","양천향교","9940","10104","20220421",""
"20220418","9호선","마곡나루(서울식물원)","12000","12013","20220421",""
"20220418","9호선","신방화","6866","6696","20220421",""
"20220418","9호선","공항시장","2983","3208","20220421",""
"20220418","9호선","김포공항","6875","10221","20220421",""
"20220418","9호선","개화","2531","1768","20220421",""
"20220418","8호선","남위례","4849","5084","20220421",""
"20220418","8호선","모란","4457","3508","20220421",""
"20220418","8호선","수진","5378","5032","20220421",""
"20220418","8호선","신흥","4178","4576","20220421",""
"20220418","8호선","단대오거리","11222","10723","20220421",""
"20220418","8호선","남한산성입구(성남법원.검찰청)","15461","14391","20220421",""
"20220418","8호선","산성","5438","5506","20220421",""
"20220418","8호선","복정","9802","8292","20220421",""
"20220418","8호선","장지","16745","16108","20220421",""
"20220418","8호선","문정","22174","23552","20220421",""
"20220418","8호선","가락시장","7531","8471","20220421",""
"20220418","8호선","송파","8170","7977","20220421",""
"20220418","8호선","잠실(송파구청)","12609","14993","20220421",""
"20220418","8호선","몽촌토성(평화의문)","6136","6213","20220421",""
"20220418","8호선","강동구청","10465","10725","20220421",""
"20220418","8호선","천호(풍납토성)","13946","15772","20220421",""
"20220418","8호선","암사","18980","16671","20220421",""
"20220418","7호선","온수(성공회대입구)","11190","10358","20220421",""
"20220418","7호선","천왕","11538","10980","20220421",""
"20220418","7호선","광명사거리","22072","21733","20220421",""
"20220418","7호선","철산","20884","21291","20220421",""
"20220418","7호선","가산디지털단지","46112","46587","20220421",""
"20220418","7호선","남구로","16101","16911","20220421",""
"20220418","7호선","대림(구로구청)","7753","7646","20220421",""
"20220418","7호선","신풍","11753","11152","20220421",""
"20220418","7호선","보라매","10031","9950","20220421",""
"20220418","7호선","신대방삼거리","16843","16131","20220421",""
"20220418","7호선","장승배기","8984","8660","20220421",""
"20220418","7호선","상도","11177","11111","20220421",""
"20220418","7호선","숭실대입구(살피재)","14767","15094","20220421",""
"20220418","7호선","남성","11172","10504","20220421",""
"20220418","7호선","이수","15047","14727","20220421",""
"20220418","7호선","내방","14491","14791","20220421",""
"20220418","7호선","고속터미널","15260","12326","20220421",""
"20220418","7호선","반포","5779","5629","20220421",""
"20220418","7호선","논현","20107","21784","20220421",""
"20220418","7호선","학동","24412","25927","20220421",""
"20220418","7호선","강남구청","15765","17235","20220421",""
"20220418","7호선","청담","19147","21365","20220421",""
"20220418","7호선","뚝섬유원지","9064","8781","20220421",""
"20220418","7호선","건대입구","11956","12490","20220421",""
"20220418","7호선","어린이대공원(세종대)","14026","14451","20220421",""
"20220418","7호선","군자(능동)","14685","11824","20220421",""
"20220418","7호선","중곡","11083","10086","20220421",""
"20220418","7호선","용마산(용마폭포공원)","6095","5790","20220421",""
"20220418","7호선","사가정","16120","16410","20220421",""
"20220418","7호선","면목","16451","16126","20220421",""
"20220418","7호선","상봉(시외버스터미널)","16378","15259","20220421",""
"20220418","7호선","중화","10880","10545","20220421",""
"20220418","7호선","먹골","10088","9874","20220421",""
"20220418","7호선","태릉입구","8674","8379","20220421",""
"20220418","7호선","공릉(서울과학기술대)","12945","12959","20220421",""
"20220418","7호선","하계","17878","16640","20220421",""
"20220418","7호선","중계","14972","13868","20220421",""
"20220418","7호선","노원","17881","18919","20220421",""
"20220418","7호선","마들","12792","12130","20220421",""
"20220418","7호선","수락산","12577","12105","20220421",""
"20220418","7호선","도봉산","9573","10805","20220421",""
"20220418","7호선","장암","2396","888","20220421",""
"20220418","6호선","봉화산(서울의료원)","8858","8348","20220421",""
"20220418","6호선","화랑대(서울여대입구)","12414","9738","20220421",""
"20220418","6호선","태릉입구","5559","6143","20220421",""
"20220418","6호선","석계","12407","13202","20220421",""
"20220418","6호선","돌곶이","9451","8690","20220421",""
"20220418","6호선","상월곡(한국과학기술연구원)","6484","5963","20220421",""
"20220418","6호선","월곡(동덕여대)","12647","12397","20220421",""
"20220418","6호선","고려대(종암)","8546","8268","20220421",""
"20220418","6호선","안암(고대병원앞)","13231","13823","20220421",""
"20220418","6호선","보문","7186","6680","20220421",""
"20220418","6호선","창신","3709","3036","20220421",""
"20220418","6호선","동묘앞","7533","7896","20220421",""
"20220418","6호선","신당","7492","8121","20220421",""
"20220418","6호선","청구","3642","3995","20220421",""
"20220418","6호선","약수","3625","3714","20220421",""
"20220418","6호선","버티고개","2130","2099","20220421",""
"20220418","6호선","한강진","6497","7445","20220421",""
"20220418","6호선","이태원","9135","9603","20220421",""
"20220418","6호선","녹사평(용산구청)","4412","4278","20220421",""
"20220418","6호선","삼각지","5904","5265","20220421",""
"20220418","6호선","효창공원앞","7123","6583","20220421",""
"20220418","6호선","공덕","18412","17902","20220421",""
"20220418","6호선","대흥(서강대앞)","8320","8602","20220421",""
"20220418","6호선","광흥창(서강)","8949","8567","20220421",""
"20220418","6호선","상수","7639","8720","20220421",""
"20220418","6호선","합정","12114","12030","20220421",""
"20220418","경의선","문산","5236","5070","20220421",""
"20220418","6호선","망원","12976","13722","20220421",""
"20220418","6호선","마포구청","13869","12450","20220421",""
"20220418","6호선","월드컵경기장(성산)","3964","4246","20220421",""
"20220418","6호선","디지털미디어시티","14115","15243","20220421",""
"20220418","6호선","증산(명지대앞)","10092","9968","20220421",""
"20220418","6호선","새절(신사)","13425","12662","20220421",""
"20220418","6호선","구산","7795","5796","20220421",""
"20220418","6호선","독바위","2772","2908","20220421",""
"20220418","6호선","불광","4101","4089","20220421",""
"20220418","6호선","역촌","3623","4370","20220421",""
"20220418","6호선","응암","17502","17494","20220421",""
"20220418","5호선","하남검단산","5649","5254","20220421",""
"20220418","5호선","하남시청(덕풍·신장)","6816","6621","20220421",""
"20220418","5호선","하남풍산","4210","4195","20220421",""
"20220418","5호선","미사","15700","15760","20220421",""
"20220418","5호선","강일","4194","3980","20220421",""
"20220418","5호선","마천","7366","6994","20220421",""
"20220418","5호선","거여","10406","9975","20220421",""
"20220418","5호선","개롱","6541","6799","20220421",""
"20220418","5호선","오금","3795","3897","20220421",""
"20220418","5호선","방이","6834","7149","20220421",""
"20220418","5호선","올림픽공원(한국체대)","4363","3781","20220421",""
"20220418","5호선","둔촌동","8283","8244","20220421",""
"20220418","5호선","상일동","15031","13920","20220421",""
"20220418","5호선","고덕","9699","9529","20220421",""
"20220418","5호선","명일","8622","9021","20220421",""
"20220418","5호선","굽은다리(강동구민회관앞)","9379","8740","20220421",""
"20220418","5호선","길동","7909","8171","20220421",""
"20220418","5호선","강동","18601","17729","20220421",""
"20220418","5호선","천호(풍납토성)","15763","16299","20220421",""
"20220418","5호선","광나루(장신대)","13142","11944","20220421",""
"20220418","5호선","아차산(어린이대공원후문)","14907","14185","20220421",""
"20220418","5호선","군자(능동)","10959","12036","20220421",""
"20220418","5호선","장한평","18041","17684","20220421",""
"20220418","5호선","답십리","15841","14477","20220421",""
"20220418","5호선","마장","5780","5489","20220421",""
"20220418","5호선","왕십리(성동구청)","4482","5091","20220421",""
"20220418","5호선","행당","8086","7230","20220421",""
"20220418","5호선","신금호","6234","6489","20220421",""
"20220418","5호선","청구","4012","3623","20220421",""
"20220418","5호선","동대문역사문화공원(DDP)","2862","3190","20220421",""
"20220418","5호선","을지로4가","6167","6055","20220421",""
"20220418","5호선","종로3가","11225","11488","20220421",""
"20220418","5호선","광화문(세종문화회관)","28289","29714","20220421",""
"20220418","5호선","서대문","19991","20202","20220421",""
"20220418","5호선","충정로(경기대입구)","4790","4959","20220421",""
"20220418","5호선","애오개","6728","6641","20220421",""
"20220418","5호선","공덕","13934","14750","20220421",""
"20220418","5호선","마포","14441","14806","20220421",""
"20220418","5호선","여의나루","10568","11222","20220421",""
"20220418","5호선","여의도","27556","29389","20220421",""
"20220418","5호선","신길","4158","4457","20220421",""
"20220418","5호선","영등포시장","9715","10180","20220421",""
"20220418","5호선","영등포구청","4112","4226","20220421",""
"20220418","5호선","양평","7542","7480","20220421",""
"20220418","5호선","오목교(목동운동장앞)","20839","22353","20220421",""
"20220418","5호선","목동","16579","17825","20220421",""
"20220418","5호선","신정(은행정)","13970","11267","20220421",""
"20220418","5호선","까치산","28698","27378","20220421",""
"20220418","5호선","화곡","28388","26559","20220421",""
"20220418","5호선","우장산","14891","14561","20220421",""
"20220418","5호선","발산","20357","20716","20220421",""
"20220418","5호선","마곡","10532","10697","20220421",""
"20220418","5호선","송정","6627","6103","20220421",""
"20220418","5호선","김포공항","6732","6652","20220421",""
"20220418","5호선","개화산","5635","5340","20220421",""
"20220418","5호선","방화","6587","6362","20220421",""
"20220418","4호선","남태령","1202","1052","20220421",""
"20220418","4호선","사당","24675","20849","20220421",""
"20220418","4호선","총신대입구(이수)","18822","20281","20220421",""
"20220418","4호선","동작(현충원)","1650","1802","20220421",""
"20220418","4호선","이촌(국립중앙박물관)","6906","7821","20220421",""
"20220418","4호선","신용산","15874","16805","20220421",""
"20220418","4호선","삼각지","4709","5198","20220421",""
"20220418","4호선","숙대입구(갈월)","13676","13157","20220421",""
"20220418","4호선","서울역","11026","15477","20220421",""
"20220418","4호선","회현(남대문시장)","24626","26041","20220421",""
"20220418","4호선","명동","19256","19549","20220421",""
"20220418","4호선","충무로","27773","28952","20220421",""
"20220418","4호선","동대문역사문화공원(DDP)","13794","12838","20220421",""
"20220418","4호선","동대문","20007","20711","20220421",""
"20220418","4호선","혜화","29137","29783","20220421",""
"20220418","4호선","한성대입구(삼선교)","13799","13497","20220421",""
"20220419","경원선","월계","8798","8135","20220422",""
"20220419","2호선","시청","23685","23395","20220422",""
"20220419","1호선","동묘앞","8156","8431","20220422",""
"20220419","1호선","청량리(서울시립대입구)","20141","19766","20220422",""
"20220419","5호선","마곡","10971","10992","20220422",""
"20220419","5호선","송정","6647","6223","20220422",""
"20220419","5호선","김포공항","7023","6685","20220422",""
"20220419","5호선","개화산","5788","5460","20220422",""
"20220419","5호선","방화","6924","6571","20220422",""
"20220419","4호선","남태령","1293","1098","20220422",""
"20220419","4호선","사당","25400","21537","20220422",""
"20220419","4호선","총신대입구(이수)","19245","20723","20220422",""
"20220419","4호선","동작(현충원)","1617","1847","20220422",""
"20220419","중앙선","지평","66","91","20220422",""
"20220419","중앙선","용문","2053","1929","20220422",""
"20220419","중앙선","원덕","427","437","20220422",""
"20220419","중앙선","양평","2854","2949","20220422",""
"20220419","중앙선","오빈","396","382","20220422",""
"20220419","중앙선","아신","559","561","20220422",""
"20220419","중앙선","국수","887","881","20220422",""
"20220419","중앙선","신원","296","245","20220422",""
"20220419","중앙선","양수","2076","2125","20220422",""
"20220419","중앙선","운길산","1050","1007","20220422",""
"20220419","중앙선","팔당","976","988","20220422",""
"20220419","중앙선","도심","2605","2061","20220422",""
"20220419","중앙선","덕소","5737","5844","20220422",""
"20220419","중앙선","양정","833","684","20220422",""
"20220419","중앙선","도농","11118","10131","20220422",""
"20220419","중앙선","구리","13740","14064","20220422",""
"20220419","중앙선","양원","3202","3024","20220422",""
"20220419","중앙선","망우","8125","7896","20220422",""
"20220419","중앙선","상봉(시외버스터미널)","5914","5909","20220422",""
"20220419","중앙선","중랑","5696","5361","20220422",""
"20220419","중앙선","회기","24697","24160","20220422",""
"20220419","장항선","신창(순천향대)","2896","2750","20220422",""
"20220419","장항선","온양온천","5246","5346","20220422",""
"20220419","장항선","탕정","891","756","20220422",""
"20220419","장항선","아산","3749","3201","20220422",""
"20220419","장항선","쌍용(나사렛대)","3232","3064","20220422",""
"20220419","장항선","봉명","1359","1359","20220422",""
"20220419","안산선","초지","5495","5817","20220422",""
"20220419","안산선","고잔","9464","8943","20220422",""
"20220419","1호선","제기동","18042","18455","20220422",""
"20220419","4호선","이촌(국립중앙박물관)","7526","8183","20220422",""
"20220419","안산선","중앙","18380","19378","20220422",""
"20220419","안산선","한대앞","10853","10985","20220422",""
"20220419","안산선","상록수","17344","17719","20220422",""
"20220419","안산선","반월","4528","4341","20220422",""
"20220419","안산선","대야미","5303","4749","20220422",""
"20220419","안산선","산본","16487","17713","20220422",""
"20220419","수인선","인천","1062","1756","20220422",""
"20220419","수인선","신포","1962","1991","20220422",""
"20220419","수인선","숭의","4341","4022","20220422",""
"20220419","수인선","인하대","7379","7091","20220422",""
"20220419","수인선","송도","2694","2477","20220422",""
"20220419","수인선","연수","4702","4779","20220422",""
"20220419","수인선","원인재","4608","4817","20220422",""
"20220419","수인선","남동인더스파크","2334","2623","20220422",""
"20220419","수인선","호구포","4219","4417","20220422",""
"20220419","수인선","인천논현","5648","5993","20220422",""
"20220419","수인선","소래포구","6450","6150","20220422",""
"20220419","수인선","월곶","2752","2603","20220422",""
"20220419","수인선","달월","122","74","20220422",""
"20220419","수인선","사리","5166","4699","20220422",""
"20220419","수인선","야목","407","304","20220422",""
"20220419","수인선","어천","793","827","20220422",""
"20220419","수인선","오목천","3854","3503","20220422",""
"20220419","수인선","고색","4992","4685","20220422",""
"20220419","분당선","매교","3374","3340","20220422",""
"20220419","분당선","수원시청","12737","13682","20220422",""
"20220419","분당선","매탄권선","5337","5191","20220422",""
"20220419","분당선","망포","14715","13914","20220422",""
"20220419","분당선","영통","8150","8421","20220422",""
"20220419","분당선","청명","4443","4327","20220422",""
"20220419","분당선","상갈","5643","5310","20220422",""
"20220419","분당선","기흥","10341","9777","20220422",""
"20220419","분당선","신갈","4730","4748","20220422",""
"20220419","분당선","구성","5389","5695","20220422",""
"20220419","분당선","죽전","14531","15725","20220422",""
"20220419","분당선","보정","2773","2405","20220422",""
"20220419","분당선","이매","5997","5599","20220422",""
"20220419","분당선","오리","12195","9875","20220422",""
"20220419","분당선","미금","16159","17343","20220422",""
"20220419","분당선","정자","17767","18734","20220422",""
"20220419","분당선","수내","13598","13705","20220422",""
"20220419","분당선","서현","23954","24471","20220422",""
"20220419","분당선","야탑","26323","27386","20220422",""
"20220419","분당선","모란","27899","29091","20220422",""
"20220419","분당선","태평","14004","13508","20220422",""
"20220419","분당선","가천대","11331","12339","20220422",""
"20220419","분당선","선정릉","8459","9019","20220422",""
"20220419","분당선","강남구청","10419","12003","20220422",""
"20220419","분당선","압구정로데오","18637","20669","20220422",""
"20220419","분당선","서울숲","12123","12485","20220422",""
"20220419","분당선","수원","8258","6979","20220422",""
"20220419","분당선","수서","13856","14000","20220422",""
"20220419","분당선","대모산입구","4742","4468","20220422",""
"20220419","분당선","개포동","4106","4192","20220422",""
"20220419","분당선","구룡","2522","2417","20220422",""
"20220419","분당선","도곡","7158","7106","20220422",""
"20220419","분당선","한티","14284","15361","20220422",""
"20220419","분당선","선릉","13925","21118","20220422",""
"20220419","과천선","범계","26626","26536","20220422",""
"20220419","과천선","평촌","18894","18400","20220422",""
"20220419","과천선","인덕원","25437","26210","20220422",""
"20220419","과천선","정부과천청사","11221","11104","20220422",""
"20220419","과천선","과천","6660","6083","20220422",""
"20220419","과천선","대공원","4140","4307","20220422",""
"20220419","과천선","경마공원","1654","1608","20220422",""
"20220419","과천선","선바위","8795","7757","20220422",""
"20220419","공항철도 1호선","영종","3221","3184","20220422",""
"20220419","공항철도 1호선","인천공항2터미널","2642","2346","20220422",""
"20220419","공항철도 1호선","인천공항1터미널","4437","4615","20220422",""
"20220419","공항철도 1호선","공항화물청사","2388","2573","20220422",""
"20220419","공항철도 1호선","운서","7027","7067","20220422",""
"20220419","공항철도 1호선","청라국제도시","7149","6720","20220422",""
"20220419","공항철도 1호선","검암","6668","6698","20220422",""
"20220419","공항철도 1호선","계양","11111","10421","20220422",""
"20220419","공항철도 1호선","김포공항","11381","6258","20220422",""
"20220419","공항철도 1호선","마곡나루(서울식물원)","9711","9500","20220422",""
"20220419","공항철도 1호선","디지털미디어시티","14478","13601","20220422",""
"20220419","공항철도 1호선","홍대입구","8545","8766","20220422",""
"20220419","공항철도 1호선","공덕","2313","3035","20220422",""
"20220419","공항철도 1호선","서울역","7426","6708","20220422",""
"20220419","경춘선","춘천","1931","1754","20220422",""
"20220419","경춘선","남춘천","2408","2474","20220422",""
"20220419","경춘선","김유정","379","394","20220422",""
"20220419","경춘선","강촌","567","530","20220422",""
"20220419","경춘선","백양리","114","129","20220422",""
"20220419","경춘선","굴봉산","215","191","20220422",""
"20220419","경춘선","가평","1749","1716","20220422",""
"20220419","경춘선","상천","402","401","20220422",""
"20220419","경춘선","청평","1812","1682","20220422",""
"20220419","1호선","신설동","13882","13615","20220422",""
"20220419","경춘선","대성리","634","599","20220422",""
"20220419","경춘선","마석","4223","4293","20220422",""
"20220419","경춘선","천마산","1802","1711","20220422",""
"20220419","경춘선","평내호평","6684","6565","20220422",""
"20220419","경춘선","금곡","1718","1626","20220422",""
"20220419","경춘선","사릉","2745","2655","20220422",""
"20220419","경춘선","퇴계원","3800","3419","20220422",""
"20220419","경춘선","별내","3359","3178","20220422",""
"20220419","경춘선","갈매","3154","2785","20220422",""
"20220419","경춘선","신내","2440","2354","20220422",""
"20220419","경인선","도화","4480","4109","20220422",""
"20220419","경인선","중동","10037","9348","20220422",""
"20220419","경인선","온수(성공회대입구)","7346","7119","20220422",""
"20220419","경인선","도원","3450","3379","20220422",""
"20220419","경인선","간석","6102","5492","20220422",""
"20220419","경인선","부개","8994","8333","20220422",""
"20220419","경인선","소사","9655","9293","20220422",""
"20220419","경인선","구일","7243","7197","20220422",""
"20220419","경인선","인천","4077","3278","20220422",""
"20220419","경인선","동인천","14130","13359","20220422",""
"20220419","경인선","제물포","11699","11151","20220422",""
"20220419","경인선","주안","20064","18086","20220422",""
"20220419","경인선","동암","14864","14989","20220422",""
"20220419","경인선","백운","7340","7174","20220422",""
"20220419","경인선","부평","28338","30268","20220422",""
"20220419","경인선","송내","28743","28829","20220422",""
"20220419","경인선","부천","32940","32980","20220422",""
"20220419","경인선","역곡","29313","28715","20220422",""
"20220419","경인선","오류동","12274","11319","20220422",""
"20220419","경인선","개봉","22326","21660","20220422",""
"20220419","경의선","임진강","14","12","20220422",""
"20220419","경의선","문산","5605","5561","20220422",""
"20220419","경의선","파주","1764","1329","20220422",""
"20220419","경의선","월롱","3161","2978","20220422",""
"20220419","경의선","금촌","6422","6380","20220422",""
"20220419","경의선","금릉","5174","4970","20220422",""
"20220419","경의선","운정","7316","6848","20220422",""
"20220419","경의선","야당","7862","7718","20220422",""
"20220419","경의선","탄현","8110","7761","20220422",""
"20220419","경의선","일산","10020","9863","20220422",""
"20220419","경의선","풍산","5944","5489","20220422",""
"20220419","경의선","백마","7255","6987","20220422",""
"20220419","경의선","곡산","701","740","20220422",""
"20220419","경의선","능곡","4061","3800","20220422",""
"20220419","경의선","행신","8093","8228","20220422",""
"20220419","경의선","강매","3534","3055","20220422",""
"20220419","경의선","화전","3666","3408","20220422",""
"20220419","경의선","수색","3113","3203","20220422",""
"20220419","경의선","디지털미디어시티","2767","2525","20220422",""
"20220419","경의선","가좌","5719","5464","20220422",""
"20220419","경의선","홍대입구","1584","1733","20220422",""
"20220419","경의선","서강대","2135","2131","20220422",""
"20220419","경의선","공덕","3624","3272","20220422",""
"20220419","경의선","효창공원앞","3163","3492","20220422",""
"20220419","경의선","신촌","909","1145","20220422",""
"20220419","4호선","신용산","15987","17215","20220422",""
"20220419","4호선","삼각지","4876","5453","20220422",""
"20220419","4호선","숙대입구(갈월)","14069","13617","20220422",""
"20220419","4호선","서울역","11287","15627","20220422",""
"20220419","4호선","회현(남대문시장)","25618","27263","20220422",""
"20220419","4호선","명동","19645","20136","20220422",""
"20220419","4호선","충무로","28266","29346","20220422",""
"20220419","4호선","동대문역사문화공원(DDP)","14035","13016","20220422",""
"20220419","4호선","동대문","20402","20810","20220422",""
"20220419","4호선","혜화","32464","32811","20220422",""
"20220419","4호선","한성대입구(삼선교)","15067","14583","20220422",""
"20220419","4호선","성신여대입구(돈암)","20656","19678","20220422",""
"20220419","4호선","길음","21783","21483","20220422",""
"20220419","4호선","미아사거리","27839","27087","20220422",""
"20220419","4호선","미아(서울사이버대학)","15859","15181","20220422",""
"20220419","4호선","수유(강북구청)","33693","34031","20220422",""
"20220419","4호선","쌍문","29903","27437","20220422",""
"20220419","4호선","창동","25629","26602","20220422",""
"20220419","4호선","노원","18727","21034","20220422",""
"20220419","4호선","상계","20173","18554","20220422",""
"20220419","4호선","당고개","9262","8298","20220422",""
"20220419","3호선","오금","6561","6005","20220422",""
"20220419","3호선","경찰병원","7463","7459","20220422",""
"20220419","3호선","가락시장","9227","8945","20220422",""
"20220419","3호선","수서","16925","17199","20220422",""
"20220419","3호선","일원","11150","10764","20220422",""
"20220419","3호선","대청","10467","9550","20220422",""
"20220419","3호선","학여울","1917","1948","20220422",""
"20220419","1호선","동대문","10904","10274","20220422",""
"20220419","1호선","종로5가","22966","22983","20220422",""
"20220419","1호선","종로3가","24763","22355","20220422",""
"20220419","1호선","종각","34293","33761","20220422",""
"20220419","우이신설선","보문","1569","1525","20220422",""
"20220419","우이신설선","성신여대입구(돈암)","3215","3454","20220422",""
"20220419","우이신설선","정릉","4866","4405","20220422",""
"20220419","우이신설선","북한산보국문","6197","5785","20220422",""
"20220419","우이신설선","솔샘","5978","5643","20220422",""
"20220419","우이신설선","삼양사거리","2455","2544","20220422",""
"20220419","우이신설선","삼양","2132","2242","20220422",""
"20220419","우이신설선","화계","3510","3232","20220422",""
"20220419","우이신설선","가오리","4325","4216","20220422",""
"20220419","우이신설선","4.19민주묘지","3471","3351","20220422",""
"20220419","우이신설선","솔밭공원","2579","2427","20220422",""
"20220419","우이신설선","북한산우이","2905","2657","20220422",""
"20220419","안산선","수리산","4868","4056","20220422",""
"20220419","안산선","오이도","9100","8806","20220422",""
"20220419","안산선","정왕","10677","10975","20220422",""
"20220419","안산선","신길온천","1871","1709","20220422",""
"20220419","안산선","안산","12031","10740","20220422",""
"20220419","일산선","대화","13025","10240","20220422",""
"20220419","일산선","주엽","9351","9334","20220422",""
"20220419","일산선","정발산","7285","7393","20220422",""
"20220419","일산선","마두","7766","7790","20220422",""
"20220419","일산선","백석","9954","9965","20220422",""
"20220419","일산선","대곡","2293","1775","20220422",""
"20220419","일산선","화정","16996","17519","20220422",""
"20220419","일산선","원당","11803","11126","20220422",""
"20220419","일산선","삼송","20614","19956","20220422",""
"20220419","일산선","원흥","11150","10761","20220422",""
"20220419","우이신설선","신설동","2289","2136","20220422",""
"20220419","9호선","등촌","11627","11153","20220422",""
"20220419","1호선","시청","22963","23441","20220422",""
"20220419","2호선","선릉","58455","52251","20220422",""
"20220419","1호선","서울역","41853","40525","20220422",""
"20220419","3호선","대치","11018","11169","20220422",""
"20220419","3호선","도곡","5594","5714","20220422",""
"20220419","3호선","매봉","12910","12303","20220422",""
"20220419","3호선","양재(서초구청)","39246","43016","20220422",""
"20220419","경원선","녹천","4974","4087","20220422",""
"20220419","경원선","방학","10128","10043","20220422",""
"20220419","경원선","도봉","6266","5979","20220422",""
"20220419","경원선","도봉산","8408","5693","20220422",""
"20220419","경원선","망월사","9635","9759","20220422",""
"20220419","경원선","회룡","13287","13330","20220422",""
"20220419","경원선","의정부","18504","19267","20220422",""
"20220419","경원선","가능","7335","7016","20220422",""
"20220419","경원선","녹양","4785","4503","20220422",""
"20220419","경원선","양주","8509","7892","20220422",""
"20220419","경원선","덕계","3483","3167","20220422",""
"20220419","경원선","덕정","6932","6651","20220422",""
"20220419","경원선","지행","7014","7133","20220422",""
"20220419","경원선","동두천중앙","3336","3164","20220422",""
"20220419","경원선","보산","1576","1437","20220422",""
"20220419","경원선","동두천","2922","3194","20220422",""
"20220419","경원선","소요산","3269","2813","20220422",""
"20220419","경의선","서울역","4516","5831","20220422",""
"20220419","장항선","배방","1183","1168","20220422",""
"20220419","2호선","잠실나루","15382","14971","20220422",""
"20220419","3호선","남부터미널(예술의전당)","28799","29586","20220422",""
"20220419","3호선","교대(법원.검찰청)","15164","10056","20220422",""
"20220419","3호선","고속터미널","37686","36288","20220422",""
"20220419","3호선","잠원","4938","4871","20220422",""
"20220419","3호선","신사","30340","31730","20220422",""
"20220419","3호선","압구정","31525","33730","20220422",""
"20220419","3호선","옥수","9005","9186","20220422",""
"20220419","3호선","금호","8081","7562","20220422",""
"20220419","3호선","약수","13371","13092","20220422",""
"20220419","3호선","동대입구","9218","10036","20220422",""
"20220419","3호선","충무로","2","0","20220422",""
"20220419","3호선","을지로3가","10542","10819","20220422",""
"20220419","3호선","종로3가","9969","11503","20220422",""
"20220419","3호선","안국","21702","22623","20220422",""
"20220419","3호선","경복궁(정부서울청사)","21902","21582","20220422",""
"20220419","3호선","독립문","7188","7524","20220422",""
"20220419","3호선","무악재","3971","4158","20220422",""
"20220419","3호선","홍제","18179","17291","20220422",""
"20220419","3호선","녹번","16542","14752","20220422",""
"20220419","3호선","불광","16679","17702","20220422",""
"20220419","3호선","연신내","37247","35264","20220422",""
"20220419","3호선","구파발","21045","20016","20220422",""
"20220419","3호선","지축","5231","4906","20220422",""
"20220419","2호선","용두(동대문구청)","2426","2492","20220422",""
"20220419","2호선","신정네거리","10411","10787","20220422",""
"20220419","2호선","양천구청","6994","7181","20220422",""
"20220419","2호선","도림천","1493","1560","20220422",""
"20220419","2호선","신설동","3114","1690","20220422",""
"20220419","2호선","신답","1647","1879","20220422",""
"20220419","2호선","용답","3178","3344","20220422",""
"20220419","2호선","충정로(경기대입구)","10235","10942","20220422",""
"20220419","2호선","아현","10876","10459","20220422",""
"20220419","2호선","이대","13579","14141","20220422",""
"20220419","2호선","신촌","30790","31855","20220422",""
"20220419","2호선","홍대입구","48324","50891","20220422",""
"20220419","2호선","합정","29414","31058","20220422",""
"20220419","2호선","당산","19741","22731","20220422",""
"20220419","2호선","영등포구청","22717","23764","20220422",""
"20220419","2호선","문래","22293","22788","20220422",""
"20220419","2호선","신도림","47267","47002","20220422",""
"20220419","2호선","대림(구로구청)","24357","24695","20220422",""
"20220419","2호선","구로디지털단지","59950","60205","20220422",""
"20220419","2호선","신대방","27527","26897","20220422",""
"20220419","2호선","신림","63524","61282","20220422",""
"20220419","2호선","봉천","24202","22439","20220422",""
"20220419","2호선","서울대입구(관악구청)","48123","47068","20220422",""
"20220419","2호선","낙성대(강감찬)","27218","26989","20220422",""
"20220419","2호선","사당","37564","41204","20220422",""
"20220419","2호선","방배","19986","20886","20220422",""
"20220419","2호선","서초","22757","21312","20220422",""
"20220419","2호선","교대(법원.검찰청)","35047","39924","20220422",""
"20220419","2호선","강남","82201","81612","20220422",""
"20220419","2호선","역삼","54050","61505","20220422",""
"20220419","2호선","삼성(무역센터)","50040","51206","20220422",""
"20220419","2호선","종합운동장","9185","10089","20220422",""
"20220419","2호선","잠실새내","20895","20721","20220422",""
"20220419","2호선","잠실(송파구청)","66283","65401","20220422",""
"20220419","2호선","강변(동서울터미널)","29318","27259","20220422",""
"20220419","2호선","구의(광진구청)","24016","23494","20220422",""
"20220419","2호선","건대입구","32928","35536","20220422",""
"20220419","2호선","성수","36931","40951","20220422",""
"20220419","2호선","뚝섬","22415","24169","20220422",""
"20220419","2호선","한양대","15290","16732","20220422",""
"20220419","2호선","왕십리(성동구청)","16268","12987","20220422",""
"20220419","2호선","상왕십리","14337","13855","20220422",""
"20220419","2호선","신당","13846","14249","20220422",""
"20220419","2호선","동대문역사문화공원(DDP)","11761","11376","20220422",""
"20220419","2호선","을지로4가","13117","13373","20220422",""
"20220419","2호선","을지로3가","22612","22602","20220422",""
"20220419","2호선","을지로입구","39103","40959","20220422",""
"20220419","5호선","발산","20732","21306","20220422",""
"20220419","5호선","우장산","15228","14804","20220422",""
"20220419","5호선","화곡","28910","27124","20220422",""
"20220419","5호선","까치산","29405","27810","20220422",""
"20220419","5호선","신정(은행정)","14377","11666","20220422",""
"20220419","5호선","목동","17129","18335","20220422",""
"20220419","5호선","오목교(목동운동장앞)","21323","23005","20220422",""
"20220419","5호선","양평","7774","7621","20220422",""
"20220419","5호선","영등포구청","4236","4349","20220422",""
"20220419","5호선","영등포시장","10067","10271","20220422",""
"20220419","5호선","신길","4250","4526","20220422",""
"20220419","5호선","여의도","29184","31025","20220422",""
"20220419","5호선","여의나루","12106","13350","20220422",""
"20220419","5호선","마포","14893","15261","20220422",""
"20220419","5호선","공덕","14813","15654","20220422",""
"20220419","5호선","애오개","7171","7094","20220422",""
"20220419","5호선","충정로(경기대입구)","5059","5161","20220422",""
"20220419","5호선","서대문","20699","20952","20220422",""
"20220419","5호선","광화문(세종문화회관)","29839","31640","20220422",""
"20220419","5호선","종로3가","11880","11983","20220422",""
"20220419","5호선","을지로4가","6464","6431","20220422",""
"20220419","5호선","동대문역사문화공원(DDP)","2953","3410","20220422",""
"20220419","5호선","청구","4148","3624","20220422",""
"20220419","5호선","신금호","6790","7042","20220422",""
"20220419","5호선","행당","8248","7391","20220422",""
"20220419","5호선","왕십리(성동구청)","4517","5171","20220422",""
"20220419","5호선","마장","5832","5559","20220422",""
"20220419","5호선","답십리","16079","14663","20220422",""
"20220419","5호선","장한평","18695","18456","20220422",""
"20220419","5호선","군자(능동)","11241","12319","20220422",""
"20220419","5호선","아차산(어린이대공원후문)","15325","14931","20220422",""
"20220419","5호선","광나루(장신대)","13667","12380","20220422",""
"20220419","5호선","천호(풍납토성)","17964","18036","20220422",""
"20220419","5호선","강동","19146","18253","20220422",""
"20220419","5호선","길동","8015","8224","20220422",""
"20220419","5호선","굽은다리(강동구민회관앞)","9471","8893","20220422",""
"20220419","5호선","명일","8952","9236","20220422",""
"20220419","5호선","고덕","9945","9946","20220422",""
"20220419","5호선","상일동","15382","14199","20220422",""
"20220419","5호선","둔촌동","8467","8553","20220422",""
"20220419","5호선","올림픽공원(한국체대)","4550","3877","20220422",""
"20220419","5호선","방이","7071","7457","20220422",""
"20220419","5호선","오금","3950","4016","20220422",""
"20220419","5호선","개롱","6637","6913","20220422",""
"20220419","5호선","거여","10715","10070","20220422",""
"20220419","5호선","마천","7669","7399","20220422",""
"20220419","5호선","강일","4288","3957","20220422",""
"20220419","5호선","미사","16353","16118","20220422",""
"20220419","5호선","하남풍산","4428","4364","20220422",""
"20220419","5호선","하남시청(덕풍·신장)","7292","7110","20220422",""
"20220419","5호선","하남검단산","5726","5544","20220422",""
"20220419","6호선","응암","17929","17733","20220422",""
"20220419","6호선","역촌","3765","4388","20220422",""
"20220419","6호선","불광","4143","4181","20220422",""
"20220419","6호선","독바위","2793","2960","20220422",""
"20220419","6호선","연신내","3","0","20220422",""
"20220419","6호선","구산","7853","5894","20220422",""
"20220419","6호선","새절(신사)","13832","12657","20220422",""
"20220419","6호선","증산(명지대앞)","10362","10347","20220422",""
"20220419","6호선","디지털미디어시티","14461","15725","20220422",""
"20220419","6호선","월드컵경기장(성산)","4448","4644","20220422",""
"20220419","6호선","마포구청","14459","12924","20220422",""
"20220419","6호선","망원","13570","14359","20220422",""
"20220419","6호선","합정","12539","12452","20220422",""
"20220419","6호선","상수","8366","9425","20220422",""
"20220419","6호선","광흥창(서강)","9394","9090","20220422",""
"20220419","6호선","대흥(서강대앞)","8614","8812","20220422",""
"20220419","6호선","공덕","18849","18466","20220422",""
"20220419","6호선","효창공원앞","7484","6879","20220422",""
"20220419","6호선","삼각지","6443","5743","20220422",""
"20220419","6호선","녹사평(용산구청)","4648","4647","20220422",""
"20220419","6호선","이태원","9300","9531","20220422",""
"20220419","6호선","한강진","7213","8330","20220422",""
"20220419","6호선","버티고개","2187","2125","20220422",""
"20220419","6호선","약수","3631","3483","20220422",""
"20220419","6호선","청구","3799","4075","20220422",""
"20220419","6호선","신당","8522","8913","20220422",""
"20220419","6호선","동묘앞","7580","7915","20220422",""
"20220419","6호선","창신","3797","3191","20220422",""
"20220419","6호선","보문","7339","6712","20220422",""
"20220419","6호선","안암(고대병원앞)","13357","13654","20220422",""
"20220419","6호선","고려대(종암)","8856","8603","20220422",""
"20220419","6호선","월곡(동덕여대)","12583","12188","20220422",""
"20220419","6호선","상월곡(한국과학기술연구원)","6618","6046","20220422",""
"20220419","6호선","돌곶이","9626","8977","20220422",""
"20220419","6호선","석계","12807","13625","20220422",""
"20220419","6호선","태릉입구","5750","6266","20220422",""
"20220419","6호선","화랑대(서울여대입구)","12984","10090","20220422",""
"20220419","6호선","봉화산(서울의료원)","9259","8668","20220422",""
"20220419","6호선","신내","1","0","20220422",""
"20220419","7호선","장암","2349","898","20220422",""
"20220419","7호선","도봉산","9968","11510","20220422",""
"20220419","7호선","수락산","12973","12642","20220422",""
"20220419","7호선","마들","13028","12451","20220422",""
"20220419","7호선","노원","19321","20256","20220422",""
"20220419","7호선","중계","15386","14182","20220422",""
"20220419","7호선","하계","18483","17234","20220422",""
"20220419","7호선","공릉(서울과학기술대)","13357","13063","20220422",""
"20220419","7호선","태릉입구","9228","8835","20220422",""
"20220419","7호선","먹골","10317","10106","20220422",""
"20220419","7호선","중화","11151","10870","20220422",""
"20220419","7호선","상봉(시외버스터미널)","16921","15874","20220422",""
"20220419","7호선","면목","16985","16479","20220422",""
"20220419","7호선","사가정","16576","16724","20220422",""
"20220419","7호선","용마산(용마폭포공원)","6396","6115","20220422",""
"20220419","7호선","중곡","11391","10478","20220422",""
"20220419","7호선","군자(능동)","15239","12295","20220422",""
"20220419","7호선","어린이대공원(세종대)","14347","14694","20220422",""
"20220419","7호선","건대입구","12429","12960","20220422",""
"20220419","7호선","뚝섬유원지","9342","9115","20220422",""
"20220419","7호선","청담","19850","22440","20220422",""
"20220419","7호선","강남구청","16638","18548","20220422",""
"20220419","7호선","학동","25023","26770","20220422",""
"20220419","7호선","논현","20903","22602","20220422",""
"20220419","7호선","반포","5986","5737","20220422",""
"20220419","7호선","고속터미널","14879","13087","20220422",""
"20220419","7호선","내방","14900","15312","20220422",""
"20220419","7호선","이수","15752","15315","20220422",""
"20220419","7호선","남성","11546","10647","20220422",""
"20220419","7호선","숭실대입구(살피재)","15254","15582","20220422",""
"20220419","7호선","상도","11481","11163","20220422",""
"20220419","7호선","장승배기","9098","8710","20220422",""
"20220419","7호선","신대방삼거리","17147","16395","20220422",""
"20220419","7호선","보라매","10498","10525","20220422",""
"20220419","7호선","신풍","11894","11333","20220422",""
"20220419","7호선","대림(구로구청)","7656","7771","20220422",""
"20220419","7호선","남구로","16275","17137","20220422",""
"20220419","7호선","가산디지털단지","46573","46979","20220422",""
"20220419","7호선","철산","21349","21899","20220422",""
"20220419","7호선","광명사거리","22520","22261","20220422",""
"20220419","7호선","천왕","11966","11378","20220422",""
"20220419","7호선","온수(성공회대입구)","11508","10800","20220422",""
"20220419","8호선","암사","19585","17279","20220422",""
"20220419","8호선","천호(풍납토성)","14866","17066","20220422",""
"20220419","8호선","강동구청","10524","10867","20220422",""
"20220419","8호선","몽촌토성(평화의문)","6376","6415","20220422",""
"20220419","8호선","잠실(송파구청)","13418","15969","20220422",""
"20220419","8호선","석촌","7856","8899","20220422",""
"20220419","8호선","송파","8492","8230","20220422",""
"20220419","8호선","가락시장","7833","8713","20220422",""
"20220419","8호선","문정","22645","23841","20220422",""
"20220419","8호선","장지","17679","16824","20220422",""
"20220419","8호선","복정","10624","8937","20220422",""
"20220419","8호선","산성","5775","5806","20220422",""
"20220419","8호선","남한산성입구(성남법원.검찰청)","16496","15209","20220422",""
"20220419","8호선","단대오거리","11747","11053","20220422",""
"20220419","8호선","신흥","4177","4426","20220422",""
"20220419","8호선","수진","5557","5110","20220422",""
"20220419","8호선","모란","6778","5494","20220422",""
"20220419","8호선","남위례","5186","5297","20220422",""
"20220419","9호선","개화","2552","1850","20220422",""
"20220419","9호선","김포공항","7185","10555","20220422",""
"20220419","9호선","공항시장","2993","3227","20220422",""
"20220419","9호선","신방화","7042","6667","20220422",""
"20220419","9호선","마곡나루(서울식물원)","12689","12533","20220422",""
"20220419","9호선","양천향교","10234","10398","20220422",""
"20220419","9호선","가양","21236","20566","20220422",""
"20220419","9호선","증미","7369","7167","20220422",""
"20220419","9호선","염창","17887","17127","20220422",""
"20220419","9호선","신목동","4284","3770","20220422",""
"20220419","9호선","선유도","8920","8464","20220422",""
"20220419","9호선","당산","18745","18490","20220422",""
"20220419","9호선","국회의사당","16061","17006","20220422",""
"20220419","9호선","여의도","28378","27939","20220422",""
"20220419","9호선","샛강","6239","6560","20220422",""
"20220419","9호선","노량진","26032","25235","20220422",""
"20220419","9호선","노들","4627","3850","20220422",""
"20220419","9호선","흑석(중앙대입구)","9024","9264","20220422",""
"20220419","9호선","동작(현충원)","2086","1738","20220422",""
"20220419","9호선","구반포","1367","1424","20220422",""
"20220419","9호선","신반포","3522","3465","20220422",""
"20220419","9호선","고속터미널","11977","14332","20220422",""
"20220419","9호선","사평","3498","3462","20220422",""
"20220419","9호선","신논현","30873","30787","20220422",""
"20220419","9호선2~3단계","언주","10613","10986","20220422",""
"20220419","9호선2~3단계","선정릉","9972","11012","20220422",""
"20220419","9호선2~3단계","삼성중앙","6898","7400","20220422",""
"20220419","9호선2~3단계","봉은사","15935","16106","20220422",""
"20220419","9호선2~3단계","종합운동장","4087","4312","20220422",""
"20220419","9호선2~3단계","삼전","6861","6670","20220422",""
"20220419","9호선2~3단계","석촌고분","6049","6023","20220422",""
"20220419","9호선2~3단계","석촌","8625","7532","20220422",""
"20220419","9호선2~3단계","송파나루","4928","5233","20220422",""
"20220419","9호선2~3단계","한성백제","2556","2323","20220422",""
"20220419","9호선2~3단계","올림픽공원(한국체대)","6109","6114","20220422",""
"20220419","9호선2~3단계","둔촌오륜","1212","1054","20220422",""
"20220419","9호선2~3단계","중앙보훈병원","11407","10099","20220422",""
"20220419","경강선","판교","4831","4812","20220422",""
"20220419","경강선","이매","1199","1042","20220422",""
"20220419","경강선","삼동","2522","2372","20220422",""
"20220419","경강선","경기광주","8085","7577","20220422",""
"20220419","경강선","초월","3348","3188","20220422",""
"20220419","경강선","곤지암","2408","2414","20220422",""
"20220419","경강선","신둔도예촌","1715","1582","20220422",""
"20220419","경강선","이천","2642","2694","20220422",""
"20220419","경강선","부발","2128","2107","20220422",""
"20220419","경강선","세종대왕릉","328","324","20220422",""
"20220419","경강선","여주","2483","2507","20220422",""
"20220419","경부선","서울역","5335","1698","20220422",""
"20220419","경부선","남영","9676","10319","20220422",""
"20220419","경부선","용산","29942","30481","20220422",""
"20220419","경부선","노량진","8144","8421","20220422",""
"20220419","경부선","대방","13333","13688","20220422",""
"20220419","경부선","영등포","35793","37062","20220422",""
"20220419","경부선","신도림","4272","4294","20220422",""
"20220419","경부선","신길","9362","7909","20220422",""
"20220419","경부선","구로","18564","19160","20220422",""
"20220419","경부선","가산디지털단지","19330","22301","20220422",""
"20220419","경부선","금천구청","12326","12098","20220422",""
"20220419","경부선","석수","10238","9284","20220422",""
"20220419","경부선","관악","7558","6963","20220422",""
"20220419","경부선","안양","26858","26586","20220422",""
"20220419","경부선","명학","11251","10981","20220422",""
"20220419","경부선","금정","27755","28306","20220422",""
"20220419","경부선","군포","8190","8121","20220422",""
"20220419","경부선","의왕","9795","9826","20220422",""
"20220419","경부선","성균관대","16079","15933","20220422",""
"20220419","경부선","화서","8729","8286","20220422",""
"20220419","경부선","수원","34914","37015","20220422",""
"20220419","경부선","독산","19290","20058","20220422",""
"20220419","경부선","세류","3113","2782","20220422",""
"20220419","경부선","병점","15404","15456","20220422",""
"20220419","경부선","세마","3034","2867","20220422",""
"20220419","경부선","오산대","4552","4264","20220422",""
"20220419","경부선","오산","10487","10526","20220422",""
"20220419","경부선","진위","1819","1583","20220422",""
"20220419","경부선","송탄","4546","4230","20220422",""
"20220419","경부선","서정리","7712","7307","20220422",""
"20220419","경부선","평택지제","3582","3490","20220422",""
"20220419","경부선","평택","12946","13047","20220422",""
"20220419","경부선","성환","6486","6344","20220422",""
"20220419","경부선","직산","940","871","20220422",""
"20220419","경부선","두정","7557","8340","20220422",""
"20220419","경부선","천안","6995","6695","20220422",""
"20220419","경부선","당정","6879","6394","20220422",""
"20220419","경부선","서동탄","1475","1225","20220422",""
"20220419","경부선","광명","3268","2840","20220422",""
"20220419","경원선","이촌(국립중앙박물관)","3758","2968","20220422",""
"20220419","경원선","서빙고","2082","1955","20220422",""
"20220419","경원선","한남","4186","3974","20220422",""
"20220419","경원선","옥수","54","38","20220422",""
"20220419","경원선","응봉","2094","1747","20220422",""
"20220419","경원선","왕십리(성동구청)","13678","14963","20220422",""
"20220419","경원선","청량리(서울시립대입구)","14474","15391","20220422",""
"20220419","경원선","외대앞","8338","8333","20220422",""
"20220419","경원선","신이문","8675","8116","20220422",""
"20220419","경원선","석계","8729","9633","20220422",""
"20220419","경원선","광운대","8958","8884","20220422",""
"20220420","수인선","인천논현","5886","6312","20220423",""
"20220420","7호선","청담","20087","22780","20220423",""
"20220420","중앙선","국수","902","894","20220423",""
"20220420","중앙선","아신","557","573","20220423",""
"20220420","중앙선","오빈","343","349","20220423",""
"20220420","중앙선","양평","2956","2976","20220423",""
"20220420","중앙선","원덕","470","451","20220423",""
"20220420","중앙선","용문","4395","4309","20220423",""
"20220420","중앙선","지평","84","97","20220423",""
"20220420","장항선","봉명","1339","1310","20220423",""
"20220420","장항선","쌍용(나사렛대)","3125","2856","20220423",""
"20220420","장항선","아산","3604","3182","20220423",""
"20220420","장항선","탕정","848","712","20220423",""
"20220420","장항선","배방","1121","1112","20220423",""
"20220420","장항선","온양온천","3731","3882","20220423",""
"20220420","장항선","신창(순천향대)","2870","2624","20220423",""
"20220420","중앙선","회기","25068","24368","20220423",""
"20220420","중앙선","중랑","5903","5491","20220423",""
"20220420","중앙선","상봉(시외버스터미널)","5976","5888","20220423",""
"20220420","중앙선","망우","8252","8041","20220423",""
"20220420","중앙선","양원","3323","3066","20220423",""
"20220420","중앙선","구리","13804","14052","20220423",""
"20220420","중앙선","도농","11288","10173","20220423",""
"20220420","중앙선","양정","830","706","20220423",""
"20220420","중앙선","덕소","5801","6008","20220423",""
"20220420","중앙선","도심","2627","2089","20220423",""
"20220420","중앙선","팔당","1044","1044","20220423",""
"20220420","중앙선","운길산","995","977","20220423",""
"20220420","중앙선","양수","2145","2111","20220423",""
"20220420","중앙선","신원","292","267","20220423",""
"20220420","3호선","지축","5221","4901","20220423",""
"20220420","7호선","면목","17130","16510","20220423",""
"20220420","1호선","서울역","42565","41248","20220423",""
"20220420","1호선","시청","23391","23265","20220423",""
"20220420","1호선","종각","34907","34433","20220423",""
"20220420","1호선","종로3가","25294","23016","20220423",""
"20220420","1호선","종로5가","22874","22938","20220423",""
"20220420","1호선","동대문","11231","10600","20220423",""
"20220420","1호선","신설동","14105","13841","20220423",""
"20220420","1호선","제기동","17771","18134","20220423",""
"20220420","1호선","청량리(서울시립대입구)","20517","20034","20220423",""
"20220420","1호선","동묘앞","8450","8748","20220423",""
"20220420","2호선","시청","24109","23778","20220423",""
"20220420","2호선","을지로입구","39235","41458","20220423",""
"20220420","2호선","을지로3가","22936","23281","20220423",""
"20220420","2호선","을지로4가","13136","13396","20220423",""
"20220420","2호선","동대문역사문화공원(DDP)","12043","12003","20220423",""
"20220420","2호선","신당","14588","15092","20220423",""
"20220420","2호선","상왕십리","14576","14166","20220423",""
"20220420","2호선","왕십리(성동구청)","16864","13654","20220423",""
"20220420","2호선","한양대","13935","15305","20220423",""
"20220420","2호선","뚝섬","22797","24580","20220423",""
"20220420","2호선","성수","37431","41178","20220423",""
"20220420","2호선","건대입구","33958","36626","20220423",""
"20220420","2호선","구의(광진구청)","24092","23374","20220423",""
"20220420","2호선","강변(동서울터미널)","29461","27431","20220423",""
"20220420","2호선","잠실나루","15268","14747","20220423",""
"20220420","2호선","잠실(송파구청)","67986","65927","20220423",""
"20220420","2호선","잠실새내","21247","21741","20220423",""
"20220420","2호선","종합운동장","10217","11588","20220423",""
"20220420","2호선","삼성(무역센터)","53398","54647","20220423",""
"20220420","2호선","선릉","58841","52629","20220423",""
"20220420","2호선","역삼","53518","61666","20220423",""
"20220420","2호선","강남","81919","81775","20220423",""
"20220420","2호선","교대(법원.검찰청)","35386","40272","20220423",""
"20220420","2호선","서초","23141","21768","20220423",""
"20220420","2호선","방배","19699","20529","20220423",""
"20220420","2호선","사당","37600","42060","20220423",""
"20220420","2호선","낙성대(강감찬)","27939","27137","20220423",""
"20220420","2호선","서울대입구(관악구청)","48218","47036","20220423",""
"20220420","2호선","봉천","24516","22987","20220423",""
"20220420","2호선","신림","64679","62511","20220423",""
"20220420","2호선","신대방","27618","26900","20220423",""
"20220420","2호선","구로디지털단지","60592","60955","20220423",""
"20220420","2호선","대림(구로구청)","24722","25299","20220423",""
"20220420","2호선","신도림","48358","48044","20220423",""
"20220420","2호선","문래","22554","23203","20220423",""
"20220420","2호선","영등포구청","22872","23698","20220423",""
"20220420","2호선","당산","19950","23170","20220423",""
"20220420","2호선","합정","30381","31728","20220423",""
"20220420","2호선","홍대입구","49164","52251","20220423",""
"20220420","2호선","신촌","31037","31689","20220423",""
"20220420","2호선","이대","13330","13959","20220423",""
"20220420","2호선","아현","10945","10302","20220423",""
"20220420","2호선","충정로(경기대입구)","10421","11479","20220423",""
"20220420","2호선","용답","3038","3045","20220423",""
"20220420","2호선","신답","1706","1920","20220423",""
"20220420","2호선","신설동","3327","1772","20220423",""
"20220420","2호선","도림천","1417","1476","20220423",""
"20220420","2호선","양천구청","7061","7214","20220423",""
"20220420","2호선","신정네거리","10559","10984","20220423",""
"20220420","2호선","용두(동대문구청)","2365","2391","20220423",""
"20220420","3호선","구파발","20957","20100","20220423",""
"20220420","3호선","연신내","37495","35111","20220423",""
"20220420","3호선","불광","16977","18242","20220423",""
"20220420","3호선","녹번","16485","14708","20220423",""
"20220420","3호선","홍제","18549","17571","20220423",""
"20220420","3호선","무악재","4010","4060","20220423",""
"20220420","3호선","독립문","7139","7584","20220423",""
"20220420","3호선","경복궁(정부서울청사)","22135","21778","20220423",""
"20220420","3호선","안국","22025","23058","20220423",""
"20220420","3호선","종로3가","10084","11566","20220423",""
"20220420","3호선","을지로3가","10835","11162","20220423",""
"20220420","3호선","동대입구","9062","9979","20220423",""
"20220420","3호선","약수","13332","12992","20220423",""
"20220420","3호선","금호","8237","7658","20220423",""
"20220420","3호선","옥수","9023","9341","20220423",""
"20220420","3호선","압구정","31405","33485","20220423",""
"20220420","3호선","신사","29692","31401","20220423",""
"20220420","3호선","잠원","5074","4927","20220423",""
"20220420","3호선","고속터미널","37711","36176","20220423",""
"20220420","3호선","교대(법원.검찰청)","15516","10048","20220423",""
"20220420","3호선","남부터미널(예술의전당)","28770","29637","20220423",""
"20220420","3호선","양재(서초구청)","39405","43202","20220423",""
"20220420","3호선","매봉","12855","12291","20220423",""
"20220420","3호선","도곡","5520","5558","20220423",""
"20220420","3호선","대치","10663","11012","20220423",""
"20220420","3호선","학여울","1935","1943","20220423",""
"20220420","3호선","대청","10438","9612","20220423",""
"20220420","3호선","일원","10910","10416","20220423",""
"20220420","3호선","수서","16982","17320","20220423",""
"20220420","3호선","가락시장","9124","9103","20220423",""
"20220420","3호선","경찰병원","7425","7375","20220423",""
"20220420","3호선","오금","6439","5828","20220423",""
"20220420","4호선","당고개","9229","8220","20220423",""
"20220420","4호선","상계","20264","18536","20220423",""
"20220420","4호선","노원","18631","20894","20220423",""
"20220420","4호선","창동","25922","26832","20220423",""
"20220420","4호선","쌍문","30139","27460","20220423",""
"20220420","4호선","수유(강북구청)","34506","34603","20220423",""
"20220420","4호선","미아(서울사이버대학)","15856","15232","20220423",""
"20220420","4호선","미아사거리","27989","27057","20220423",""
"20220420","4호선","길음","22070","21732","20220423",""
"20220420","4호선","성신여대입구(돈암)","20665","19856","20220423",""
"20220420","4호선","한성대입구(삼선교)","14277","13814","20220423",""
"20220420","4호선","혜화","33258","33875","20220423",""
"20220420","4호선","동대문","20158","20692","20220423",""
"20220420","4호선","동대문역사문화공원(DDP)","14487","13365","20220423",""
"20220420","4호선","충무로","28532","29245","20220423",""
"20220420","4호선","명동","19645","20047","20220423",""
"20220420","4호선","회현(남대문시장)","25348","27173","20220423",""
"20220420","4호선","서울역","11526","16413","20220423",""
"20220420","4호선","숙대입구(갈월)","14491","14081","20220423",""
"20220420","4호선","삼각지","4964","5595","20220423",""
"20220420","4호선","신용산","16297","17167","20220423",""
"20220420","4호선","이촌(국립중앙박물관)","7457","8243","20220423",""
"20220420","4호선","동작(현충원)","1623","1846","20220423",""
"20220420","4호선","총신대입구(이수)","19583","21011","20220423",""
"20220420","4호선","사당","25747","21601","20220423",""
"20220420","4호선","남태령","1298","1079","20220423",""
"20220420","5호선","방화","6947","6565","20220423",""
"20220420","5호선","개화산","5877","5613","20220423",""
"20220420","5호선","김포공항","6694","6973","20220423",""
"20220420","5호선","송정","6805","6496","20220423",""
"20220420","5호선","마곡","10927","11022","20220423",""
"20220420","5호선","발산","22225","22855","20220423",""
"20220420","5호선","우장산","15180","14702","20220423",""
"20220420","5호선","화곡","29340","26982","20220423",""
"20220420","5호선","까치산","29782","28330","20220423",""
"20220420","5호선","신정(은행정)","14440","11663","20220423",""
"20220420","5호선","목동","17214","18562","20220423",""
"20220420","5호선","오목교(목동운동장앞)","21420","22996","20220423",""
"20220420","5호선","양평","7721","7713","20220423",""
"20220420","5호선","영등포구청","4156","4285","20220423",""
"20220420","5호선","영등포시장","10311","10494","20220423",""
"20220420","5호선","신길","4312","4584","20220423",""
"20220420","5호선","여의도","30483","31575","20220423",""
"20220420","5호선","여의나루","12832","13623","20220423",""
"20220420","5호선","마포","14900","15301","20220423",""
"20220420","5호선","공덕","14581","15600","20220423",""
"20220420","5호선","애오개","7080","7155","20220423",""
"20220420","5호선","충정로(경기대입구)","4955","5294","20220423",""
"20220420","5호선","서대문","20352","20800","20220423",""
"20220420","5호선","광화문(세종문화회관)","30455","32440","20220423",""
"20220420","5호선","종로3가","12246","12359","20220423",""
"20220420","5호선","을지로4가","6459","6472","20220423",""
"20220420","5호선","동대문역사문화공원(DDP)","2851","3429","20220423",""
"20220420","5호선","청구","4161","3796","20220423",""
"20220420","5호선","신금호","6867","7041","20220423",""
"20220420","5호선","행당","8419","7425","20220423",""
"20220420","5호선","왕십리(성동구청)","4865","5367","20220423",""
"20220420","5호선","마장","5867","5561","20220423",""
"20220420","5호선","답십리","16329","14919","20220423",""
"20220420","5호선","장한평","19115","18793","20220423",""
"20220420","5호선","군자(능동)","11388","12613","20220423",""
"20220420","5호선","아차산(어린이대공원후문)","15449","14943","20220423",""
"20220420","5호선","광나루(장신대)","14009","12777","20220423",""
"20220420","5호선","천호(풍납토성)","17927","18367","20220423",""
"20220420","5호선","강동","18916","18166","20220423",""
"20220420","5호선","길동","8175","8485","20220423",""
"20220420","5호선","굽은다리(강동구민회관앞)","9566","9053","20220423",""
"20220420","5호선","명일","8957","9317","20220423",""
"20220420","5호선","고덕","9971","9732","20220423",""
"20220420","5호선","상일동","15468","14440","20220423",""
"20220420","5호선","둔촌동","8488","8411","20220423",""
"20220420","5호선","올림픽공원(한국체대)","4516","3915","20220423",""
"20220420","5호선","방이","7266","7420","20220423",""
"20220420","5호선","오금","3928","4027","20220423",""
"20220420","5호선","개롱","6581","6817","20220423",""
"20220420","5호선","거여","10665","9988","20220423",""
"20220420","5호선","마천","7629","7301","20220423",""
"20220420","5호선","강일","4307","4070","20220423",""
"20220420","5호선","미사","16807","16728","20220423",""
"20220420","5호선","하남풍산","4396","4271","20220423",""
"20220420","5호선","하남시청(덕풍·신장)","7007","6722","20220423",""
"20220420","5호선","하남검단산","5841","5489","20220423",""
"20220420","6호선","응암","18184","17913","20220423",""
"20220420","6호선","역촌","3809","4455","20220423",""
"20220420","6호선","불광","4946","4862","20220423",""
"20220420","6호선","독바위","2791","2960","20220423",""
"20220420","6호선","구산","7979","5846","20220423",""
"20220420","6호선","새절(신사)","13711","12584","20220423",""
"20220420","6호선","증산(명지대앞)","10600","10430","20220423",""
"20220420","6호선","디지털미디어시티","14512","15856","20220423",""
"20220420","6호선","월드컵경기장(성산)","4599","4758","20220423",""
"20220420","6호선","마포구청","14669","13047","20220423",""
"20220420","6호선","망원","13753","14546","20220423",""
"20220420","6호선","합정","12789","12755","20220423",""
"20220420","6호선","상수","8166","9326","20220423",""
"20220420","6호선","광흥창(서강)","9280","9044","20220423",""
"20220420","6호선","대흥(서강대앞)","8414","8626","20220423",""
"20220420","6호선","공덕","19057","18371","20220423",""
"20220420","6호선","효창공원앞","7512","6878","20220423",""
"20220420","6호선","삼각지","6718","5964","20220423",""
"20220420","6호선","녹사평(용산구청)","4840","4765","20220423",""
"20220420","6호선","이태원","9632","10276","20220423",""
"20220420","6호선","한강진","7558","8816","20220423",""
"20220420","6호선","버티고개","2135","2107","20220423",""
"20220420","6호선","약수","3606","3566","20220423",""
"20220420","6호선","청구","3931","4218","20220423",""
"20220420","6호선","신당","9031","9514","20220423",""
"20220420","6호선","동묘앞","7866","7938","20220423",""
"20220420","6호선","창신","3758","3163","20220423",""
"20220420","6호선","보문","7431","6814","20220423",""
"20220420","6호선","안암(고대병원앞)","12669","12810","20220423",""
"20220420","6호선","고려대(종암)","8609","8494","20220423",""
"20220420","6호선","월곡(동덕여대)","12222","11942","20220423",""
"20220420","6호선","상월곡(한국과학기술연구원)","6571","5792","20220423",""
"20220420","6호선","돌곶이","9821","9034","20220423",""
"20220420","6호선","석계","13052","13610","20220423",""
"20220420","6호선","태릉입구","5646","6406","20220423",""
"20220420","6호선","화랑대(서울여대입구)","13043","10233","20220423",""
"20220420","6호선","봉화산(서울의료원)","9340","8709","20220423",""
"20220420","7호선","장암","2351","916","20220423",""
"20220420","7호선","도봉산","10152","11616","20220423",""
"20220420","7호선","수락산","13084","12698","20220423",""
"20220420","7호선","마들","13266","12534","20220423",""
"20220420","7호선","노원","19168","20336","20220423",""
"20220420","7호선","중계","15575","14300","20220423",""
"20220420","7호선","하계","19429","18320","20220423",""
"20220420","7호선","공릉(서울과학기술대)","13293","13077","20220423",""
"20220420","7호선","태릉입구","9348","8704","20220423",""
"20220420","7호선","먹골","10341","10204","20220423",""
"20220420","7호선","중화","11109","10722","20220423",""
"20220420","7호선","상봉(시외버스터미널)","17038","15962","20220423",""
"20220420","7호선","사가정","16693","16683","20220423",""
"20220420","7호선","용마산(용마폭포공원)","6275","6032","20220423",""
"20220420","7호선","중곡","11435","10571","20220423",""
"20220420","7호선","군자(능동)","15143","12155","20220423",""
"20220420","7호선","어린이대공원(세종대)","14341","14521","20220423",""
"20220420","7호선","건대입구","12699","13249","20220423",""
"20220420","7호선","뚝섬유원지","9914","9639","20220423",""
"20220420","7호선","강남구청","16744","18619","20220423",""
"20220420","7호선","학동","25038","26964","20220423",""
"20220420","7호선","논현","20993","22536","20220423",""
"20220420","7호선","반포","6269","6087","20220423",""
"20220420","7호선","고속터미널","15071","13270","20220423",""
"20220420","7호선","내방","15042","15397","20220423",""
"20220420","7호선","이수","15977","15692","20220423",""
"20220420","7호선","남성","11724","10750","20220423",""
"20220420","7호선","숭실대입구(살피재)","15412","15422","20220423",""
"20220420","7호선","상도","11441","11235","20220423",""
"20220420","7호선","장승배기","9180","8903","20220423",""
"20220420","7호선","신대방삼거리","17246","16539","20220423",""
"20220420","7호선","보라매","10426","10497","20220423",""
"20220420","7호선","신풍","12136","11490","20220423",""
"20220420","7호선","대림(구로구청)","7725","7785","20220423",""
"20220420","7호선","남구로","16090","17085","20220423",""
"20220420","7호선","가산디지털단지","46618","46994","20220423",""
"20220420","7호선","철산","21708","22043","20220423",""
"20220420","7호선","광명사거리","22520","22211","20220423",""
"20220420","7호선","천왕","11971","11379","20220423",""
"20220420","7호선","온수(성공회대입구)","11323","10699","20220423",""
"20220420","7호선","부천종합운동장","1","0","20220423",""
"20220420","7호선","삼산체육관","1","0","20220423",""
"20220420","8호선","암사","19640","17214","20220423",""
"20220420","8호선","천호(풍납토성)","14748","16818","20220423",""
"20220420","8호선","강동구청","10599","10944","20220423",""
"20220420","8호선","몽촌토성(평화의문)","6282","6356","20220423",""
"20220420","8호선","잠실(송파구청)","13474","16234","20220423",""
"20220420","8호선","석촌","7956","9040","20220423",""
"20220420","8호선","송파","8574","8358","20220423",""
"20220420","8호선","가락시장","7863","8782","20220423",""
"20220420","8호선","문정","22478","24001","20220423",""
"20220420","8호선","장지","18220","17535","20220423",""
"20220420","8호선","복정","10449","8799","20220423",""
"20220420","8호선","산성","5698","5664","20220423",""
"20220420","8호선","남한산성입구(성남법원.검찰청)","16043","14785","20220423",""
"20220420","8호선","단대오거리","11645","11119","20220423",""
"20220420","8호선","신흥","4223","4503","20220423",""
"20220420","8호선","수진","5454","5029","20220423",""
"20220420","8호선","모란","4511","3646","20220423",""
"20220420","8호선","남위례","5158","5256","20220423",""
"20220420","9호선","개화","2683","1830","20220423",""
"20220420","9호선","김포공항","6915","11052","20220423",""
"20220420","9호선","공항시장","3046","3307","20220423",""
"20220420","9호선","신방화","7226","6945","20220423",""
"20220420","9호선","마곡나루(서울식물원)","12772","12600","20220423",""
"20220420","9호선","양천향교","10233","10460","20220423",""
"20220420","9호선","가양","21297","20678","20220423",""
"20220420","9호선","증미","7456","7245","20220423",""
"20220420","9호선","등촌","11535","11094","20220423",""
"20220420","9호선","염창","18079","17528","20220423",""
"20220420","9호선","신목동","4366","3796","20220423",""
"20220420","9호선","선유도","9096","8729","20220423",""
"20220420","9호선","당산","19030","19047","20220423",""
"20220420","9호선","국회의사당","18715","18471","20220423",""
"20220420","9호선","여의도","29202","28274","20220423",""
"20220420","9호선","샛강","6381","6535","20220423",""
"20220420","9호선","노량진","26790","25750","20220423",""
"20220420","9호선","노들","4615","3878","20220423",""
"20220420","9호선","흑석(중앙대입구)","8700","8896","20220423",""
"20220420","9호선","동작(현충원)","2057","1690","20220423",""
"20220420","9호선","구반포","1305","1388","20220423",""
"20220420","9호선","신반포","3588","3449","20220423",""
"20220420","9호선","고속터미널","12424","14937","20220423",""
"20220420","9호선","사평","3566","3548","20220423",""
"20220420","9호선","신논현","31111","31277","20220423",""
"20220420","9호선2~3단계","언주","10752","10822","20220423",""
"20220420","9호선2~3단계","선정릉","10052","11167","20220423",""
"20220420","9호선2~3단계","삼성중앙","7031","7406","20220423",""
"20220420","9호선2~3단계","봉은사","17422","17951","20220423",""
"20220420","9호선2~3단계","종합운동장","4249","4445","20220423",""
"20220420","9호선2~3단계","삼전","7052","6661","20220423",""
"20220420","9호선2~3단계","석촌고분","6270","6096","20220423",""
"20220420","9호선2~3단계","석촌","8741","7687","20220423",""
"20220420","9호선2~3단계","송파나루","4952","5380","20220423",""
"20220420","9호선2~3단계","한성백제","2629","2399","20220423",""
"20220420","9호선2~3단계","올림픽공원(한국체대)","6150","6080","20220423",""
"20220420","9호선2~3단계","둔촌오륜","1247","1115","20220423",""
"20220420","9호선2~3단계","중앙보훈병원","11269","9960","20220423",""
"20220420","경강선","판교","4932","4778","20220423",""
"20220420","경강선","이매","1250","1049","20220423",""
"20220420","경강선","삼동","2530","2348","20220423",""
"20220420","경강선","경기광주","8002","7583","20220423",""
"20220420","경강선","초월","3325","3161","20220423",""
"20220420","경강선","곤지암","2458","2383","20220423",""
"20220420","경강선","신둔도예촌","1717","1474","20220423",""
"20220420","경강선","이천","2532","2728","20220423",""
"20220420","경강선","부발","2063","2088","20220423",""
"20220420","경강선","세종대왕릉","352","344","20220423",""
"20220420","경강선","여주","2694","2638","20220423",""
"20220420","경부선","서울역","5341","1809","20220423",""
"20220420","경부선","남영","10025","10508","20220423",""
"20220420","경부선","용산","31073","31384","20220423",""
"20220420","경부선","노량진","8344","8715","20220423",""
"20220420","경부선","대방","13617","14069","20220423",""
"20220420","경부선","영등포","36387","37858","20220423",""
"20220420","경부선","신도림","4377","4303","20220423",""
"20220420","경부선","신길","9571","7986","20220423",""
"20220420","경부선","구로","19601","20209","20220423",""
"20220420","경부선","가산디지털단지","19379","22567","20220423",""
"20220420","경부선","금천구청","12602","12525","20220423",""
"20220420","경부선","석수","10177","9341","20220423",""
"20220420","경부선","관악","7730","7115","20220423",""
"20220420","경부선","안양","27938","27450","20220423",""
"20220420","경부선","명학","11280","11068","20220423",""
"20220420","경부선","금정","28131","28731","20220423",""
"20220420","경부선","군포","8130","7993","20220423",""
"20220420","경부선","의왕","10024","9849","20220423",""
"20220420","경부선","성균관대","16319","15855","20220423",""
"20220420","경부선","화서","8728","8338","20220423",""
"20220420","경부선","수원","35395","37722","20220423",""
"20220420","경부선","독산","19369","20144","20220423",""
"20220420","경부선","세류","3152","2879","20220423",""
"20220420","경부선","병점","16157","16138","20220423",""
"20220420","경부선","세마","3141","2924","20220423",""
"20220420","경부선","오산대","4403","4083","20220423",""
"20220420","경부선","오산","10661","10570","20220423",""
"20220420","경부선","진위","1829","1560","20220423",""
"20220420","경부선","송탄","4518","4243","20220423",""
"20220420","경부선","서정리","7814","7368","20220423",""
"20220420","경부선","평택지제","3566","3402","20220423",""
"20220420","경부선","평택","12884","13273","20220423",""
"20220420","경부선","성환","7099","6800","20220423",""
"20220420","경부선","직산","890","890","20220423",""
"20220420","경부선","두정","7763","8312","20220423",""
"20220420","경부선","천안","6673","6222","20220423",""
"20220420","경부선","당정","7335","6891","20220423",""
"20220420","경부선","서동탄","1455","1294","20220423",""
"20220420","경부선","광명","3318","2875","20220423",""
"20220420","경원선","이촌(국립중앙박물관)","3868","2864","20220423",""
"20220420","경원선","서빙고","2036","1873","20220423",""
"20220420","경원선","한남","4178","4010","20220423",""
"20220420","경원선","옥수","57","38","20220423",""
"20220420","경원선","응봉","2074","1859","20220423",""
"20220420","경원선","왕십리(성동구청)","14105","15374","20220423",""
"20220420","경원선","청량리(서울시립대입구)","14494","15516","20220423",""
"20220420","경원선","외대앞","7212","7065","20220423",""
"20220420","경원선","신이문","8653","8041","20220423",""
"20220420","경원선","석계","8828","9527","20220423",""
"20220420","경원선","광운대","9282","9059","20220423",""
"20220420","경원선","월계","8914","8226","20220423",""
"20220420","경원선","녹천","5059","4164","20220423",""
"20220420","경원선","방학","10172","10076","20220423",""
"20220420","경원선","도봉","6259","5989","20220423",""
"20220420","경원선","도봉산","8399","5648","20220423",""
"20220420","경원선","망월사","9945","10019","20220423",""
"20220420","경원선","회룡","13330","13225","20220423",""
"20220420","경원선","의정부","18882","19494","20220423",""
"20220420","경원선","가능","7297","7077","20220423",""
"20220420","경원선","녹양","4937","4715","20220423",""
"20220420","경원선","양주","8495","7836","20220423",""
"20220420","경원선","덕계","3497","3166","20220423",""
"20220420","경원선","덕정","6708","6414","20220423",""
"20220420","경원선","지행","7060","6951","20220423",""
"20220420","경원선","동두천중앙","3537","3493","20220423",""
"20220420","경원선","보산","1555","1418","20220423",""
"20220420","경원선","동두천","2842","3208","20220423",""
"20220420","경원선","소요산","2994","2535","20220423",""
"20220420","경의선","서울역","4608","5794","20220423",""
"20220420","경의선","신촌","860","1106","20220423",""
"20220420","경의선","효창공원앞","3168","3567","20220423",""
"20220420","경의선","공덕","3590","3283","20220423",""
"20220420","경의선","서강대","2142","2000","20220423",""
"20220420","경의선","홍대입구","1635","1802","20220423",""
"20220420","경의선","가좌","5859","5522","20220423",""
"20220420","경의선","디지털미디어시티","2730","2466","20220423",""
"20220420","경의선","수색","2995","3222","20220423",""
"20220420","경의선","화전","3450","3246","20220423",""
"20220420","경의선","강매","3484","3014","20220423",""
"20220420","경의선","행신","8320","8351","20220423",""
"20220420","경의선","능곡","4190","3872","20220423",""
"20220420","경의선","곡산","839","844","20220423",""
"20220420","경의선","백마","7276","7069","20220423",""
"20220420","경의선","풍산","5883","5425","20220423",""
"20220420","경의선","일산","10025","9864","20220423",""
"20220420","경의선","탄현","8175","7820","20220423",""
"20220420","경의선","야당","7861","7852","20220423",""
"20220420","경의선","운정","7341","6924","20220423",""
"20220420","경의선","금릉","5143","4852","20220423",""
"20220420","경의선","금촌","6452","6555","20220423",""
"20220420","경의선","월롱","3257","3091","20220423",""
"20220420","경의선","파주","1649","1252","20220423",""
"20220420","경의선","문산","5237","5173","20220423",""
"20220420","경의선","임진강","15","14","20220423",""
"20220420","경인선","개봉","22371","21980","20220423",""
"20220420","경인선","오류동","12614","11542","20220423",""
"20220420","경인선","역곡","29825","29200","20220423",""
"20220420","경인선","부천","34066","34158","20220423",""
"20220420","경인선","송내","28765","28858","20220423",""
"20220420","경인선","부평","28758","30918","20220423",""
"20220420","경인선","백운","7228","7075","20220423",""
"20220420","경인선","동암","15060","15174","20220423",""
"20220420","경인선","주안","20397","18696","20220423",""
"20220420","경인선","제물포","11770","11065","20220423",""
"20220420","경인선","동인천","15063","14221","20220423",""
"20220420","경인선","인천","4055","3230","20220423",""
"20220420","경인선","구일","7021","6948","20220423",""
"20220420","경인선","소사","9800","9334","20220423",""
"20220420","경인선","부개","9052","8525","20220423",""
"20220420","경인선","간석","6255","5894","20220423",""
"20220420","경인선","도원","3312","3380","20220423",""
"20220420","경인선","온수(성공회대입구)","7555","7132","20220423",""
"20220420","경인선","중동","10007","9350","20220423",""
"20220420","경인선","도화","4471","4094","20220423",""
"20220420","경춘선","신내","2421","2327","20220423",""
"20220420","경춘선","갈매","3294","2828","20220423",""
"20220420","경춘선","별내","3368","3133","20220423",""
"20220420","경춘선","퇴계원","3697","3433","20220423",""
"20220420","경춘선","사릉","2757","2693","20220423",""
"20220420","경춘선","금곡","1666","1604","20220423",""
"20220420","경춘선","평내호평","6676","6534","20220423",""
"20220420","경춘선","천마산","1794","1667","20220423",""
"20220420","경춘선","마석","4224","4224","20220423",""
"20220420","경춘선","대성리","611","581","20220423",""
"20220420","경춘선","청평","1683","1683","20220423",""
"20220420","경춘선","상천","394","369","20220423",""
"20220420","경춘선","가평","1689","1686","20220423",""
"20220420","경춘선","굴봉산","219","202","20220423",""
"20220420","경춘선","백양리","125","137","20220423",""
"20220420","경춘선","강촌","501","491","20220423",""
"20220420","경춘선","김유정","371","397","20220423",""
"20220420","경춘선","남춘천","2596","2530","20220423",""
"20220420","경춘선","춘천","1791","1505","20220423",""
"20220420","공항철도 1호선","서울역","7536","6932","20220423",""
"20220420","공항철도 1호선","공덕","2305","3080","20220423",""
"20220420","공항철도 1호선","홍대입구","8941","9159","20220423",""
"20220420","공항철도 1호선","디지털미디어시티","14388","13522","20220423",""
"20220420","공항철도 1호선","마곡나루(서울식물원)","9613","9318","20220423",""
"20220420","공항철도 1호선","김포공항","11170","6447","20220423",""
"20220420","공항철도 1호선","계양","10816","10190","20220423",""
"20220420","공항철도 1호선","검암","6895","6789","20220423",""
"20220420","공항철도 1호선","청라국제도시","7293","6813","20220423",""
"20220420","공항철도 1호선","운서","7196","7174","20220423",""
"20220420","공항철도 1호선","공항화물청사","2386","2518","20220423",""
"20220420","공항철도 1호선","인천공항1터미널","4759","4826","20220423",""
"20220420","공항철도 1호선","인천공항2터미널","2644","2312","20220423",""
"20220420","공항철도 1호선","영종","3292","3311","20220423",""
"20220420","과천선","선바위","8646","7719","20220423",""
"20220420","과천선","경마공원","1827","1754","20220423",""
"20220420","과천선","대공원","3907","4161","20220423",""
"20220420","과천선","과천","6737","6173","20220423",""
"20220420","과천선","정부과천청사","11192","11169","20220423",""
"20220420","과천선","인덕원","25847","26598","20220423",""
"20220420","과천선","평촌","18602","18141","20220423",""
"20220420","과천선","범계","27797","27902","20220423",""
"20220420","분당선","선릉","14034","21283","20220423",""
"20220420","분당선","한티","13969","15055","20220423",""
"20220420","분당선","도곡","7122","7013","20220423",""
"20220420","분당선","구룡","2471","2362","20220423",""
"20220420","분당선","개포동","4075","4234","20220423",""
"20220420","분당선","대모산입구","4680","4369","20220423",""
"20220420","분당선","수서","13755","14008","20220423",""
"20220420","분당선","복정","2","0","20220423",""
"20220420","분당선","수원","8400","6913","20220423",""
"20220420","분당선","서울숲","12440","12922","20220423",""
"20220420","분당선","압구정로데오","18705","20741","20220423",""
"20220420","분당선","강남구청","10433","12158","20220423",""
"20220420","분당선","선정릉","8272","8893","20220423",""
"20220420","분당선","가천대","11651","12494","20220423",""
"20220420","분당선","태평","13722","13198","20220423",""
"20220420","분당선","모란","20574","20983","20220423",""
"20220420","분당선","야탑","27467","28724","20220423",""
"20220420","분당선","서현","24089","24355","20220423",""
"20220420","분당선","수내","13811","13966","20220423",""
"20220420","분당선","정자","17864","18902","20220423",""
"20220420","분당선","미금","16581","17739","20220423",""
"20220420","분당선","오리","12169","9857","20220423",""
"20220420","분당선","이매","6020","5673","20220423",""
"20220420","분당선","보정","2830","2474","20220423",""
"20220420","분당선","죽전","14512","15898","20220423",""
"20220420","분당선","구성","5222","5551","20220423",""
"20220420","분당선","신갈","4771","4773","20220423",""
"20220420","분당선","기흥","10573","9856","20220423",""
"20220420","분당선","상갈","5685","5473","20220423",""
"20220420","분당선","청명","4490","4363","20220423",""
"20220420","분당선","영통","8437","8702","20220423",""
"20220420","분당선","망포","14911","14107","20220423",""
"20220420","분당선","매탄권선","5316","5329","20220423",""
"20220420","분당선","수원시청","13002","13949","20220423",""
"20220420","분당선","매교","3316","3265","20220423",""
"20220420","수인선","고색","4998","4816","20220423",""
"20220420","수인선","오목천","4008","3663","20220423",""
"20220420","수인선","어천","790","821","20220423",""
"20220420","수인선","야목","426","309","20220423",""
"20220420","수인선","사리","5119","4596","20220423",""
"20220420","수인선","달월","109","64","20220423",""
"20220420","수인선","월곶","3028","2840","20220423",""
"20220420","수인선","소래포구","6438","6161","20220423",""
"20220420","수인선","호구포","4373","4479","20220423",""
"20220420","수인선","남동인더스파크","2383","2653","20220423",""
"20220420","수인선","원인재","4561","4913","20220423",""
"20220420","수인선","연수","4844","4820","20220423",""
"20220420","수인선","송도","2667","2511","20220423",""
"20220420","수인선","인하대","7636","7105","20220423",""
"20220420","수인선","숭의","4326","4004","20220423",""
"20220420","수인선","신포","2137","2148","20220423",""
"20220420","수인선","인천","1054","1802","20220423",""
"20220420","안산선","산본","16688","17637","20220423",""
"20220420","안산선","대야미","5410","4929","20220423",""
"20220420","안산선","반월","4669","4518","20220423",""
"20220420","안산선","상록수","17571","17645","20220423",""
"20220420","안산선","한대앞","10612","10602","20220423",""
"20220420","안산선","중앙","18672","19402","20220423",""
"20220420","안산선","고잔","9563","9156","20220423",""
"20220420","안산선","초지","5557","5914","20220423",""
"20220420","안산선","안산","11836","10844","20220423",""
"20220420","안산선","신길온천","1906","1739","20220423",""
"20220420","안산선","정왕","10624","10781","20220423",""
"20220420","안산선","오이도","8968","8880","20220423",""
"20220420","안산선","수리산","4912","4142","20220423",""
"20220420","우이신설선","북한산우이","2830","2557","20220423",""
"20220420","우이신설선","솔밭공원","2610","2515","20220423",""
"20220420","우이신설선","4.19민주묘지","3882","3768","20220423",""
"20220420","우이신설선","가오리","4416","4327","20220423",""
"20220420","우이신설선","화계","3527","3318","20220423",""
"20220420","우이신설선","삼양","2043","2098","20220423",""
"20220420","우이신설선","삼양사거리","2518","2517","20220423",""
"20220420","우이신설선","솔샘","6123","5740","20220423",""
"20220420","우이신설선","북한산보국문","6228","5791","20220423",""
"20220420","우이신설선","정릉","4935","4440","20220423",""
"20220420","우이신설선","성신여대입구(돈암)","3261","3527","20220423",""
"20220420","우이신설선","보문","1588","1560","20220423",""
"20220420","우이신설선","신설동","2251","2153","20220423",""
"20220420","일산선","원흥","11441","10987","20220423",""
"20220420","일산선","삼송","20905","19921","20220423",""
"20220420","일산선","원당","11883","11200","20220423",""
"20220420","일산선","화정","17458","17907","20220423",""
"20220420","일산선","대곡","2291","1842","20220423",""
"20220420","일산선","백석","9987","9887","20220423",""
"20220420","일산선","마두","8025","8137","20220423",""
"20220420","일산선","정발산","7335","7483","20220423",""
"20220420","일산선","주엽","9465","9377","20220423",""
"20220420","일산선","대화","13366","10805","20220423",""
"20220421","수인선","소래포구","6315","5913","20220424",""
"20220421","수인선","월곶","3073","2875","20220424",""
"20220421","수인선","달월","127","88","20220424",""
"20220421","수인선","오목천","4363","3942","20220424",""
"20220421","수인선","고색","5148","4916","20220424",""
"20220421","분당선","매교","3347","3330","20220424",""
"20220421","분당선","수원시청","12898","13819","20220424",""
"20220421","분당선","매탄권선","5383","5255","20220424",""
"20220421","분당선","망포","15033","14231","20220424",""
"20220421","분당선","영통","8345","8556","20220424",""
"20220421","분당선","청명","4480","4440","20220424",""
"20220421","분당선","상갈","5614","5455","20220424",""
"20220421","분당선","기흥","10465","9822","20220424",""
"20220421","분당선","신갈","4631","4538","20220424",""
"20220421","분당선","구성","5258","5587","20220424",""
"20220421","분당선","죽전","14814","15938","20220424",""
"20220421","분당선","보정","2691","2321","20220424",""
"20220421","분당선","이매","5939","5697","20220424",""
"20220421","분당선","오리","12310","10118","20220424",""
"20220421","분당선","미금","15997","17149","20220424",""
"20220421","분당선","정자","17703","18892","20220424",""
"20220421","분당선","수내","13478","13623","20220424",""
"20220421","분당선","서현","23806","24299","20220424",""
"20220421","분당선","야탑","26688","28047","20220424",""
"20220421","분당선","모란","20943","20893","20220424",""
"20220421","분당선","태평","13848","13368","20220424",""
"20220421","분당선","가천대","11733","12292","20220424",""
"20220421","분당선","선정릉","8317","8899","20220424",""
"20220421","분당선","강남구청","10308","12088","20220424",""
"20220421","분당선","압구정로데오","18810","21067","20220424",""
"20220421","분당선","서울숲","12573","13226","20220424",""
"20220421","분당선","수원","8734","7207","20220424",""
"20220421","분당선","수서","14752","15064","20220424",""
"20220421","분당선","대모산입구","5091","4543","20220424",""
"20220421","분당선","개포동","4235","4178","20220424",""
"20220421","분당선","구룡","2496","2426","20220424",""
"20220421","분당선","도곡","7697","7674","20220424",""
"20220421","분당선","한티","14149","15034","20220424",""
"20220421","분당선","선릉","14243","22304","20220424",""
"20220421","과천선","범계","20777","22499","20220424",""
"20220421","과천선","평촌","14560","12856","20220424",""
"20220421","과천선","인덕원","19745","21847","20220424",""
"20220421","과천선","정부과천청사","8851","7720","20220424",""
"20220421","과천선","과천","4377","5338","20220424",""
"20220421","과천선","대공원","3430","3050","20220424",""
"20220421","과천선","경마공원","1222","1096","20220424",""
"20220421","과천선","선바위","6637","6347","20220424",""
"20220421","공항철도 1호선","영종","3351","3318","20220424",""
"20220421","공항철도 1호선","인천공항2터미널","2768","2379","20220424",""
"20220421","공항철도 1호선","인천공항1터미널","4826","4442","20220424",""
"20220421","공항철도 1호선","공항화물청사","2281","2511","20220424",""
"20220421","공항철도 1호선","운서","7149","7142","20220424",""
"20220421","공항철도 1호선","청라국제도시","7275","6935","20220424",""
"20220421","공항철도 1호선","검암","6946","6829","20220424",""
"20220421","공항철도 1호선","계양","11035","10330","20220424",""
"20220421","공항철도 1호선","김포공항","11723","6735","20220424",""
"20220421","공항철도 1호선","마곡나루(서울식물원)","9734","9536","20220424",""
"20220421","공항철도 1호선","디지털미디어시티","14596","13652","20220424",""
"20220421","공항철도 1호선","홍대입구","9063","9169","20220424",""
"20220421","공항철도 1호선","공덕","2463","3119","20220424",""
"20220421","공항철도 1호선","서울역","8151","7611","20220424",""
"20220421","경춘선","춘천","1731","1416","20220424",""
"20220421","경춘선","남춘천","2860","2610","20220424",""
"20220421","경춘선","김유정","428","449","20220424",""
"20220421","경춘선","강촌","538","533","20220424",""
"20220421","경춘선","백양리","126","164","20220424",""
"20220421","경춘선","굴봉산","260","231","20220424",""
"20220421","경춘선","가평","1777","1758","20220424",""
"20220421","경춘선","상천","405","401","20220424",""
"20220421","경춘선","청평","1716","1744","20220424",""
"20220421","경춘선","대성리","659","626","20220424",""
"20220421","경춘선","마석","4230","4197","20220424",""
"20220421","경춘선","천마산","1888","1754","20220424",""
"20220421","경춘선","평내호평","6741","6641","20220424",""
"20220421","경춘선","금곡","1690","1622","20220424",""
"20220421","경춘선","사릉","2716","2670","20220424",""
"20220421","경춘선","퇴계원","3744","3510","20220424",""
"20220421","경춘선","별내","3390","3131","20220424",""
"20220421","경춘선","갈매","3189","2785","20220424",""
"20220421","경춘선","신내","2506","2306","20220424",""
"20220421","경인선","도화","4420","4018","20220424",""
"20220421","경인선","중동","9988","9262","20220424",""
"20220421","경인선","온수(성공회대입구)","7449","7034","20220424",""
"20220421","경인선","도원","3415","3401","20220424",""
"20220421","경인선","간석","6252","5801","20220424",""
"20220421","경인선","부개","9066","8381","20220424",""
"20220421","경인선","소사","9527","9074","20220424",""
"20220421","경인선","구일","8123","7905","20220424",""
"20220421","경인선","인천","3870","2985","20220424",""
"20220421","경인선","동인천","14667","14002","20220424",""
"20220421","경인선","제물포","11692","11158","20220424",""
"20220421","경인선","주안","20083","18079","20220424",""
"20220421","경인선","동암","14897","15131","20220424",""
"20220421","경인선","백운","7421","7278","20220424",""
"20220421","경인선","부평","28905","31176","20220424",""
"20220421","경인선","송내","28736","28712","20220424",""
"20220421","경인선","부천","33719","33767","20220424",""
"20220421","경인선","역곡","29701","28894","20220424",""
"20220421","경인선","오류동","12425","11283","20220424",""
"20220421","경인선","개봉","22388","21765","20220424",""
"20220421","경의선","임진강","9","9","20220424",""
"20220421","경의선","문산","5096","5324","20220424",""
"20220421","경의선","파주","1689","1225","20220424",""
"20220421","경의선","월롱","3141","2931","20220424",""
"20220421","경의선","금촌","6994","6996","20220424",""
"20220421","경의선","금릉","5043","4997","20220424",""
"20220421","경의선","운정","7383","6933","20220424",""
"20220421","경의선","야당","8061","7843","20220424",""
"20220421","경의선","탄현","8247","7890","20220424",""
"20220421","경의선","일산","10218","9879","20220424",""
"20220421","경의선","풍산","5959","5528","20220424",""
"20220421","경의선","백마","7425","7068","20220424",""
"20220421","경의선","곡산","709","760","20220424",""
"20220421","경의선","능곡","4090","3740","20220424",""
"20220421","경의선","행신","8678","8283","20220424",""
"20220421","경의선","강매","3544","3080","20220424",""
"20220421","경의선","화전","3349","3019","20220424",""
"20220421","경의선","수색","3011","3142","20220424",""
"20220421","경의선","디지털미디어시티","2898","2548","20220424",""
"20220421","경의선","가좌","5790","5523","20220424",""
"20220421","경의선","홍대입구","1640","1856","20220424",""
"20220421","경의선","서강대","2109","2076","20220424",""
"20220421","경의선","공덕","3691","3313","20220424",""
"20220421","경의선","효창공원앞","3229","3518","20220424",""
"20220421","경의선","신촌","846","1186","20220424",""
"20220421","경의선","서울역","4688","6209","20220424",""
"20220421","경원선","소요산","3173","2667","20220424",""
"20220421","경원선","동두천","2849","3316","20220424",""
"20220421","경원선","보산","1533","1392","20220424",""
"20220421","경원선","동두천중앙","3309","3218","20220424",""
"20220421","경원선","지행","7153","7030","20220424",""
"20220421","경원선","덕정","7024","6679","20220424",""
"20220421","경원선","덕계","3644","3201","20220424",""
"20220421","경원선","양주","8496","7973","20220424",""
"20220421","경원선","녹양","5012","4695","20220424",""
"20220421","경원선","가능","7288","7172","20220424",""
"20220421","경원선","의정부","19064","19514","20220424",""
"20220421","경원선","회룡","13252","13330","20220424",""
"20220421","경원선","망월사","9795","9914","20220424",""
"20220421","경원선","도봉산","8358","5615","20220424",""
"20220421","경원선","도봉","6392","6109","20220424",""
"20220421","경원선","방학","10278","10054","20220424",""
"20220421","경원선","녹천","4983","4110","20220424",""
"20220421","경원선","월계","8803","8094","20220424",""
"20220421","경원선","광운대","9231","9059","20220424",""
"20220421","경원선","석계","8780","9665","20220424",""
"20220421","경원선","신이문","8700","7954","20220424",""
"20220421","경원선","외대앞","8191","8099","20220424",""
"20220421","경원선","청량리(서울시립대입구)","15038","15691","20220424",""
"20220421","경원선","왕십리(성동구청)","14588","16003","20220424",""
"20220421","경원선","응봉","2180","1808","20220424",""
"20220421","경원선","옥수","63","28","20220424",""
"20220421","경원선","한남","4169","3978","20220424",""
"20220421","경원선","서빙고","2121","1942","20220424",""
"20220421","경원선","이촌(국립중앙박물관)","3948","3093","20220424",""
"20220421","경부선","광명","3289","2811","20220424",""
"20220421","경부선","서동탄","1458","1288","20220424",""
"20220421","경부선","당정","7431","6941","20220424",""
"20220421","경부선","천안","7042","6576","20220424",""
"20220421","경부선","두정","8040","8086","20220424",""
"20220421","경부선","직산","902","873","20220424",""
"20220421","경부선","성환","7507","6819","20220424",""
"20220421","경부선","평택","13008","13014","20220424",""
"20220421","경부선","평택지제","3687","3570","20220424",""
"20220421","경부선","서정리","7805","7207","20220424",""
"20220421","경부선","송탄","4454","4219","20220424",""
"20220421","경부선","진위","1853","1636","20220424",""
"20220421","경부선","오산","10492","10528","20220424",""
"20220421","경부선","오산대","4391","4017","20220424",""
"20220421","경부선","세마","3188","2909","20220424",""
"20220421","경부선","병점","16549","16838","20220424",""
"20220421","경부선","세류","3145","2828","20220424",""
"20220421","경부선","독산","19267","19593","20220424",""
"20220421","경부선","수원","36868","39138","20220424",""
"20220421","경부선","화서","8917","8438","20220424",""
"20220421","경부선","성균관대","16763","16089","20220424",""
"20220421","경부선","의왕","10022","9772","20220424",""
"20220421","경부선","군포","8754","8072","20220424",""
"20220421","경부선","금정","31109","33471","20220424",""
"20220421","경부선","명학","11753","11445","20220424",""
"20220421","경부선","안양","28569","27461","20220424",""
"20220421","경부선","관악","8060","7158","20220424",""
"20220421","경부선","석수","10516","9247","20220424",""
"20220421","경부선","금천구청","12358","12153","20220424",""
"20220421","경부선","가산디지털단지","19102","22154","20220424",""
"20220421","경부선","구로","18843","19582","20220424",""
"20220421","경부선","신길","9637","8055","20220424",""
"20220421","경부선","신도림","4388","4395","20220424",""
"20220421","경부선","영등포","37018","38089","20220424",""
"20220421","경부선","대방","13625","14045","20220424",""
"20220421","경부선","노량진","8540","8810","20220424",""
"20220421","경부선","용산","32011","33135","20220424",""
"20220421","경부선","남영","9932","10872","20220424",""
"20220421","경부선","서울역","5721","1921","20220424",""
"20220421","경강선","여주","2637","2542","20220424",""
"20220421","경강선","세종대왕릉","325","320","20220424",""
"20220421","경강선","부발","2184","2118","20220424",""
"20220421","경강선","이천","2633","2712","20220424",""
"20220421","경강선","신둔도예촌","1704","1507","20220424",""
"20220421","경강선","곤지암","2401","2402","20220424",""
"20220421","경강선","초월","3300","3140","20220424",""
"20220421","경강선","경기광주","8102","7579","20220424",""
"20220421","경강선","삼동","2544","2324","20220424",""
"20220421","경강선","이매","1215","993","20220424",""
"20220421","경강선","판교","4815","4885","20220424",""
"20220421","9호선2~3단계","중앙보훈병원","11516","10097","20220424",""
"20220421","9호선2~3단계","둔촌오륜","1158","1063","20220424",""
"20220421","9호선2~3단계","올림픽공원(한국체대)","6292","6242","20220424",""
"20220421","9호선2~3단계","한성백제","2606","2385","20220424",""
"20220421","9호선2~3단계","송파나루","4961","5307","20220424",""
"20220421","9호선2~3단계","석촌","8873","7747","20220424",""
"20220421","9호선2~3단계","석촌고분","6106","5975","20220424",""
"20220421","9호선2~3단계","삼전","6987","6598","20220424",""
"20220421","9호선2~3단계","종합운동장","4350","4463","20220424",""
"20220421","9호선2~3단계","봉은사","17731","18719","20220424",""
"20220421","9호선2~3단계","삼성중앙","7250","7600","20220424",""
"20220421","9호선2~3단계","선정릉","10061","11158","20220424",""
"20220421","9호선2~3단계","언주","10606","11050","20220424",""
"20220421","9호선","신논현","31907","32826","20220424",""
"20220421","9호선","사평","3574","3443","20220424",""
"20220421","9호선","고속터미널","13235","16578","20220424",""
"20220421","9호선","신반포","3602","3519","20220424",""
"20220421","9호선","구반포","1403","1454","20220424",""
"20220421","9호선","동작(현충원)","2219","1798","20220424",""
"20220421","9호선","흑석(중앙대입구)","8658","8578","20220424",""
"20220421","9호선","노들","4616","3846","20220424",""
"20220421","9호선","노량진","26688","25681","20220424",""
"20220421","9호선","샛강","6117","6226","20220424",""
"20220421","9호선","여의도","28619","27941","20220424",""
"20220421","9호선","국회의사당","16090","16523","20220424",""
"20220421","9호선","당산","19520","18942","20220424",""
"20220421","9호선","선유도","9203","8619","20220424",""
"20220421","9호선","신목동","4479","3795","20220424",""
"20220421","9호선","염창","18029","17357","20220424",""
"20220421","9호선","등촌","11709","11070","20220424",""
"20220421","9호선","증미","7496","7159","20220424",""
"20220421","9호선","가양","21360","20541","20220424",""
"20220421","9호선","양천향교","10370","10623","20220424",""
"20220421","9호선","마곡나루(서울식물원)","13043","12656","20220424",""
"20220421","9호선","신방화","7098","6683","20220424",""
"20220421","9호선","공항시장","3141","3332","20220424",""
"20220421","9호선","김포공항","6949","11219","20220424",""
"20220421","9호선","개화","2657","1820","20220424",""
"20220421","8호선","남위례","5188","5284","20220424",""
"20220421","8호선","모란","4581","3601","20220424",""
"20220421","8호선","수진","5453","4981","20220424",""
"20220421","8호선","신흥","4245","4571","20220424",""
"20220421","8호선","단대오거리","11425","10838","20220424",""
"20220421","8호선","남한산성입구(성남법원.검찰청)","15874","14598","20220424",""
"20220421","8호선","산성","5723","5669","20220424",""
"20220421","8호선","복정","10533","8818","20220424",""
"20220421","8호선","장지","17763","16733","20220424",""
"20220421","8호선","문정","22452","23742","20220424",""
"20220421","8호선","가락시장","8051","9082","20220424",""
"20220421","8호선","송파","8285","7952","20220424",""
"20220421","8호선","석촌","7807","8976","20220424",""
"20220421","8호선","잠실(송파구청)","13648","16574","20220424",""
"20220421","8호선","몽촌토성(평화의문)","6170","6248","20220424",""
"20220421","8호선","강동구청","10660","10919","20220424",""
"20220421","8호선","천호(풍납토성)","14933","17068","20220424",""
"20220421","8호선","암사","19715","17031","20220424",""
"20220421","7호선","온수(성공회대입구)","11474","10746","20220424",""
"20220421","7호선","천왕","12010","11380","20220424",""
"20220421","7호선","광명사거리","22753","22106","20220424",""
"20220421","7호선","철산","21376","21684","20220424",""
"20220421","7호선","가산디지털단지","46202","46644","20220424",""
"20220421","7호선","남구로","15935","17154","20220424",""
"20220421","7호선","대림(구로구청)","7591","7652","20220424",""
"20220421","7호선","신풍","11989","11391","20220424",""
"20220421","7호선","보라매","10438","10394","20220424",""
"20220421","7호선","신대방삼거리","17522","16399","20220424",""
"20220421","7호선","장승배기","9037","8980","20220424",""
"20220421","7호선","상도","11462","10842","20220424",""
"20220421","7호선","숭실대입구(살피재)","15813","15826","20220424",""
"20220421","7호선","남성","11714","10716","20220424",""
"20220421","7호선","이수","16867","15477","20220424",""
"20220421","7호선","내방","15003","15527","20220424",""
"20220421","7호선","고속터미널","15787","13970","20220424",""
"20220421","7호선","반포","6334","5893","20220424",""
"20220421","7호선","논현","20760","23054","20220424",""
"20220421","7호선","학동","24747","26994","20220424",""
"20220421","7호선","강남구청","16630","18470","20220424",""
"20220421","7호선","청담","20042","22877","20220424",""
"20220421","7호선","뚝섬유원지","9975","9616","20220424",""
"20220421","7호선","건대입구","12678","13240","20220424",""
"20220421","7호선","어린이대공원(세종대)","14440","14437","20220424",""
"20220421","7호선","군자(능동)","15382","12131","20220424",""
"20220421","7호선","중곡","11431","10428","20220424",""
"20220421","7호선","용마산(용마폭포공원)","6323","6028","20220424",""
"20220421","7호선","사가정","16836","16666","20220424",""
"20220421","7호선","면목","17078","16278","20220424",""
"20220421","7호선","상봉(시외버스터미널)","17319","16197","20220424",""
"20220421","7호선","중화","11201","10846","20220424",""
"20220421","7호선","먹골","10450","9974","20220424",""
"20220421","7호선","태릉입구","9490","8829","20220424",""
"20220421","7호선","공릉(서울과학기술대)","13433","12970","20220424",""
"20220421","7호선","하계","19005","17710","20220424",""
"20220421","7호선","중계","15532","14233","20220424",""
"20220421","7호선","노원","19069","20095","20220424",""
"20220421","7호선","마들","13491","12534","20220424",""
"20220421","7호선","수락산","12922","12704","20220424",""
"20220421","7호선","도봉산","9923","11597","20220424",""
"20220421","7호선","장암","2437","901","20220424",""
"20220421","6호선","봉화산(서울의료원)","9147","8513","20220424",""
"20220421","6호선","화랑대(서울여대입구)","13170","10243","20220424",""
"20220421","6호선","태릉입구","5839","6463","20220424",""
"20220421","6호선","석계","12841","13439","20220424",""
"20220421","6호선","돌곶이","9774","8857","20220424",""
"20220421","6호선","상월곡(한국과학기술연구원)","6455","5724","20220424",""
"20220421","6호선","월곡(동덕여대)","11969","11589","20220424",""
"20220421","6호선","고려대(종암)","9069","8659","20220424",""
"20220421","6호선","안암(고대병원앞)","13207","12714","20220424",""
"20220421","6호선","보문","7742","6953","20220424",""
"20220421","6호선","창신","3738","3061","20220424",""
"20220421","6호선","동묘앞","7824","7936","20220424",""
"20220421","6호선","신당","8291","9073","20220424",""
"20220421","6호선","청구","3970","4139","20220424",""
"20220421","6호선","약수","3764","3993","20220424",""
"20220421","6호선","버티고개","2250","2075","20220424",""
"20220421","6호선","한강진","7609","9100","20220424",""
"20220421","6호선","이태원","10024","10720","20220424",""
"20220421","6호선","녹사평(용산구청)","4939","4938","20220424",""
"20220421","6호선","삼각지","6807","6047","20220424",""
"20220421","6호선","효창공원앞","7574","6871","20220424",""
"20220421","6호선","공덕","19076","18407","20220424",""
"20220421","6호선","대흥(서강대앞)","8438","8623","20220424",""
"20220421","6호선","광흥창(서강)","9112","8759","20220424",""
"20220421","6호선","상수","8476","9480","20220424",""
"20220421","6호선","합정","13445","14247","20220424",""
"20220421","6호선","망원","13859","14755","20220424",""
"20220421","6호선","마포구청","14476","12853","20220424",""
"20220421","6호선","월드컵경기장(성산)","4640","4779","20220424",""
"20220421","6호선","디지털미디어시티","14332","15629","20220424",""
"20220421","6호선","증산(명지대앞)","10453","10229","20220424",""
"20220421","6호선","새절(신사)","13887","12805","20220424",""
"20220421","6호선","구산","8080","5700","20220424",""
"20220421","6호선","독바위","2828","2941","20220424",""
"20220421","6호선","불광","4644","4446","20220424",""
"20220421","6호선","역촌","3777","4462","20220424",""
"20220421","6호선","응암","18322","17566","20220424",""
"20220421","5호선","하남검단산","5683","5485","20220424",""
"20220421","5호선","하남시청(덕풍·신장)","6895","6781","20220424",""
"20220421","5호선","하남풍산","4419","4251","20220424",""
"20220421","5호선","미사","16456","16453","20220424",""
"20220421","5호선","강일","4288","4049","20220424",""
"20220421","5호선","마천","7522","7102","20220424",""
"20220421","5호선","거여","10654","10012","20220424",""
"20220421","5호선","개롱","6567","6798","20220424",""
"20220421","5호선","오금","3944","4073","20220424",""
"20220421","5호선","방이","7144","7344","20220424",""
"20220421","5호선","올림픽공원(한국체대)","4472","3871","20220424",""
"20220421","5호선","둔촌동","8428","8351","20220424",""
"20220421","5호선","상일동","15317","14334","20220424",""
"20220421","5호선","고덕","9821","9788","20220424",""
"20220421","5호선","굽은다리(강동구민회관앞)","9503","9084","20220424",""
"20220421","5호선","길동","7782","8291","20220424",""
"20220421","5호선","강동","18828","18243","20220424",""
"20220421","5호선","천호(풍납토성)","17902","18143","20220424",""
"20220421","5호선","광나루(장신대)","13998","12693","20220424",""
"20220421","5호선","아차산(어린이대공원후문)","15509","14589","20220424",""
"20220421","5호선","군자(능동)","11208","12617","20220424",""
"20220421","5호선","장한평","19087","18717","20220424",""
"20220421","5호선","답십리","16110","14741","20220424",""
"20220421","5호선","마장","5889","5498","20220424",""
"20220421","5호선","왕십리(성동구청)","4729","5518","20220424",""
"20220421","5호선","행당","8345","7413","20220424",""
"20220421","5호선","신금호","6860","6936","20220424",""
"20220421","5호선","청구","4236","3831","20220424",""
"20220421","5호선","동대문역사문화공원(DDP)","2874","3412","20220424",""
"20220421","5호선","을지로4가","6513","7045","20220424",""
"20220421","5호선","종로3가","12292","13229","20220424",""
"20220421","5호선","광화문(세종문화회관)","30117","31977","20220424",""
"20220421","5호선","서대문","21041","20095","20220424",""
"20220421","5호선","충정로(경기대입구)","5279","5138","20220424",""
"20220421","5호선","애오개","7131","7105","20220424",""
"20220421","5호선","공덕","14667","15655","20220424",""
"20220421","5호선","마포","14838","15250","20220424",""
"20220421","5호선","여의나루","12524","13560","20220424",""
"20220421","5호선","여의도","29009","31274","20220424",""
"20220421","5호선","신길","4354","4482","20220424",""
"20220421","5호선","영등포시장","10400","10587","20220424",""
"20220421","5호선","영등포구청","4312","4425","20220424",""
"20220421","5호선","양평","7831","7590","20220424",""
"20220421","5호선","오목교(목동운동장앞)","21197","22895","20220424",""
"20220421","5호선","목동","17369","18530","20220424",""
"20220421","5호선","신정(은행정)","14358","11534","20220424",""
"20220421","5호선","까치산","29617","27934","20220424",""
"20220421","5호선","화곡","29063","26777","20220424",""
"20220421","5호선","우장산","15225","14835","20220424",""
"20220421","5호선","발산","21080","21780","20220424",""
"20220421","5호선","마곡","10916","11029","20220424",""
"20220421","5호선","송정","6729","6299","20220424",""
"20220421","5호선","김포공항","6938","6762","20220424",""
"20220421","5호선","개화산","5847","5487","20220424",""
"20220421","5호선","방화","6918","6628","20220424",""
"20220421","4호선","남태령","1357","902","20220424",""
"20220421","4호선","사당","30559","24873","20220424",""
"20220421","4호선","총신대입구(이수)","19455","20835","20220424",""
"20220421","4호선","동작(현충원)","1751","1886","20220424",""
"20220421","4호선","이촌(국립중앙박물관)","7425","8095","20220424",""
"20220421","4호선","신용산","15899","15420","20220424",""
"20220421","4호선","삼각지","5095","5875","20220424",""
"20220421","4호선","숙대입구(갈월)","14149","12935","20220424",""
"20220421","4호선","서울역","11734","15708","20220424",""
"20220421","4호선","회현(남대문시장)","24944","25106","20220424",""
"20220421","4호선","명동","18677","18181","20220424",""
"20220421","4호선","충무로","28917","29490","20220424",""
"20220421","4호선","동대문역사문화공원(DDP)","14720","13425","20220424",""
"20220421","4호선","동대문","20063","20296","20220424",""
"20220421","4호선","혜화","32201","31568","20220424",""
"20220421","4호선","한성대입구(삼선교)","13966","14103","20220424",""
"20220421","4호선","성신여대입구(돈암)","20480","20051","20220424",""
"20220421","4호선","길음","21322","21829","20220424",""
"20220421","4호선","미아사거리","27410","27249","20220424",""
"20220421","4호선","미아(서울사이버대학)","15421","15262","20220424",""
"20220421","4호선","수유(강북구청)","33857","34447","20220424",""
"20220421","4호선","쌍문","29534","28006","20220424",""
"20220421","4호선","창동","26095","27291","20220424",""
"20220421","4호선","노원","18693","21197","20220424",""
"20220421","4호선","상계","20172","18753","20220424",""
"20220421","4호선","당고개","9372","8520","20220424",""
"20220421","3호선","오금","6487","6508","20220424",""
"20220421","3호선","경찰병원","7144","7049","20220424",""
"20220421","3호선","가락시장","9229","10090","20220424",""
"20220421","3호선","수서","16972","17178","20220424",""
"20220421","3호선","일원","10514","10507","20220424",""
"20220421","3호선","대청","9993","9350","20220424",""
"20220421","3호선","학여울","2608","2973","20220424",""
"20220421","3호선","대치","10736","11657","20220424",""
"20220421","3호선","도곡","5367","5768","20220424",""
"20220421","3호선","매봉","12005","12081","20220424",""
"20220421","3호선","양재(서초구청)","39637","38749","20220424",""
"20220421","3호선","남부터미널(예술의전당)","29205","27429","20220424",""
"20220421","3호선","교대(법원.검찰청)","15763","10296","20220424",""
"20220421","3호선","고속터미널","39236","40445","20220424",""
"20220421","3호선","잠원","4421","5893","20220424",""
"20220421","3호선","신사","30018","29616","20220424",""
"20220421","3호선","압구정","30753","31695","20220424",""
"20220421","3호선","옥수","9434","10126","20220424",""
"20220421","3호선","금호","8003","8412","20220424",""
"20220421","3호선","약수","13760","15316","20220424",""
"20220421","3호선","동대입구","9142","9782","20220424",""
"20220421","3호선","충무로","1","0","20220424",""
"20220421","3호선","을지로3가","10610","9703","20220424",""
"20220421","3호선","종로3가","9968","11769","20220424",""
"20220421","3호선","안국","21499","19003","20220424",""
"20220421","3호선","경복궁(정부서울청사)","21622","19304","20220424",""
"20220421","3호선","독립문","7267","8056","20220424",""
"20220421","3호선","무악재","4541","5558","20220424",""
"20220421","3호선","홍제","18049","18466","20220424",""
"20220421","3호선","녹번","15734","16833","20220424",""
"20220421","3호선","불광","17201","19395","20220424",""
"20220421","3호선","연신내","38178","36529","20220424",""
"20220421","3호선","구파발","20782","21963","20220424",""
"20220421","3호선","지축","5154","5192","20220424",""
"20220421","2호선","용두(동대문구청)","2429","2385","20220424",""
"20220421","2호선","신정네거리","10590","10854","20220424",""
"20220421","2호선","양천구청","7043","7220","20220424",""
"20220421","2호선","도림천","1402","1505","20220424",""
"20220421","2호선","신설동","3328","1751","20220424",""
"20220421","2호선","신답","1728","1891","20220424",""
"20220421","2호선","용답","3138","3217","20220424",""
"20220421","2호선","충정로(경기대입구)","10350","11771","20220424",""
"20220421","2호선","아현","10905","11724","20220424",""
"20220421","2호선","이대","13229","14671","20220424",""
"20220421","2호선","신촌","31003","31629","20220424",""
"20220421","2호선","홍대입구","50588","54715","20220424",""
"20220421","2호선","합정","31170","33618","20220424",""
"20220421","2호선","당산","19712","23149","20220424",""
"20220421","2호선","영등포구청","22995","23922","20220424",""
"20220421","2호선","문래","22357","22726","20220424",""
"20220421","2호선","신도림","49039","49806","20220424",""
"20220421","2호선","대림(구로구청)","24616","24994","20220424",""
"20220421","2호선","구로디지털단지","59825","58286","20220424",""
"20220421","2호선","신대방","27672","26809","20220424",""
"20220421","2호선","신림","64024","62046","20220424",""
"20220421","2호선","봉천","24553","22883","20220424",""
"20220421","2호선","서울대입구(관악구청)","48486","46758","20220424",""
"20220421","2호선","낙성대(강감찬)","27831","26684","20220424",""
"20220421","2호선","사당","40766","44813","20220424",""
"20220421","2호선","방배","19586","20082","20220424",""
"20220421","2호선","서초","23606","20259","20220424",""
"20220421","2호선","교대(법원.검찰청)","35473","39434","20220424",""
"20220421","2호선","강남","82304","79989","20220424",""
"20220421","2호선","역삼","52370","57379","20220424",""
"20220421","2호선","선릉","58287","52072","20220424",""
"20220421","2호선","삼성(무역센터)","53533","53347","20220424",""
"20220421","2호선","종합운동장","9373","10476","20220424",""
"20220421","2호선","잠실새내","21307","21596","20220424",""
"20220421","2호선","잠실(송파구청)","67895","67116","20220424",""
"20220421","2호선","잠실나루","15122","14813","20220424",""
"20220421","2호선","강변(동서울터미널)","30279","27897","20220424",""
"20220421","2호선","구의(광진구청)","24222","24034","20220424",""
"20220421","2호선","건대입구","34512","37638","20220424",""
"20220421","2호선","성수","37010","40139","20220424",""
"20220421","2호선","뚝섬","22355","23259","20220424",""
"20220421","2호선","한양대","14111","14397","20220424",""
"20220421","2호선","왕십리(성동구청)","17064","13783","20220424",""
"20220421","2호선","상왕십리","14283","14463","20220424",""
"20220421","2호선","신당","14465","15919","20220424",""
"20220421","2호선","동대문역사문화공원(DDP)","12175","12434","20220424",""
"20220421","2호선","을지로4가","13328","13432","20220424",""
"20220421","2호선","을지로3가","22950","21736","20220424",""
"20220421","2호선","을지로입구","38929","35764","20220424",""
"20220421","2호선","시청","24070","21599","20220424",""
"20220421","1호선","동묘앞","8283","8639","20220424",""
"20220421","1호선","청량리(서울시립대입구)","20770","20175","20220424",""
"20220421","1호선","제기동","17825","18052","20220424",""
"20220421","1호선","신설동","14052","13765","20220424",""
"20220421","1호선","동대문","11082","10505","20220424",""
"20220421","1호선","종로5가","23177","23185","20220424",""
"20220421","1호선","종로3가","25965","23867","20220424",""
"20220421","1호선","종각","35016","34374","20220424",""
"20220421","1호선","시청","23597","25100","20220424",""
"20220421","1호선","서울역","44195","43114","20220424",""
"20220421","5호선","명일","8763","8970","20220424",""
"20220421","중앙선","오빈","343","338","20220424",""
"20220421","우이신설선","정릉","4990","4450","20220424",""
"20220421","우이신설선","북한산보국문","6204","5776","20220424",""
"20220421","우이신설선","솔샘","6059","5643","20220424",""
"20220421","우이신설선","삼양사거리","2468","2487","20220424",""
"20220421","우이신설선","삼양","2047","2107","20220424",""
"20220421","우이신설선","화계","3598","3278","20220424",""
"20220421","우이신설선","가오리","4371","4164","20220424",""
"20220421","우이신설선","4.19민주묘지","3490","3314","20220424",""
"20220421","우이신설선","솔밭공원","2574","2470","20220424",""
"20220421","우이신설선","북한산우이","2845","2539","20220424",""
"20220421","안산선","수리산","3444","4136","20220424",""
"20220421","안산선","오이도","8756","9354","20220424",""
"20220421","안산선","정왕","10646","10852","20220424",""
"20220421","안산선","신길온천","1901","1796","20220424",""
"20220421","안산선","안산","11486","10225","20220424",""
"20220421","안산선","초지","5149","6131","20220424",""
"20220421","안산선","고잔","8642","8829","20220424",""
"20220421","안산선","중앙","17743","19782","20220424",""
"20220421","안산선","한대앞","11278","12642","20220424",""
"20220421","안산선","상록수","15662","18221","20220424",""
"20220421","안산선","반월","3928","5024","20220424",""
"20220421","안산선","대야미","3951","4970","20220424",""
"20220421","수인선","사리","5583","4823","20220424",""
"20220421","수인선","야목","445","369","20220424",""
"20220421","수인선","어천","808","857","20220424",""
"20220421","중앙선","지평","90","103","20220424",""
"20220421","중앙선","용문","2049","1985","20220424",""
"20220421","중앙선","원덕","422","445","20220424",""
"20220421","중앙선","양평","2774","2863","20220424",""
"20220421","중앙선","아신","608","562","20220424",""
"20220421","중앙선","국수","893","898","20220424",""
"20220421","중앙선","신원","307","258","20220424",""
"20220421","중앙선","양수","2178","2222","20220424",""
"20220421","중앙선","운길산","1109","1083","20220424",""
"20220421","중앙선","팔당","914","1009","20220424",""
"20220421","중앙선","도심","2591","2109","20220424",""
"20220421","중앙선","덕소","5818","5779","20220424",""
"20220421","중앙선","양정","814","664","20220424",""
"20220421","중앙선","도농","11135","10154","20220424",""
"20220421","중앙선","구리","13735","14051","20220424",""
"20220421","중앙선","양원","3301","3030","20220424",""
"20220421","중앙선","망우","8143","8014","20220424",""
"20220421","중앙선","상봉(시외버스터미널)","6106","6100","20220424",""
"20220421","중앙선","중랑","5816","5499","20220424",""
"20220421","중앙선","회기","25030","23887","20220424",""
"20220421","장항선","신창(순천향대)","3515","2828","20220424",""
"20220421","장항선","온양온천","3777","4000","20220424",""
"20220421","장항선","배방","1226","1126","20220424",""
"20220421","장항선","탕정","915","728","20220424",""
"20220421","장항선","아산","3808","3546","20220424",""
"20220421","장항선","쌍용(나사렛대)","3254","2869","20220424",""
"20220421","장항선","봉명","1317","1282","20220424",""
"20220421","일산선","대화","12725","11066","20220424",""
"20220421","일산선","주엽","9004","9416","20220424",""
"20220421","일산선","정발산","6991","6982","20220424",""
"20220421","일산선","마두","7571","8014","20220424",""
"20220421","일산선","백석","9964","10371","20220424",""
"20220421","일산선","대곡","2810","2653","20220424",""
"20220421","일산선","화정","16846","17780","20220424",""
"20220421","일산선","원당","11419","11833","20220424",""
"20220421","일산선","삼송","19930","20535","20220424",""
"20220421","일산선","원흥","11079","10598","20220424",""
"20220421","우이신설선","신설동","2209","2152","20220424",""
"20220421","우이신설선","보문","1581","1507","20220424",""
"20220421","우이신설선","성신여대입구(돈암)","3516","3648","20220424",""
"20220421","안산선","산본","11892","16151","20220424",""
"20220421","수인선","인천","1054","1733","20220424",""
"20220421","수인선","신포","1958","2009","20220424",""
"20220421","수인선","숭의","4247","3977","20220424",""
"20220421","수인선","인하대","7677","7185","20220424",""
"20220421","수인선","송도","2691","2511","20220424",""
"20220421","수인선","연수","4933","4790","20220424",""
"20220421","수인선","원인재","4468","4820","20220424",""
"20220421","수인선","남동인더스파크","2350","2625","20220424",""
"20220421","수인선","호구포","4301","4536","20220424",""
"20220421","수인선","인천논현","5771","6252","20220424",""
"20220422","안산선","안산","12024","10601","20220425",""
"20220422","안산선","고잔","9436","9007","20220425",""
"20220422","안산선","중앙","19173","20712","20220425",""
"20220422","안산선","한대앞","10733","10471","20220425",""
"20220422","안산선","상록수","17120","17061","20220425",""
"20220422","안산선","반월","4612","4367","20220425",""
"20220422","안산선","대야미","5524","4760","20220425",""
"20220422","안산선","산본","16727","18211","20220425",""
"20220422","수인선","인천","1078","1732","20220425",""
"20220422","수인선","신포","2013","2052","20220425",""
"20220422","수인선","숭의","4188","3909","20220425",""
"20220422","수인선","인하대","7090","6452","20220425",""
"20220422","수인선","송도","2562","2360","20220425",""
"20220422","수인선","연수","5051","4950","20220425",""
"20220422","수인선","원인재","4552","4920","20220425",""
"20220422","수인선","남동인더스파크","2321","2573","20220425",""
"20220422","수인선","호구포","4443","4495","20220425",""
"20220422","수인선","인천논현","5753","6268","20220425",""
"20220422","수인선","소래포구","5295","5198","20220425",""
"20220422","수인선","월곶","2763","2617","20220425",""
"20220422","수인선","달월","118","73","20220425",""
"20220422","수인선","사리","5208","4435","20220425",""
"20220422","수인선","야목","428","332","20220425",""
"20220422","수인선","어천","860","855","20220425",""
"20220422","수인선","오목천","3953","3374","20220425",""
"20220422","수인선","고색","5092","4760","20220425",""
"20220422","분당선","매교","3440","3399","20220425",""
"20220422","분당선","수원시청","13634","16081","20220425",""
"20220422","분당선","매탄권선","5592","5175","20220425",""
"20220422","분당선","망포","15861","14526","20220425",""
"20220422","분당선","영통","9008","9206","20220425",""
"20220422","분당선","청명","4752","4394","20220425",""
"20220422","분당선","상갈","5654","5368","20220425",""
"20220422","분당선","기흥","10456","9721","20220425",""
"20220422","분당선","신갈","4644","4633","20220425",""
"20220422","분당선","구성","5208","5509","20220425",""
"20220422","분당선","죽전","14871","15738","20220425",""
"20220422","분당선","보정","2775","2392","20220425",""
"20220422","분당선","이매","6026","5589","20220425",""
"20220422","분당선","오리","12117","9849","20220425",""
"20220422","분당선","미금","16575","17452","20220425",""
"20220422","분당선","정자","18328","19584","20220425",""
"20220422","분당선","수내","13677","13654","20220425",""
"20220422","분당선","서현","25371","26255","20220425",""
"20220422","분당선","야탑","27110","28619","20220425",""
"20220422","분당선","모란","20875","21604","20220425",""
"20220422","분당선","태평","13945","13308","20220425",""
"20220422","분당선","가천대","10904","11121","20220425",""
"20220422","분당선","선정릉","8254","8769","20220425",""
"20220422","분당선","강남구청","10622","12179","20220425",""
"20220422","분당선","압구정로데오","20635","24588","20220425",""
"20220422","분당선","서울숲","12169","12525","20220425",""
"20220422","분당선","수원","9109","7625","20220425",""
"20220422","분당선","복정","2","0","20220425",""
"20220422","분당선","수서","15354","16327","20220425",""
"20220422","분당선","대모산입구","4865","4402","20220425",""
"20220422","분당선","개포동","4082","4271","20220425",""
"20220422","분당선","구룡","2593","2419","20220425",""
"20220422","분당선","도곡","7553","7311","20220425",""
"20220422","분당선","한티","14702","15598","20220425",""
"20220422","분당선","선릉","13535","21341","20220425",""
"20220422","과천선","범계","27164","28004","20220425",""
"20220422","과천선","평촌","18009","17733","20220425",""
"20220422","과천선","인덕원","25537","26200","20220425",""
"20220422","과천선","정부과천청사","10624","10294","20220425",""
"20220422","과천선","과천","6549","5926","20220425",""
"20220422","과천선","대공원","3469","3761","20220425",""
"20220422","과천선","경마공원","6990","7010","20220425",""
"20220422","과천선","선바위","8745","7702","20220425",""
"20220422","공항철도 1호선","영종","3223","3352","20220425",""
"20220422","공항철도 1호선","인천공항2터미널","2520","2309","20220425",""
"20220422","공항철도 1호선","인천공항1터미널","4932","4916","20220425",""
"20220422","공항철도 1호선","공항화물청사","2290","2472","20220425",""
"20220422","공항철도 1호선","운서","7141","7081","20220425",""
"20220422","공항철도 1호선","청라국제도시","7209","6953","20220425",""
"20220422","공항철도 1호선","검암","6923","6874","20220425",""
"20220422","공항철도 1호선","계양","10834","10108","20220425",""
"20220422","공항철도 1호선","김포공항","14538","7464","20220425",""
"20220422","공항철도 1호선","마곡나루(서울식물원)","9103","8680","20220425",""
"20220422","공항철도 1호선","디지털미디어시티","14320","13091","20220425",""
"20220422","공항철도 1호선","홍대입구","10069","10835","20220425",""
"20220422","공항철도 1호선","공덕","2440","3241","20220425",""
"20220422","공항철도 1호선","서울역","9774","9520","20220425",""
"20220422","경춘선","춘천","2000","1427","20220425",""
"20220422","경춘선","남춘천","3503","3129","20220425",""
"20220422","경춘선","김유정","312","362","20220425",""
"20220422","경춘선","강촌","414","440","20220425",""
"20220422","경춘선","백양리","88","92","20220425",""
"20220422","경춘선","굴봉산","187","204","20220425",""
"20220422","경춘선","가평","1625","1857","20220425",""
"20220422","경춘선","상천","341","339","20220425",""
"20220422","경춘선","청평","1758","1970","20220425",""
"20220422","경춘선","대성리","551","610","20220425",""
"20220422","경춘선","마석","4081","4136","20220425",""
"20220422","경춘선","천마산","1801","1631","20220425",""
"20220422","경춘선","평내호평","6478","6512","20220425",""
"20220422","경춘선","금곡","1594","1540","20220425",""
"20220422","경춘선","사릉","2614","2600","20220425",""
"20220422","경춘선","퇴계원","3605","3399","20220425",""
"20220422","경춘선","별내","3329","3153","20220425",""
"20220422","경춘선","갈매","3159","2796","20220425",""
"20220422","경춘선","신내","2433","2241","20220425",""
"20220422","경인선","도화","4361","3897","20220425",""
"20220422","경인선","중동","9817","9121","20220425",""
"20220422","경인선","온수(성공회대입구)","7570","6906","20220425",""
"20220422","경인선","도원","3418","3324","20220425",""
"20220422","경인선","간석","6170","5368","20220425",""
"20220422","경인선","부개","8943","8248","20220425",""
"20220422","경인선","소사","9247","8656","20220425",""
"20220422","경인선","구일","8541","8642","20220425",""
"20220422","경인선","인천","3539","2787","20220425",""
"20220422","경인선","동인천","14246","13615","20220425",""
"20220422","경인선","제물포","11666","10646","20220425",""
"20220422","경인선","주안","20190","17942","20220425",""
"20220422","경인선","동암","15163","15297","20220425",""
"20220422","경인선","백운","7207","6991","20220425",""
"20220422","경인선","부평","30021","33726","20220425",""
"20220422","경인선","송내","28298","28111","20220425",""
"20220422","경인선","부천","33721","34648","20220425",""
"20220422","경인선","역곡","29040","28285","20220425",""
"20220422","경인선","오류동","12471","11091","20220425",""
"20220422","경인선","개봉","22318","21568","20220425",""
"20220422","경의선","임진강","11","9","20220425",""
"20220422","경의선","문산","5399","5119","20220425",""
"20220422","경의선","파주","1464","950","20220425",""
"20220422","경의선","월롱","3065","2415","20220425",""
"20220422","경의선","금촌","6778","6494","20220425",""
"20220422","경의선","금릉","5117","4951","20220425",""
"20220422","경의선","운정","7384","6855","20220425",""
"20220422","경의선","야당","7916","8427","20220425",""
"20220422","경의선","탄현","8107","7761","20220425",""
"20220422","경의선","일산","9963","9762","20220425",""
"20220422","경의선","풍산","5961","5485","20220425",""
"20220422","경의선","백마","7470","7119","20220425",""
"20220422","경의선","곡산","709","734","20220425",""
"20220422","경의선","능곡","3999","3773","20220425",""
"20220422","경의선","행신","8592","8509","20220425",""
"20220422","경의선","강매","3431","2898","20220425",""
"20220422","경의선","화전","2887","2571","20220425",""
"20220422","경의선","수색","2896","3018","20220425",""
"20220422","경의선","디지털미디어시티","2774","2471","20220425",""
"20220422","경의선","가좌","5738","5426","20220425",""
"20220422","경의선","홍대입구","1699","2146","20220425",""
"20220422","경의선","서강대","2156","2101","20220425",""
"20220422","경의선","공덕","3498","3308","20220425",""
"20220422","경의선","효창공원앞","3099","3446","20220425",""
"20220422","경의선","신촌","912","1176","20220425",""
"20220422","경의선","서울역","4711","6311","20220425",""
"20220422","경원선","소요산","2461","2030","20220425",""
"20220422","경원선","동두천","2625","2783","20220425",""
"20220422","경원선","보산","1879","1633","20220425",""
"20220422","경원선","동두천중앙","3288","3138","20220425",""
"20220422","경원선","지행","7113","7117","20220425",""
"20220422","경원선","덕정","6894","6311","20220425",""
"20220422","경원선","덕계","3440","3135","20220425",""
"20220422","경원선","양주","8203","7618","20220425",""
"20220422","경원선","녹양","4921","4687","20220425",""
"20220422","경원선","가능","7159","6822","20220425",""
"20220422","경원선","의정부","18979","20472","20220425",""
"20220422","경원선","회룡","12873","12741","20220425",""
"20220422","경원선","망월사","8819","8675","20220425",""
"20220422","경원선","도봉산","7481","4745","20220425",""
"20220422","경원선","도봉","6238","5875","20220425",""
"20220422","경원선","방학","10095","9815","20220425",""
"20220422","경원선","녹천","4892","3928","20220425",""
"20220422","경원선","월계","8419","7573","20220425",""
"20220422","경원선","광운대","9042","8770","20220425",""
"20220422","경원선","석계","8653","9485","20220425",""
"20220422","경원선","신이문","8516","7732","20220425",""
"20220422","경원선","외대앞","8435","8150","20220425",""
"20220422","경원선","청량리(서울시립대입구)","17060","17473","20220425",""
"20220422","경원선","왕십리(성동구청)","14723","16442","20220425",""
"20220422","경원선","응봉","2002","1690","20220425",""
"20220422","경원선","옥수","61","41","20220425",""
"20220422","경원선","한남","4342","4119","20220425",""
"20220422","경원선","서빙고","2072","1860","20220425",""
"20220422","경원선","이촌(국립중앙박물관)","3850","3033","20220425",""
"20220422","경부선","광명","3799","3567","20220425",""
"20220422","경부선","서동탄","1495","1331","20220425",""
"20220422","경부선","당정","7076","6667","20220425",""
"20220422","경부선","천안","6930","6888","20220425",""
"20220422","경부선","두정","7792","7030","20220425",""
"20220422","경부선","직산","1001","951","20220425",""
"20220422","경부선","성환","5087","4392","20220425",""
"20220422","경부선","평택","14373","13944","20220425",""
"20220422","경부선","평택지제","4234","4002","20220425",""
"20220422","경부선","서정리","8670","7145","20220425",""
"20220422","경부선","송탄","5223","4597","20220425",""
"20220422","경부선","진위","2076","1658","20220425",""
"20220422","경부선","오산","10916","10773","20220425",""
"20220422","경부선","오산대","4171","3852","20220425",""
"20220422","경부선","세마","3140","2900","20220425",""
"20220422","경부선","병점","16264","16126","20220425",""
"20220422","경부선","세류","3266","3012","20220425",""
"20220422","경부선","독산","19088","19451","20220425",""
"20220422","경부선","수원","37738","41947","20220425",""
"20220422","경부선","화서","8592","8202","20220425",""
"20220422","경부선","성균관대","17107","16073","20220425",""
"20220422","경부선","의왕","9881","9620","20220425",""
"20220422","경부선","군포","8029","7864","20220425",""
"20220422","경부선","금정","28377","28592","20220425",""
"20220422","경부선","명학","9910","9524","20220425",""
"20220422","경부선","안양","27210","26838","20220425",""
"20220422","경부선","관악","7426","6804","20220425",""
"20220422","경부선","석수","10124","9016","20220425",""
"20220422","경부선","금천구청","12324","12162","20220425",""
"20220422","경부선","가산디지털단지","19021","21945","20220425",""
"20220422","경부선","구로","18760","19794","20220425",""
"20220422","경부선","신길","9398","7847","20220425",""
"20220422","경부선","신도림","4271","4373","20220425",""
"20220422","경부선","영등포","40360","42917","20220425",""
"20220422","경부선","대방","13304","13432","20220425",""
"20220422","경부선","노량진","9012","8920","20220425",""
"20220422","경부선","용산","37637","39429","20220425",""
"20220422","경부선","남영","9730","10320","20220425",""
"20220422","경부선","서울역","8196","2695","20220425",""
"20220422","경강선","여주","2360","2477","20220425",""
"20220422","경강선","세종대왕릉","357","373","20220425",""
"20220422","경강선","부발","2801","2214","20220425",""
"20220422","경강선","이천","2892","3029","20220425",""
"20220422","경강선","신둔도예촌","1807","1538","20220425",""
"20220422","경강선","곤지암","2463","2290","20220425",""
"20220422","경강선","초월","3434","3119","20220425",""
"20220422","경강선","경기광주","8063","7476","20220425",""
"20220422","경강선","삼동","2526","2277","20220425",""
"20220422","경강선","이매","1154","945","20220425",""
"20220422","경강선","판교","4820","4971","20220425",""
"20220422","9호선2~3단계","중앙보훈병원","11146","9564","20220425",""
"20220422","9호선2~3단계","둔촌오륜","1237","1070","20220425",""
"20220422","9호선2~3단계","올림픽공원(한국체대)","6417","6099","20220425",""
"20220422","9호선2~3단계","한성백제","2623","2338","20220425",""
"20220422","9호선2~3단계","송파나루","5223","5679","20220425",""
"20220422","9호선2~3단계","석촌","9111","7719","20220425",""
"20220422","9호선2~3단계","석촌고분","6329","6155","20220425",""
"20220422","9호선2~3단계","삼전","7070","6706","20220425",""
"20220422","9호선2~3단계","종합운동장","4910","5197","20220425",""
"20220422","9호선2~3단계","봉은사","18058","18841","20220425",""
"20220422","9호선2~3단계","삼성중앙","7198","7481","20220425",""
"20220422","9호선2~3단계","선정릉","9959","11078","20220425",""
"20220422","9호선2~3단계","언주","10794","11020","20220425",""
"20220422","9호선","신논현","34000","35894","20220425",""
"20220422","9호선","사평","3724","3458","20220425",""
"20220422","9호선","고속터미널","13978","18466","20220425",""
"20220422","9호선","신반포","3706","3570","20220425",""
"20220422","9호선","구반포","1383","1418","20220425",""
"20220422","9호선","동작(현충원)","2063","1645","20220425",""
"20220422","9호선","흑석(중앙대입구)","8907","8983","20220425",""
"20220422","9호선","노들","4635","3862","20220425",""
"20220422","9호선","노량진","27817","26353","20220425",""
"20220422","9호선","샛강","6113","6424","20220425",""
"20220422","9호선","여의도","29394","27956","20220425",""
"20220422","9호선","국회의사당","15928","16346","20220425",""
"20220422","9호선","당산","19354","19058","20220425",""
"20220422","9호선","선유도","9136","8443","20220425",""
"20220422","9호선","신목동","4355","3699","20220425",""
"20220422","9호선","염창","18246","17125","20220425",""
"20220422","9호선","등촌","11564","10955","20220425",""
"20220422","9호선","증미","7591","7104","20220425",""
"20220422","9호선","가양","21475","20096","20220425",""
"20220422","9호선","양천향교","10453","10223","20220425",""
"20220422","9호선","마곡나루(서울식물원)","12607","12523","20220425",""
"20220422","9호선","신방화","7155","6676","20220425",""
"20220422","9호선","공항시장","3129","3294","20220425",""
"20220422","9호선","김포공항","8303","13241","20220425",""
"20220422","9호선","개화","2568","1780","20220425",""
"20220422","8호선","남위례","5161","5306","20220425",""
"20220422","8호선","모란","4473","3807","20220425",""
"20220422","8호선","수진","5481","5005","20220425",""
"20220422","8호선","신흥","4335","4507","20220425",""
"20220422","8호선","단대오거리","11590","10576","20220425",""
"20220422","8호선","남한산성입구(성남법원.검찰청)","15425","13561","20220425",""
"20220422","8호선","산성","5426","5365","20220425",""
"20220422","8호선","복정","10463","8480","20220425",""
"20220422","8호선","장지","17808","16656","20220425",""
"20220422","8호선","문정","22404","23366","20220425",""
"20220422","8호선","가락시장","7980","9057","20220425",""
"20220422","8호선","송파","8459","8316","20220425",""
"20220422","8호선","석촌","7856","9381","20220425",""
"20220422","8호선","잠실(송파구청)","13800","17051","20220425",""
"20220422","8호선","몽촌토성(평화의문)","6296","6307","20220425",""
"20220422","8호선","강동구청","10730","10909","20220425",""
"20220422","8호선","천호(풍납토성)","15131","18006","20220425",""
"20220422","8호선","암사","19469","16903","20220425",""
"20220422","7호선","온수(성공회대입구)","11384","10582","20220425",""
"20220422","7호선","천왕","11867","10942","20220425",""
"20220422","7호선","광명사거리","22740","22302","20220425",""
"20220422","7호선","철산","21778","22544","20220425",""
"20220422","7호선","가산디지털단지","45478","45349","20220425",""
"20220422","7호선","남구로","15588","16660","20220425",""
"20220422","7호선","대림(구로구청)","7534","7865","20220425",""
"20220422","7호선","신풍","11979","11281","20220425",""
"20220422","7호선","보라매","10443","10158","20220425",""
"20220422","7호선","신대방삼거리","17222","16070","20220425",""
"20220422","7호선","장승배기","9146","8804","20220425",""
"20220422","7호선","상도","11628","10825","20220425",""
"20220422","7호선","숭실대입구(살피재)","14477","14124","20220425",""
"20220422","7호선","남성","11560","10299","20220425",""
"20220422","7호선","이수","16509","15979","20220425",""
"20220422","7호선","내방","14851","15391","20220425",""
"20220422","7호선","고속터미널","17890","14721","20220425",""
"20220422","7호선","반포","6132","5932","20220425",""
"20220422","7호선","논현","21060","24246","20220425",""
"20220422","7호선","학동","24481","26427","20220425",""
"20220422","7호선","강남구청","16607","18871","20220425",""
"20220422","7호선","청담","19617","22388","20220425",""
"20220422","7호선","뚝섬유원지","8593","8285","20220425",""
"20220422","7호선","건대입구","12979","13807","20220425",""
"20220422","7호선","어린이대공원(세종대)","13946","13790","20220425",""
"20220422","7호선","군자(능동)","15633","12231","20220425",""
"20220422","7호선","중곡","11598","10418","20220425",""
"20220422","7호선","용마산(용마폭포공원)","6282","5756","20220425",""
"20220422","7호선","사가정","16675","16653","20220425",""
"20220422","7호선","면목","16574","15777","20220425",""
"20220422","7호선","상봉(시외버스터미널)","17437","16268","20220425",""
"20220422","7호선","중화","11154","10691","20220425",""
"20220422","7호선","먹골","10532","9942","20220425",""
"20220422","7호선","태릉입구","9144","8358","20220425",""
"20220422","7호선","공릉(서울과학기술대)","13488","12815","20220425",""
"20220422","7호선","하계","18685","17300","20220425",""
"20220422","7호선","중계","15132","13374","20220425",""
"20220422","7호선","노원","19773","21042","20220425",""
"20220422","7호선","마들","13291","12321","20220425",""
"20220422","7호선","수락산","12866","12405","20220425",""
"20220422","7호선","도봉산","9482","10739","20220425",""
"20220422","7호선","장암","2327","942","20220425",""
"20220422","6호선","봉화산(서울의료원)","8991","8398","20220425",""
"20220422","6호선","화랑대(서울여대입구)","12751","9392","20220425",""
"20220422","6호선","태릉입구","5774","6075","20220425",""
"20220422","6호선","석계","12787","13142","20220425",""
"20220422","6호선","돌곶이","9663","8690","20220425",""
"20220422","6호선","상월곡(한국과학기술연구원)","6428","5525","20220425",""
"20220422","6호선","월곡(동덕여대)","12035","11412","20220425",""
"20220422","6호선","고려대(종암)","8419","8109","20220425",""
"20220422","6호선","안암(고대병원앞)","11302","10796","20220425",""
"20220422","6호선","보문","7607","6810","20220425",""
"20220422","6호선","창신","3642","2931","20220425",""
"20220422","6호선","동묘앞","7774","7654","20220425",""
"20220422","6호선","신당","8744","8257","20220425",""
"20220422","6호선","청구","3890","4108","20220425",""
"20220422","6호선","약수","3750","3946","20220425",""
"20220422","6호선","버티고개","2159","2097","20220425",""
"20220422","6호선","한강진","8909","10871","20220425",""
"20220422","6호선","이태원","11709","16050","20220425",""
"20220422","6호선","녹사평(용산구청)","5019","5525","20220425",""
"20220422","6호선","삼각지","7014","6198","20220425",""
"20220422","6호선","효창공원앞","7329","6661","20220425",""
"20220422","6호선","공덕","19097","18695","20220425",""
"20220422","6호선","대흥(서강대앞)","8477","8635","20220425",""
"20220422","6호선","광흥창(서강)","9149","8782","20220425",""
"20220422","6호선","상수","9369","11652","20220425",""
"20220422","6호선","합정","13698","14068","20220425",""
"20220422","6호선","망원","14432","15652","20220425",""
"20220422","6호선","마포구청","14449","12773","20220425",""
"20220422","6호선","월드컵경기장(성산)","4166","4339","20220425",""
"20220422","6호선","디지털미디어시티","14155","15002","20220425",""
"20220422","6호선","증산(명지대앞)","10287","9932","20220425",""
"20220422","6호선","새절(신사)","13558","12178","20220425",""
"20220422","6호선","구산","8090","5718","20220425",""
"20220422","6호선","연신내","1","0","20220425",""
"20220422","6호선","독바위","2853","2761","20220425",""
"20220422","6호선","불광","4501","4270","20220425",""
"20220422","6호선","역촌","3688","4309","20220425",""
"20220422","6호선","응암","18093","17464","20220425",""
"20220422","5호선","하남검단산","5736","5388","20220425",""
"20220422","5호선","하남시청(덕풍·신장)","6926","6724","20220425",""
"20220422","5호선","하남풍산","4455","4397","20220425",""
"20220422","5호선","미사","16231","16347","20220425",""
"20220422","5호선","강일","4247","3937","20220425",""
"20220422","5호선","마천","7402","7003","20220425",""
"20220422","5호선","거여","10497","9901","20220425",""
"20220422","5호선","개롱","6595","6822","20220425",""
"20220422","5호선","오금","3893","3938","20220425",""
"20220422","5호선","방이","7175","7490","20220425",""
"20220422","5호선","올림픽공원(한국체대)","4417","3720","20220425",""
"20220422","5호선","둔촌동","8563","8465","20220425",""
"20220422","5호선","상일동","15254","14051","20220425",""
"20220422","5호선","고덕","10091","9673","20220425",""
"20220422","5호선","명일","8805","9066","20220425",""
"20220422","5호선","굽은다리(강동구민회관앞)","9651","9089","20220425",""
"20220422","5호선","길동","8156","8433","20220425",""
"20220422","5호선","강동","19028","17937","20220425",""
"20220422","5호선","천호(풍납토성)","18724","18871","20220425",""
"20220422","5호선","광나루(장신대)","13707","12232","20220425",""
"20220422","5호선","아차산(어린이대공원후문)","15478","14696","20220425",""
"20220422","5호선","군자(능동)","11567","12857","20220425",""
"20220422","5호선","장한평","18996","18697","20220425",""
"20220422","5호선","답십리","16280","14704","20220425",""
"20220422","5호선","마장","5795","5470","20220425",""
"20220422","5호선","왕십리(성동구청)","4646","5610","20220425",""
"20220422","5호선","행당","8360","7198","20220425",""
"20220422","5호선","신금호","6894","6948","20220425",""
"20220422","5호선","청구","4178","3826","20220425",""
"20220422","5호선","동대문역사문화공원(DDP)","2850","3356","20220425",""
"20220422","5호선","을지로4가","6321","6770","20220425",""
"20220422","5호선","종로3가","13065","13816","20220425",""
"20220422","5호선","광화문(세종문화회관)","29236","31024","20220425",""
"20220422","5호선","서대문","19785","19296","20220425",""
"20220422","5호선","충정로(경기대입구)","4926","4946","20220425",""
"20220422","5호선","애오개","7045","7000","20220425",""
"20220422","5호선","공덕","14564","15414","20220425",""
"20220422","5호선","마포","14604","15216","20220425",""
"20220422","5호선","여의나루","11064","12435","20220425",""
"20220422","5호선","여의도","28740","30519","20220425",""
"20220422","5호선","신길","4247","4247","20220425",""
"20220422","5호선","영등포시장","10569","10622","20220425",""
"20220422","5호선","영등포구청","4147","4221","20220425",""
"20220422","5호선","양평","7680","7284","20220425",""
"20220422","5호선","오목교(목동운동장앞)","21285","23185","20220425",""
"20220422","5호선","목동","17101","18192","20220425",""
"20220422","5호선","신정(은행정)","14441","11390","20220425",""
"20220422","5호선","까치산","29587","27569","20220425",""
"20220422","5호선","화곡","29116","26529","20220425",""
"20220422","5호선","우장산","14941","14549","20220425",""
"20220422","5호선","발산","20539","21545","20220425",""
"20220422","5호선","마곡","10622","10653","20220425",""
"20220422","5호선","송정","6756","6307","20220425",""
"20220422","5호선","김포공항","7905","7851","20220425",""
"20220422","5호선","개화산","5688","5359","20220425",""
"20220422","5호선","방화","6714","6300","20220425",""
"20220422","4호선","남태령","1351","1009","20220425",""
"20220422","4호선","사당","27603","23585","20220425",""
"20220422","4호선","총신대입구(이수)","19702","21518","20220425",""
"20220422","4호선","동작(현충원)","1514","1647","20220425",""
"20220422","4호선","이촌(국립중앙박물관)","7486","8093","20220425",""
"20220422","4호선","신용산","16746","17757","20220425",""
"20220422","4호선","삼각지","5394","6188","20220425",""
"20220422","4호선","숙대입구(갈월)","14057","13615","20220425",""
"20220422","4호선","서울역","11663","19074","20220425",""
"20220422","4호선","회현(남대문시장)","24390","25637","20220425",""
"20220422","4호선","명동","19321","20527","20220425",""
"20220422","4호선","충무로","27685","28588","20220425",""
"20220422","4호선","동대문역사문화공원(DDP)","14809","13210","20220425",""
"20220422","4호선","동대문","19753","19713","20220425",""
"20220422","4호선","혜화","33745","33266","20220425",""
"20220422","4호선","한성대입구(삼선교)","14449","14041","20220425",""
"20220422","4호선","성신여대입구(돈암)","20586","19808","20220425",""
"20220422","4호선","길음","21074","20379","20220425",""
"20220422","4호선","미아사거리","27614","26865","20220425",""
"20220422","4호선","미아(서울사이버대학)","15360","14620","20220425",""
"20220422","4호선","수유(강북구청)","34280","34784","20220425",""
"20220422","4호선","쌍문","29828","27076","20220425",""
"20220422","4호선","창동","26254","27518","20220425",""
"20220422","4호선","노원","19010","22187","20220425",""
"20220422","4호선","상계","19705","18310","20220425",""
"20220422","4호선","당고개","8987","8122","20220425",""
"20220422","3호선","오금","6270","5930","20220425",""
"20220422","3호선","경찰병원","7320","7284","20220425",""
"20220422","3호선","가락시장","9145","9061","20220425",""
"20220422","3호선","수서","18478","18613","20220425",""
"20220422","3호선","일원","10697","9841","20220425",""
"20220422","3호선","대청","10437","9574","20220425",""
"20220422","3호선","학여울","2379","2272","20220425",""
"20220422","3호선","대치","10909","10983","20220425",""
"20220422","3호선","도곡","5377","5500","20220425",""
"20220422","3호선","매봉","12696","11955","20220425",""
"20220422","3호선","양재(서초구청)","40495","41660","20220425",""
"20220422","3호선","남부터미널(예술의전당)","31218","30931","20220425",""
"20220422","3호선","교대(법원.검찰청)","15357","10092","20220425",""
"20220422","3호선","고속터미널","44586","47531","20220425",""
"20220422","3호선","잠원","4826","4826","20220425",""
"20220422","3호선","신사","32717","34433","20220425",""
"20220422","3호선","압구정","33609","35748","20220425",""
"20220422","3호선","옥수","8952","9526","20220425",""
"20220422","3호선","금호","7866","7491","20220425",""
"20220422","3호선","약수","13446","13181","20220425",""
"20220422","3호선","동대입구","8688","8968","20220425",""
"20220422","3호선","충무로","1","0","20220425",""
"20220422","3호선","을지로3가","10832","10884","20220425",""
"20220422","3호선","종로3가","10040","12162","20220425",""
"20220422","3호선","안국","21677","21228","20220425",""
"20220422","3호선","경복궁(정부서울청사)","20604","19237","20220425",""
"20220422","3호선","독립문","7044","7092","20220425",""
"20220422","3호선","무악재","3727","3856","20220425",""
"20220422","3호선","홍제","17101","16473","20220425",""
"20220422","3호선","녹번","15080","13876","20220425",""
"20220422","3호선","불광","15441","16877","20220425",""
"20220422","3호선","연신내","36667","34703","20220425",""
"20220422","3호선","구파발","19764","19464","20220425",""
"20220422","3호선","지축","4938","4537","20220425",""
"20220422","2호선","용두(동대문구청)","2479","2421","20220425",""
"20220422","2호선","신정네거리","10379","10734","20220425",""
"20220422","2호선","양천구청","6806","7114","20220425",""
"20220422","2호선","도림천","1401","1454","20220425",""
"20220422","2호선","신설동","3604","1848","20220425",""
"20220422","2호선","신답","1685","1795","20220425",""
"20220422","2호선","용답","3035","2973","20220425",""
"20220422","2호선","충정로(경기대입구)","10146","10571","20220425",""
"20220422","2호선","아현","10663","10076","20220425",""
"20220422","2호선","이대","14197","14464","20220425",""
"20220422","2호선","신촌","33015","33969","20220425",""
"20220422","2호선","홍대입구","54677","64145","20220425",""
"20220422","2호선","합정","32421","35974","20220425",""
"20220422","2호선","당산","19366","22473","20220425",""
"20220422","2호선","영등포구청","22795","23476","20220425",""
"20220422","2호선","문래","22168","23084","20220425",""
"20220422","2호선","신도림","49682","50695","20220425",""
"20220422","2호선","대림(구로구청)","24426","24853","20220425",""
"20220422","2호선","구로디지털단지","60010","59552","20220425",""
"20220422","2호선","신대방","27471","25892","20220425",""
"20220422","2호선","신림","65620","62957","20220425",""
"20220422","2호선","봉천","24346","21939","20220425",""
"20220422","2호선","서울대입구(관악구청)","49214","47021","20220425",""
"20220422","2호선","낙성대(강감찬)","28416","25959","20220425",""
"20220422","2호선","사당","39595","44814","20220425",""
"20220422","2호선","방배","18769","19402","20220425",""
"20220422","2호선","서초","22875","20477","20220425",""
"20220422","2호선","교대(법원.검찰청)","35390","40512","20220425",""
"20220422","2호선","강남","87011","89702","20220425",""
"20220422","2호선","역삼","51462","57522","20220425",""
"20220422","2호선","선릉","57035","50427","20220425",""
"20220422","2호선","삼성(무역센터)","55037","54814","20220425",""
"20220422","2호선","종합운동장","13149","14927","20220425",""
"20220422","2호선","잠실새내","21887","22889","20220425",""
"20220422","2호선","잠실(송파구청)","71988","70984","20220425",""
"20220422","2호선","잠실나루","14827","14060","20220425",""
"20220422","2호선","강변(동서울터미널)","33011","31111","20220425",""
"20220422","2호선","구의(광진구청)","24397","23588","20220425",""
"20220422","2호선","건대입구","36731","41775","20220425",""
"20220422","2호선","성수","37517","41757","20220425",""
"20220422","2호선","뚝섬","22952","24678","20220425",""
"20220422","2호선","한양대","12017","12876","20220425",""
"20220422","2호선","왕십리(성동구청)","17445","14543","20220425",""
"20220422","2호선","상왕십리","14569","13911","20220425",""
"20220422","2호선","신당","14545","14763","20220425",""
"20220422","2호선","동대문역사문화공원(DDP)","12376","11880","20220425",""
"20220422","2호선","을지로4가","13160","13280","20220425",""
"20220422","2호선","을지로3가","23355","24013","20220425",""
"20220422","2호선","을지로입구","39119","39763","20220425",""
"20220422","2호선","시청","23292","22136","20220425",""
"20220422","1호선","동묘앞","7520","7972","20220425",""
"20220422","1호선","청량리(서울시립대입구)","20235","19868","20220425",""
"20220422","1호선","제기동","17011","17072","20220425",""
"20220422","1호선","신설동","14414","13787","20220425",""
"20220422","1호선","동대문","10928","9643","20220425",""
"20220422","1호선","종로5가","22687","22655","20220425",""
"20220422","1호선","종로3가","25306","23825","20220425",""
"20220422","1호선","종각","34937","34797","20220425",""
"20220422","1호선","시청","22611","23832","20220425",""
"20220422","1호선","서울역","48821","48438","20220425",""
"20220422","경원선","창동","2","0","20220425",""
"20220422","우이신설선","성신여대입구(돈암)","3302","3757","20220425",""
"20220422","우이신설선","보문","1583","1565","20220425",""
"20220422","우이신설선","신설동","2185","2144","20220425",""
"20220422","일산선","원흥","10607","10146","20220425",""
"20220422","일산선","삼송","19204","18956","20220425",""
"20220422","일산선","원당","10962","10568","20220425",""
"20220422","일산선","화정","16316","17484","20220425",""
"20220422","일산선","대곡","2418","1760","20220425",""
"20220422","일산선","백석","9512","9776","20220425",""
"20220422","일산선","마두","7519","7784","20220425",""
"20220422","일산선","정발산","7940","8521","20220425",""
"20220422","일산선","주엽","8764","9061","20220425",""
"20220422","일산선","대화","12620","10759","20220425",""
"20220422","장항선","봉명","1380","1254","20220425",""
"20220422","장항선","쌍용(나사렛대)","2776","2424","20220425",""
"20220422","장항선","아산","4303","4468","20220425",""
"20220422","안산선","신길온천","1869","1680","20220425",""
"20220422","안산선","정왕","10975","10567","20220425",""
"20220422","안산선","오이도","8733","8980","20220425",""
"20220422","안산선","수리산","4890","4118","20220425",""
"20220422","우이신설선","북한산우이","2651","2380","20220425",""
"20220422","우이신설선","솔밭공원","2512","2297","20220425",""
"20220422","우이신설선","4.19민주묘지","3565","3371","20220425",""
"20220422","우이신설선","가오리","4411","4160","20220425",""
"20220422","우이신설선","화계","3472","3178","20220425",""
"20220422","우이신설선","삼양","2093","2161","20220425",""
"20220422","우이신설선","삼양사거리","2436","2430","20220425",""
"20220422","우이신설선","솔샘","6017","5484","20220425",""
"20220422","우이신설선","북한산보국문","6393","5867","20220425",""
"20220422","우이신설선","정릉","5183","4520","20220425",""
"20220422","중앙선","지평","65","79","20220425",""
"20220422","중앙선","용문","2021","2303","20220425",""
"20220422","중앙선","원덕","396","424","20220425",""
"20220422","중앙선","양평","2894","3175","20220425",""
"20220422","중앙선","오빈","290","306","20220425",""
"20220422","중앙선","아신","546","584","20220425",""
"20220422","중앙선","국수","913","851","20220425",""
"20220422","중앙선","신원","241","212","20220425",""
"20220422","중앙선","양수","1935","1994","20220425",""
"20220422","중앙선","운길산","874","914","20220425",""
"20220422","중앙선","팔당","951","1017","20220425",""
"20220422","중앙선","도심","2545","2030","20220425",""
"20220422","중앙선","덕소","5707","5797","20220425",""
"20220422","중앙선","양정","772","637","20220425",""
"20220422","중앙선","도농","10944","10082","20220425",""
"20220422","중앙선","구리","13692","14162","20220425",""
"20220422","중앙선","양원","3213","2969","20220425",""
"20220422","중앙선","망우","8374","8177","20220425",""
"20220422","중앙선","상봉(시외버스터미널)","6148","6072","20220425",""
"20220422","중앙선","중랑","5924","5628","20220425",""
"20220422","중앙선","회기","25914","24698","20220425",""
"20220422","장항선","신창(순천향대)","3597","2079","20220425",""
"20220422","장항선","온양온천","4069","4326","20220425",""
"20220422","장항선","배방","1319","1222","20220425",""
"20220422","장항선","탕정","939","732","20220425",""
"20220422","안산선","초지","4941","5266","20220425",""
"20220423","우이신설선","화계","2626","2303","20220426",""
"20220423","우이신설선","삼양","1688","1679","20220426",""
"20220423","우이신설선","삼양사거리","2040","1892","20220426",""
"20220423","우이신설선","솔샘","3991","3556","20220426",""
"20220423","우이신설선","북한산보국문","4953","4132","20220426",""
"20220423","우이신설선","정릉","3927","3200","20220426",""
"20220423","우이신설선","보문","1213","1123","20220426",""
"20220423","중앙선","양정","707","622","20220426",""
"20220423","중앙선","도농","7624","7097","20220426",""
"20220423","중앙선","구리","11033","10978","20220426",""
"20220423","안산선","산본","13913","14471","20220426",""
"20220423","수인선","인천","1457","2392","20220426",""
"20220423","수인선","신포","1612","1676","20220426",""
"20220423","수인선","숭의","2950","2707","20220426",""
"20220423","수인선","인하대","5028","4501","20220426",""
"20220423","수인선","송도","2066","1984","20220426",""
"20220423","수인선","연수","4197","4308","20220426",""
"20220423","수인선","원인재","3950","4017","20220426",""
"20220423","수인선","남동인더스파크","991","993","20220426",""
"20220423","수인선","호구포","2773","2604","20220426",""
"20220423","수인선","인천논현","4406","4516","20220426",""
"20220423","수인선","소래포구","6663","6713","20220426",""
"20220423","수인선","월곶","2315","2130","20220426",""
"20220423","수인선","달월","72","73","20220426",""
"20220423","수인선","사리","3874","3202","20220426",""
"20220423","수인선","야목","323","242","20220426",""
"20220423","수인선","어천","824","748","20220426",""
"20220423","수인선","오목천","2328","1901","20220426",""
"20220423","수인선","고색","2762","2686","20220426",""
"20220423","분당선","매교","2295","2292","20220426",""
"20220423","분당선","수원시청","11246","13371","20220426",""
"20220423","분당선","매탄권선","3718","3371","20220426",""
"20220423","분당선","망포","9618","8424","20220426",""
"20220423","분당선","영통","6973","6080","20220426",""
"20220423","분당선","청명","2828","2790","20220426",""
"20220423","분당선","상갈","4023","3885","20220426",""
"20220423","분당선","기흥","6673","6355","20220426",""
"20220423","분당선","신갈","2874","2897","20220426",""
"20220423","분당선","구성","3518","3599","20220426",""
"20220423","분당선","죽전","10317","11361","20220426",""
"20220423","분당선","보정","1728","1513","20220426",""
"20220423","분당선","이매","4311","4094","20220426",""
"20220423","분당선","오리","8129","6593","20220426",""
"20220423","분당선","미금","10673","11059","20220426",""
"20220423","분당선","정자","10777","10964","20220426",""
"20220423","분당선","수내","8914","8394","20220426",""
"20220423","분당선","서현","18716","18795","20220426",""
"20220423","분당선","야탑","18161","19139","20220426",""
"20220423","분당선","모란","16264","16705","20220426",""
"20220423","분당선","태평","11014","10354","20220426",""
"20220423","분당선","가천대","5821","6033","20220426",""
"20220423","분당선","선정릉","3511","3640","20220426",""
"20220423","분당선","강남구청","5384","6821","20220426",""
"20220423","분당선","압구정로데오","18502","22348","20220426",""
"20220423","분당선","서울숲","13894","15617","20220426",""
"20220423","분당선","수원","7856","6604","20220426",""
"20220423","분당선","복정","2","0","20220426",""
"20220423","분당선","수서","10456","10937","20220426",""
"20220423","분당선","대모산입구","2811","2479","20220426",""
"20220423","분당선","개포동","2634","2543","20220426",""
"20220423","분당선","구룡","1436","1307","20220426",""
"20220423","분당선","도곡","4600","4151","20220426",""
"20220423","분당선","한티","10541","10279","20220426",""
"20220423","분당선","선릉","5076","8162","20220426",""
"20220423","과천선","범계","21289","20885","20220426",""
"20220423","과천선","평촌","9808","9409","20220426",""
"20220423","과천선","인덕원","17790","17403","20220426",""
"20220423","과천선","정부과천청사","6669","6524","20220426",""
"20220423","과천선","과천","5078","4539","20220426",""
"20220423","과천선","대공원","11137","11656","20220426",""
"20220423","과천선","경마공원","11881","12163","20220426",""
"20220423","과천선","선바위","6176","5283","20220426",""
"20220423","공항철도 1호선","영종","3206","3098","20220426",""
"20220423","공항철도 1호선","인천공항2터미널","2617","2336","20220426",""
"20220423","공항철도 1호선","인천공항1터미널","4955","4652","20220426",""
"20220423","공항철도 1호선","공항화물청사","1305","1363","20220426",""
"20220423","공항철도 1호선","운서","6718","6766","20220426",""
"20220423","공항철도 1호선","청라국제도시","4487","4290","20220426",""
"20220423","공항철도 1호선","검암","4838","4889","20220426",""
"20220423","공항철도 1호선","계양","7572","6873","20220426",""
"20220423","공항철도 1호선","김포공항","11866","5910","20220426",""
"20220423","공항철도 1호선","마곡나루(서울식물원)","3705","3968","20220426",""
"20220423","공항철도 1호선","디지털미디어시티","5904","5531","20220426",""
"20220423","공항철도 1호선","홍대입구","11941","12367","20220426",""
"20220423","공항철도 1호선","공덕","1733","2669","20220426",""
"20220423","공항철도 1호선","서울역","8284","8459","20220426",""
"20220423","경춘선","춘천","2422","2034","20220426",""
"20220423","경춘선","남춘천","2983","3203","20220426",""
"20220423","경춘선","김유정","653","799","20220426",""
"20220423","경춘선","강촌","841","925","20220426",""
"20220423","경춘선","백양리","165","185","20220426",""
"20220423","경춘선","굴봉산","362","350","20220426",""
"20220423","경춘선","가평","2295","2559","20220426",""
"20220423","경춘선","상천","603","600","20220426",""
"20220423","경춘선","청평","1993","2252","20220426",""
"20220423","경춘선","대성리","999","1233","20220426",""
"20220423","경춘선","마석","4201","4040","20220426",""
"20220423","경춘선","천마산","1574","1526","20220426",""
"20220423","경춘선","평내호평","5018","4788","20220426",""
"20220423","경춘선","금곡","1232","1176","20220426",""
"20220423","경춘선","사릉","1943","1900","20220426",""
"20220423","경춘선","퇴계원","2833","2555","20220426",""
"20220423","경춘선","별내","2407","2296","20220426",""
"20220423","경춘선","갈매","2108","1812","20220426",""
"20220423","경춘선","신내","1443","1409","20220426",""
"20220423","경인선","도화","3376","3065","20220426",""
"20220423","경인선","중동","7039","6467","20220426",""
"20220423","경인선","온수(성공회대입구)","5132","4686","20220426",""
"20220423","경인선","도원","2114","2111","20220426",""
"20220423","경인선","간석","4613","3912","20220426",""
"20220423","경인선","부개","6551","6125","20220426",""
"20220423","경인선","소사","7927","7639","20220426",""
"20220423","경인선","구일","8075","8296","20220426",""
"20220423","경인선","인천","5447","4721","20220426",""
"20220423","경인선","동인천","12616","12272","20220426",""
"20220423","경인선","제물포","7668","7196","20220426",""
"20220423","경인선","주안","16689","14541","20220426",""
"20220423","경인선","동암","12635","12697","20220426",""
"20220423","경인선","백운","5744","5623","20220426",""
"20220423","경인선","부평","28913","32606","20220426",""
"20220423","경인선","송내","19159","18651","20220426",""
"20220423","경인선","부천","29446","30379","20220426",""
"20220423","경인선","역곡","21064","20210","20220426",""
"20220423","경인선","오류동","9571","8524","20220426",""
"20220423","경인선","개봉","16815","16173","20220426",""
"20220423","경의선","임진강","86","75","20220426",""
"20220423","경의선","문산","4967","4856","20220426",""
"20220423","경의선","파주","991","718","20220426",""
"20220423","경의선","월롱","2195","1731","20220426",""
"20220423","경의선","금촌","6099","5551","20220426",""
"20220423","경의선","금릉","4232","3948","20220426",""
"20220423","경의선","운정","5388","4892","20220426",""
"20220423","경의선","야당","6781","6888","20220426",""
"20220423","경의선","탄현","5865","5370","20220426",""
"20220423","경의선","일산","7900","7615","20220426",""
"20220423","경의선","풍산","4610","4405","20220426",""
"20220423","경의선","백마","4842","4446","20220426",""
"20220423","경의선","곡산","493","526","20220426",""
"20220423","경의선","능곡","3063","3062","20220426",""
"20220423","경의선","행신","5594","5545","20220426",""
"20220423","경의선","강매","2237","1976","20220426",""
"20220423","경의선","화전","1259","1177","20220426",""
"20220423","경의선","수색","1546","1452","20220426",""
"20220423","경의선","디지털미디어시티","2024","1785","20220426",""
"20220423","경의선","가좌","4250","3874","20220426",""
"20220423","경의선","홍대입구","1851","2346","20220426",""
"20220423","경의선","서강대","1781","1696","20220426",""
"20220423","경의선","공덕","2902","2175","20220426",""
"20220423","경의선","효창공원앞","1825","1963","20220426",""
"20220423","경의선","신촌","344","390","20220426",""
"20220423","경의선","서울역","1480","1610","20220426",""
"20220423","경원선","소요산","5014","4270","20220426",""
"20220423","경원선","동두천","1818","2511","20220426",""
"20220423","경원선","보산","2440","2305","20220426",""
"20220423","경원선","동두천중앙","2716","2583","20220426",""
"20220423","경원선","지행","6237","6158","20220426",""
"20220423","경원선","덕정","5168","4653","20220426",""
"20220423","경원선","덕계","2544","2346","20220426",""
"20220423","경원선","양주","6912","6468","20220426",""
"20220423","경원선","녹양","3794","3602","20220426",""
"20220423","경원선","가능","5452","5151","20220426",""
"20220423","경원선","의정부","18404","19442","20220426",""
"20220423","경원선","회룡","10340","10246","20220426",""
"20220423","경원선","망월사","6158","6200","20220426",""
"20220423","경원선","도봉산","10318","7478","20220426",""
"20220423","경원선","도봉","4915","4588","20220426",""
"20220423","경원선","방학","7998","7754","20220426",""
"20220423","경원선","녹천","3485","2769","20220426",""
"20220423","경원선","월계","4996","4477","20220426",""
"20220423","경원선","광운대","6306","6249","20220426",""
"20220423","경원선","석계","7167","7389","20220426",""
"20220423","경원선","신이문","6407","5757","20220426",""
"20220423","경원선","외대앞","6147","5813","20220426",""
"20220423","경원선","청량리(서울시립대입구)","16437","17827","20220426",""
"20220423","경원선","왕십리(성동구청)","12236","14235","20220426",""
"20220423","경원선","응봉","1725","1522","20220426",""
"20220423","경원선","옥수","48","35","20220426",""
"20220423","경원선","한남","2811","2791","20220426",""
"20220423","경원선","서빙고","1770","1830","20220426",""
"20220423","경원선","이촌(국립중앙박물관)","3442","2346","20220426",""
"20220423","경부선","광명","2969","2659","20220426",""
"20220423","경부선","서동탄","1063","1057","20220426",""
"20220423","경부선","당정","4237","3962","20220426",""
"20220423","경부선","천안","6589","6911","20220426",""
"20220423","경부선","두정","5716","5760","20220426",""
"20220423","경부선","직산","784","728","20220426",""
"20220423","경부선","성환","3278","2873","20220426",""
"20220423","경부선","평택","14028","13670","20220426",""
"20220423","경부선","평택지제","3529","3152","20220426",""
"20220423","경부선","서정리","7437","5914","20220426",""
"20220423","경부선","송탄","5338","4692","20220426",""
"20220423","경부선","진위","1272","1096","20220426",""
"20220423","경부선","오산","10260","9555","20220426",""
"20220423","경부선","오산대","3348","3051","20220426",""
"20220423","경부선","세마","2342","2238","20220426",""
"20220423","경부선","병점","12860","12540","20220426",""
"20220423","경부선","세류","2670","2583","20220426",""
"20220423","경부선","독산","9586","9033","20220426",""
"20220423","경부선","수원","38650","42763","20220426",""
"20220423","경부선","화서","6119","5920","20220426",""
"20220423","경부선","성균관대","11595","11347","20220426",""
"20220423","경부선","의왕","6785","6584","20220426",""
"20220423","경부선","군포","4519","4117","20220426",""
"20220423","경부선","금정","20294","20061","20220426",""
"20220423","경부선","명학","5228","4955","20220426",""
"20220423","경부선","안양","18544","18470","20220426",""
"20220423","경부선","관악","6683","6373","20220426",""
"20220423","경부선","석수","7317","6698","20220426",""
"20220423","경부선","금천구청","8907","8766","20220426",""
"20220423","경부선","가산디지털단지","6698","8723","20220426",""
"20220423","경부선","구로","13673","14089","20220426",""
"20220423","경부선","신길","6386","5247","20220426",""
"20220423","경부선","신도림","3172","3329","20220426",""
"20220423","경부선","영등포","40184","42542","20220426",""
"20220423","경부선","대방","8537","8445","20220426",""
"20220423","경부선","노량진","8778","7916","20220426",""
"20220423","경부선","용산","34523","37727","20220426",""
"20220423","경부선","남영","5769","6043","20220426",""
"20220423","경부선","서울역","7565","1956","20220426",""
"20220423","경강선","여주","2372","2768","20220426",""
"20220423","경강선","세종대왕릉","398","458","20220426",""
"20220423","경강선","부발","2265","1836","20220426",""
"20220423","경강선","이천","2809","2845","20220426",""
"20220423","경강선","신둔도예촌","1362","1261","20220426",""
"20220423","경강선","곤지암","2051","2133","20220426",""
"20220423","경강선","초월","2390","2143","20220426",""
"20220423","경강선","경기광주","5722","5386","20220426",""
"20220423","경강선","삼동","1629","1487","20220426",""
"20220423","경강선","이매","902","713","20220426",""
"20220423","경강선","판교","3264","3221","20220426",""
"20220423","9호선2~3단계","중앙보훈병원","4779","4390","20220426",""
"20220423","9호선2~3단계","둔촌오륜","576","595","20220426",""
"20220423","9호선2~3단계","올림픽공원(한국체대)","5701","5513","20220426",""
"20220423","9호선2~3단계","한성백제","2019","1732","20220426",""
"20220423","9호선2~3단계","송파나루","4268","4576","20220426",""
"20220423","9호선2~3단계","석촌","7389","6005","20220426",""
"20220423","9호선2~3단계","석촌고분","4339","4282","20220426",""
"20220423","9호선2~3단계","삼전","4956","4465","20220426",""
"20220423","9호선2~3단계","종합운동장","3621","3637","20220426",""
"20220423","9호선2~3단계","봉은사","10729","11235","20220426",""
"20220423","9호선2~3단계","삼성중앙","2960","2972","20220426",""
"20220423","9호선2~3단계","선정릉","4786","5396","20220426",""
"20220423","9호선2~3단계","언주","6518","6553","20220426",""
"20220423","9호선","신논현","26616","26442","20220426",""
"20220423","9호선","사평","2317","2110","20220426",""
"20220423","9호선","고속터미널","14340","19788","20220426",""
"20220423","9호선","신반포","3225","3323","20220426",""
"20220423","9호선","구반포","1077","1135","20220426",""
"20220423","9호선","동작(현충원)","1980","1560","20220426",""
"20220423","9호선","흑석(중앙대입구)","5791","5732","20220426",""
"20220423","9호선","노들","3626","3039","20220426",""
"20220423","9호선","노량진","21869","21212","20220426",""
"20220423","9호선","샛강","2791","2700","20220426",""
"20220423","9호선","여의도","13535","13073","20220426",""
"20220423","9호선","국회의사당","9154","8695","20220426",""
"20220423","9호선","당산","13725","12635","20220426",""
"20220423","9호선","선유도","4384","4198","20220426",""
"20220423","9호선","신목동","2548","2026","20220426",""
"20220423","9호선","염창","12666","11385","20220426",""
"20220423","9호선","등촌","7456","7100","20220426",""
"20220423","9호선","증미","4231","3880","20220426",""
"20220423","9호선","가양","14613","13612","20220426",""
"20220423","9호선","양천향교","6423","5887","20220426",""
"20220423","9호선","마곡나루(서울식물원)","9018","8808","20220426",""
"20220423","9호선","신방화","4798","4544","20220426",""
"20220423","9호선","공항시장","2424","2416","20220426",""
"20220423","9호선","김포공항","8136","12383","20220426",""
"20220423","9호선","개화","1554","1312","20220426",""
"20220423","8호선","남위례","3486","3443","20220426",""
"20220423","8호선","모란","3750","3336","20220426",""
"20220423","8호선","수진","4231","3788","20220426",""
"20220423","8호선","신흥","3508","3637","20220426",""
"20220423","8호선","단대오거리","7989","7244","20220426",""
"20220423","8호선","남한산성입구(성남법원.검찰청)","9681","8296","20220426",""
"20220423","8호선","산성","4461","4509","20220426",""
"20220423","8호선","복정","6439","5415","20220426",""
"20220423","8호선","장지","12362","11133","20220426",""
"20220423","8호선","문정","8734","8728","20220426",""
"20220423","8호선","가락시장","5472","5744","20220426",""
"20220423","8호선","송파","5669","5341","20220426",""
"20220423","8호선","석촌","6072","7760","20220426",""
"20220423","8호선","잠실(송파구청)","12799","15208","20220426",""
"20220423","8호선","몽촌토성(평화의문)","4916","5034","20220426",""
"20220423","8호선","강동구청","6165","6018","20220426",""
"20220423","8호선","천호(풍납토성)","12181","14342","20220426",""
"20220423","8호선","암사","12682","11473","20220426",""
"20220423","7호선","삼산체육관","1","0","20220426",""
"20220423","7호선","상동","1","0","20220426",""
"20220423","7호선","온수(성공회대입구)","5964","5692","20220426",""
"20220423","7호선","천왕","7220","6669","20220426",""
"20220423","7호선","광명사거리","17450","17167","20220426",""
"20220423","7호선","철산","15435","15624","20220426",""
"20220423","7호선","가산디지털단지","15334","13729","20220426",""
"20220423","7호선","남구로","8330","8637","20220426",""
"20220423","7호선","대림(구로구청)","7072","7586","20220426",""
"20220423","7호선","신풍","8413","7855","20220426",""
"20220423","7호선","보라매","6902","6664","20220426",""
"20220423","7호선","신대방삼거리","11545","10716","20220426",""
"20220423","7호선","장승배기","6595","6229","20220426",""
"20220423","7호선","상도","7565","6933","20220426",""
"20220423","7호선","숭실대입구(살피재)","9587","8995","20220426",""
"20220423","7호선","남성","7850","7214","20220426",""
"20220423","7호선","이수","12294","11483","20220426",""
"20220423","7호선","내방","7820","7855","20220426",""
"20220423","7호선","고속터미널","15070","11600","20220426",""
"20220423","7호선","반포","4504","4373","20220426",""
"20220423","7호선","논현","11342","12287","20220426",""
"20220423","7호선","학동","10941","11605","20220426",""
"20220423","7호선","강남구청","10040","11370","20220426",""
"20220423","7호선","청담","11014","12075","20220426",""
"20220423","7호선","뚝섬유원지","15065","14399","20220426",""
"20220423","7호선","건대입구","10748","11497","20220426",""
"20220423","7호선","어린이대공원(세종대)","11744","11849","20220426",""
"20220423","7호선","군자(능동)","11395","8387","20220426",""
"20220423","7호선","중곡","7262","6633","20220426",""
"20220423","7호선","용마산(용마폭포공원)","4435","4508","20220426",""
"20220423","7호선","사가정","12707","12032","20220426",""
"20220423","7호선","면목","11556","10750","20220426",""
"20220423","7호선","상봉(시외버스터미널)","13670","12995","20220426",""
"20220423","7호선","중화","7998","7445","20220426",""
"20220423","7호선","먹골","7643","7211","20220426",""
"20220423","7호선","태릉입구","6732","6229","20220426",""
"20220423","7호선","공릉(서울과학기술대)","9530","8945","20220426",""
"20220423","7호선","하계","12803","11772","20220426",""
"20220423","7호선","중계","9776","8526","20220426",""
"20220423","7호선","노원","15604","16398","20220426",""
"20220423","7호선","마들","9155","8223","20220426",""
"20220423","7호선","수락산","10573","10215","20220426",""
"20220423","7호선","도봉산","7251","9673","20220426",""
"20220423","7호선","장암","1826","1141","20220426",""
"20220423","6호선","봉화산(서울의료원)","5567","5385","20220426",""
"20220423","6호선","화랑대(서울여대입구)","7190","5807","20220426",""
"20220423","6호선","태릉입구","4308","4565","20220426",""
"20220423","6호선","돌곶이","6279","5778","20220426",""
"20220423","6호선","상월곡(한국과학기술연구원)","4215","3672","20220426",""
"20220423","6호선","월곡(동덕여대)","7416","7210","20220426",""
"20220423","6호선","고려대(종암)","5596","5199","20220426",""
"20220423","6호선","안암(고대병원앞)","7258","6893","20220426",""
"20220423","6호선","보문","5330","4698","20220426",""
"20220423","6호선","창신","2122","1729","20220426",""
"20220423","6호선","동묘앞","8047","7714","20220426",""
"20220423","6호선","신당","6054","5728","20220426",""
"20220423","6호선","청구","2432","2413","20220426",""
"20220423","6호선","약수","2586","2653","20220426",""
"20220423","6호선","버티고개","1676","1789","20220426",""
"20220423","6호선","한강진","8847","11411","20220426",""
"20220423","6호선","이태원","14953","20096","20220426",""
"20220423","6호선","녹사평(용산구청)","5685","6480","20220426",""
"20220423","6호선","삼각지","6441","5010","20220426",""
"20220423","6호선","효창공원앞","4946","4325","20220426",""
"20220423","6호선","공덕","10309","9653","20220426",""
"20220423","6호선","대흥(서강대앞)","5603","5544","20220426",""
"20220423","6호선","광흥창(서강)","5343","4821","20220426",""
"20220423","6호선","상수","8161","10430","20220426",""
"20220423","6호선","합정","12860","12155","20220426",""
"20220423","6호선","망원","13899","15493","20220426",""
"20220423","6호선","마포구청","9792","8152","20220426",""
"20220423","6호선","월드컵경기장(성산)","4959","5153","20220426",""
"20220423","6호선","디지털미디어시티","7577","7515","20220426",""
"20220423","6호선","증산(명지대앞)","7645","7283","20220426",""
"20220423","6호선","새절(신사)","9049","8358","20220426",""
"20220423","6호선","구산","5644","4096","20220426",""
"20220423","6호선","독바위","2025","2198","20220426",""
"20220423","6호선","불광","3869","3631","20220426",""
"20220423","6호선","역촌","2675","3059","20220426",""
"20220423","6호선","응암","13143","12673","20220426",""
"20220423","5호선","하남검단산","5615","5454","20220426",""
"20220423","5호선","하남시청(덕풍·신장)","5975","5522","20220426",""
"20220423","5호선","하남풍산","2885","2901","20220426",""
"20220423","5호선","미사","12924","12943","20220426",""
"20220423","5호선","강일","2974","2760","20220426",""
"20220423","5호선","마천","4908","4987","20220426",""
"20220423","5호선","거여","6955","6370","20220426",""
"20220423","5호선","개롱","4274","4487","20220426",""
"20220423","5호선","오금","2164","2045","20220426",""
"20220423","5호선","방이","5404","5189","20220426",""
"20220423","5호선","올림픽공원(한국체대)","3359","3170","20220426",""
"20220423","5호선","둔촌동","5883","5744","20220426",""
"20220423","5호선","상일동","9466","8516","20220426",""
"20220423","5호선","고덕","6349","6159","20220426",""
"20220423","5호선","명일","6269","6191","20220426",""
"20220423","5호선","굽은다리(강동구민회관앞)","7434","6709","20220426",""
"20220423","5호선","길동","6007","6090","20220426",""
"20220423","5호선","강동","13509","12641","20220426",""
"20220423","5호선","천호(풍납토성)","17486","16745","20220426",""
"20220423","5호선","광나루(장신대)","10984","10279","20220426",""
"20220423","5호선","아차산(어린이대공원후문)","14957","14505","20220426",""
"20220423","5호선","군자(능동)","8626","9555","20220426",""
"20220423","5호선","장한평","11540","11054","20220426",""
"20220423","5호선","답십리","10564","9401","20220426",""
"20220423","5호선","마장","3942","3598","20220426",""
"20220423","5호선","왕십리(성동구청)","3492","4320","20220426",""
"20220423","5호선","행당","5581","4655","20220426",""
"20220423","5호선","신금호","4202","4317","20220426",""
"20220423","5호선","청구","2648","2365","20220426",""
"20220423","5호선","동대문역사문화공원(DDP)","1036","1332","20220426",""
"20220423","5호선","을지로4가","3725","4153","20220426",""
"20220423","5호선","종로3가","12850","13859","20220426",""
"20220423","5호선","광화문(세종문화회관)","15781","16199","20220426",""
"20220423","5호선","서대문","7607","7566","20220426",""
"20220423","5호선","충정로(경기대입구)","1892","1799","20220426",""
"20220423","5호선","애오개","3827","3721","20220426",""
"20220423","5호선","공덕","7291","7474","20220426",""
"20220423","5호선","마포","7753","7741","20220426",""
"20220423","5호선","여의나루","20275","22317","20220426",""
"20220423","5호선","여의도","12639","13647","20220426",""
"20220423","5호선","신길","2712","2749","20220426",""
"20220423","5호선","영등포시장","8330","8667","20220426",""
"20220423","5호선","영등포구청","2132","2060","20220426",""
"20220423","5호선","양평","3804","3560","20220426",""
"20220423","5호선","오목교(목동운동장앞)","15477","16051","20220426",""
"20220423","5호선","목동","11601","11437","20220426",""
"20220423","5호선","신정(은행정)","9436","7946","20220426",""
"20220423","5호선","까치산","22136","20498","20220426",""
"20220423","5호선","화곡","20820","18671","20220426",""
"20220423","5호선","우장산","9911","9759","20220426",""
"20220423","5호선","발산","14249","15571","20220426",""
"20220423","5호선","마곡","5613","5800","20220426",""
"20220423","5호선","송정","5214","4694","20220426",""
"20220423","5호선","김포공항","7539","7709","20220426",""
"20220423","5호선","개화산","3864","3823","20220426",""
"20220423","5호선","방화","4976","4732","20220426",""
"20220423","4호선","남태령","1154","726","20220426",""
"20220423","4호선","사당","22589","20082","20220426",""
"20220423","4호선","총신대입구(이수)","14707","15708","20220426",""
"20220423","4호선","동작(현충원)","1744","1836","20220426",""
"20220423","4호선","이촌(국립중앙박물관)","7174","8019","20220426",""
"20220423","4호선","신용산","10487","11720","20220426",""
"20220423","4호선","삼각지","3793","5176","20220426",""
"20220423","4호선","숙대입구(갈월)","9439","8971","20220426",""
"20220423","4호선","서울역","6046","14150","20220426",""
"20220423","4호선","회현(남대문시장)","18879","20602","20220426",""
"20220423","4호선","명동","14827","17275","20220426",""
"20220423","4호선","충무로","14330","15240","20220426",""
"20220423","4호선","동대문역사문화공원(DDP)","11023","9605","20220426",""
"20220423","4호선","동대문","13899","14121","20220426",""
"20220423","4호선","혜화","28251","29881","20220426",""
"20220423","4호선","한성대입구(삼선교)","10881","10422","20220426",""
"20220423","4호선","성신여대입구(돈암)","16586","15684","20220426",""
"20220423","4호선","길음","15229","13933","20220426",""
"20220423","4호선","미아사거리","22647","21359","20220426",""
"20220423","4호선","미아(서울사이버대학)","11010","10206","20220426",""
"20220423","4호선","수유(강북구청)","27324","26581","20220426",""
"20220423","4호선","쌍문","22077","19206","20220426",""
"20220423","4호선","창동","20404","20732","20220426",""
"20220423","4호선","노원","16058","17896","20220426",""
"20220423","4호선","상계","15348","14332","20220426",""
"20220423","4호선","당고개","7532","7150","20220426",""
"20220423","3호선","오금","3771","3573","20220426",""
"20220423","3호선","경찰병원","4072","3834","20220426",""
"20220423","3호선","가락시장","6113","5983","20220426",""
"20220423","3호선","수서","13590","13596","20220426",""
"20220423","3호선","일원","5273","4993","20220426",""
"20220423","3호선","대청","6128","5592","20220426",""
"20220423","3호선","학여울","1219","1238","20220426",""
"20220423","3호선","대치","8049","7488","20220426",""
"20220423","3호선","도곡","3372","3441","20220426",""
"20220423","3호선","매봉","6574","6253","20220426",""
"20220423","3호선","양재(서초구청)","21199","23286","20220426",""
"20220423","3호선","남부터미널(예술의전당)","21281","21479","20220426",""
"20220423","3호선","교대(법원.검찰청)","7094","4163","20220426",""
"20220423","3호선","고속터미널","50781","50391","20220426",""
"20220423","3호선","잠원","3563","3396","20220426",""
"20220423","3호선","신사","25661","27586","20220426",""
"20220423","3호선","압구정","25041","26796","20220426",""
"20220423","3호선","옥수","7349","7260","20220426",""
"20220423","3호선","금호","6062","5372","20220426",""
"20220423","3호선","약수","9463","8960","20220426",""
"20220423","3호선","동대입구","7120","7943","20220426",""
"20220423","3호선","충무로","1","0","20220426",""
"20220423","3호선","을지로3가","5693","6446","20220426",""
"20220423","3호선","종로3가","5921","8900","20220426",""
"20220423","3호선","안국","17784","20854","20220426",""
"20220423","3호선","경복궁(정부서울청사)","18800","20283","20220426",""
"20220423","3호선","독립문","6361","7312","20220426",""
"20220423","3호선","무악재","2883","2911","20220426",""
"20220423","3호선","홍제","13773","12726","20220426",""
"20220423","3호선","녹번","10626","8943","20220426",""
"20220423","3호선","불광","13518","15055","20220426",""
"20220423","3호선","연신내","30127","28149","20220426",""
"20220423","3호선","구파발","15465","15608","20220426",""
"20220423","3호선","지축","3547","3256","20220426",""
"20220423","2호선","용두(동대문구청)","1764","1735","20220426",""
"20220423","2호선","신정네거리","7439","7356","20220426",""
"20220423","2호선","양천구청","5223","5034","20220426",""
"20220423","2호선","도림천","879","840","20220426",""
"20220423","2호선","신설동","3604","3481","20220426",""
"20220423","2호선","신답","1115","1110","20220426",""
"20220423","2호선","용답","2129","2083","20220426",""
"20220423","2호선","충정로(경기대입구)","5824","6232","20220426",""
"20220423","2호선","아현","7502","6911","20220426",""
"20220423","2호선","이대","10487","10639","20220426",""
"20220423","2호선","신촌","29126","29519","20220426",""
"20220423","2호선","홍대입구","61636","71134","20220426",""
"20220423","2호선","합정","28100","32612","20220426",""
"20220423","2호선","당산","13510","14461","20220426",""
"20220423","2호선","영등포구청","12899","13591","20220426",""
"20220423","2호선","문래","13314","14328","20220426",""
"20220423","2호선","신도림","41063","41588","20220426",""
"20220423","2호선","대림(구로구청)","18435","19361","20220426",""
"20220423","2호선","구로디지털단지","34814","33815","20220426",""
"20220423","2호선","신대방","21394","20181","20220426",""
"20220423","2호선","신림","52100","48679","20220426",""
"20220423","2호선","봉천","17525","15475","20220426",""
"20220423","2호선","서울대입구(관악구청)","38321","37056","20220426",""
"20220423","2호선","낙성대(강감찬)","21956","19795","20220426",""
"20220423","2호선","사당","32535","36175","20220426",""
"20220423","2호선","방배","10413","10657","20220426",""
"20220423","2호선","서초","12408","8594","20220426",""
"20220423","2호선","교대(법원.검찰청)","17554","19657","20220426",""
"20220423","2호선","강남","59767","61884","20220426",""
"20220423","2호선","역삼","18093","20117","20220426",""
"20220423","2호선","선릉","24083","21248","20220426",""
"20220423","2호선","삼성(무역센터)","27571","27818","20220426",""
"20220423","2호선","종합운동장","12890","14801","20220426",""
"20220423","2호선","잠실새내","17331","18208","20220426",""
"20220423","2호선","잠실(송파구청)","70676","67442","20220426",""
"20220423","2호선","잠실나루","7650","7373","20220426",""
"20220423","2호선","강변(동서울터미널)","27110","27040","20220426",""
"20220423","2호선","구의(광진구청)","16739","15882","20220426",""
"20220423","2호선","건대입구","35171","38625","20220426",""
"20220423","2호선","성수","20844","24018","20220426",""
"20220423","2호선","뚝섬","18493","18825","20220426",""
"20220423","2호선","한양대","4970","5256","20220426",""
"20220423","2호선","왕십리(성동구청)","13621","11651","20220426",""
"20220423","2호선","상왕십리","9815","9074","20220426",""
"20220423","2호선","신당","11538","11980","20220426",""
"20220423","2호선","동대문역사문화공원(DDP)","9720","9598","20220426",""
"20220423","2호선","을지로4가","7716","8070","20220426",""
"20220423","2호선","을지로3가","12323","12946","20220426",""
"20220423","2호선","을지로입구","21135","21424","20220426",""
"20220423","2호선","시청","9419","8400","20220426",""
"20220423","1호선","동묘앞","12346","12956","20220426",""
"20220423","1호선","청량리(서울시립대입구)","19179","18976","20220426",""
"20220423","1호선","제기동","16079","16459","20220426",""
"20220423","1호선","신설동","10095","9510","20220426",""
"20220423","중앙선","양원","2161","1997","20220426",""
"20220423","중앙선","망우","7011","6712","20220426",""
"20220423","중앙선","상봉(시외버스터미널)","5251","4973","20220426",""
"20220423","중앙선","중랑","4783","4497","20220426",""
"20220423","중앙선","회기","20548","19281","20220426",""
"20220423","장항선","신창(순천향대)","1491","1239","20220426",""
"20220423","장항선","온양온천","3905","4114","20220426",""
"20220423","장항선","배방","1141","1080","20220426",""
"20220423","장항선","탕정","691","597","20220426",""
"20220423","장항선","아산","3145","3128","20220426",""
"20220423","장항선","쌍용(나사렛대)","1724","1608","20220426",""
"20220423","장항선","봉명","838","724","20220426",""
"20220423","일산선","대화","9312","8256","20220426",""
"20220423","일산선","주엽","6681","6530","20220426",""
"20220423","일산선","정발산","9715","10140","20220426",""
"20220423","일산선","마두","5455","5518","20220426",""
"20220423","일산선","백석","7603","7525","20220426",""
"20220423","일산선","대곡","1586","1280","20220426",""
"20220423","일산선","화정","13456","13733","20220426",""
"20220423","일산선","원당","8853","8303","20220426",""
"20220423","일산선","삼송","15223","14247","20220426",""
"20220423","일산선","원흥","7943","7277","20220426",""
"20220423","우이신설선","신설동","1555","1482","20220426",""
"20220423","중앙선","지평","72","117","20220426",""
"20220423","중앙선","용문","2858","3189","20220426",""
"20220423","중앙선","원덕","573","573","20220426",""
"20220423","중앙선","양평","4862","4956","20220426",""
"20220423","중앙선","오빈","343","386","20220426",""
"20220423","중앙선","아신","754","813","20220426",""
"20220423","중앙선","국수","887","896","20220426",""
"20220423","중앙선","신원","439","346","20220426",""
"20220423","중앙선","양수","2452","2694","20220426",""
"20220423","중앙선","운길산","1821","1741","20220426",""
"20220423","중앙선","팔당","1717","1991","20220426",""
"20220423","중앙선","도심","1690","1449","20220426",""
"20220423","중앙선","덕소","4882","4961","20220426",""
"20220423","6호선","석계","9107","8813","20220426",""
"20220423","안산선","대야미","4645","3936","20220426",""
"20220423","안산선","반월","3671","3422","20220426",""
"20220423","안산선","상록수","13148","12955","20220426",""
"20220423","안산선","한대앞","7739","7490","20220426",""
"20220423","안산선","중앙","16505","17711","20220426",""
"20220423","안산선","고잔","6894","6865","20220426",""
"20220423","우이신설선","성신여대입구(돈암)","2657","3251","20220426",""
"20220423","안산선","초지","3497","3475","20220426",""
"20220423","안산선","안산","9912","10222","20220426",""
"20220423","안산선","신길온천","1680","1549","20220426",""
"20220423","안산선","정왕","7064","6984","20220426",""
"20220423","안산선","오이도","8161","8387","20220426",""
"20220423","안산선","수리산","5137","5487","20220426",""
"20220423","우이신설선","북한산우이","3858","4116","20220426",""
"20220423","1호선","동대문","10871","10493","20220426",""
"20220423","1호선","종로5가","19721","20440","20220426",""
"20220423","1호선","종로3가","24454","22793","20220426",""
"20220423","1호선","종각","19784","18514","20220426",""
"20220423","1호선","시청","12181","12773","20220426",""
"20220423","1호선","서울역","33471","33971","20220426",""
"20220423","우이신설선","솔밭공원","1945","1867","20220426",""
"20220423","우이신설선","4.19민주묘지","2681","2336","20220426",""
"20220423","우이신설선","가오리","3052","2907","20220426",""
"20220424","경춘선","별내","1798","1667","20220427",""
"20220424","경의선","일산","4986","4686","20220427",""
"20220424","경의선","탄현","4223","3951","20220427",""
"20220424","경의선","야당","4725","4559","20220427",""
"20220424","경의선","운정","3710","3713","20220427",""
"20220424","경의선","금릉","2982","2976","20220427",""
"20220424","경의선","금촌","4406","4634","20220427",""
"20220424","경의선","월롱","1166","2305","20220427",""
"20220424","경의선","파주","749","706","20220427",""
"20220424","경의선","문산","4234","4381","20220427",""
"20220424","경의선","임진강","55","54","20220427",""
"20220424","경인선","개봉","11851","11615","20220427",""
"20220424","경인선","오류동","7064","6612","20220427",""
"20220424","경의선","백마","3355","3178","20220427",""
"20220424","1호선","시청","8320","7877","20220427",""
"20220424","경인선","역곡","14655","14656","20220427",""
"20220424","경인선","부천","21684","21400","20220427",""
"20220424","중앙선","지평","82","71","20220427",""
"20220424","경인선","송내","13460","13097","20220427",""
"20220424","경인선","부평","22286","22216","20220427",""
"20220424","경인선","백운","3978","3974","20220427",""
"20220424","경인선","동암","9570","9535","20220427",""
"20220424","경인선","주안","11901","10835","20220427",""
"20220424","경인선","제물포","5786","5471","20220427",""
"20220424","경인선","동인천","9751","9406","20220427",""
"20220424","경인선","인천","4773","3968","20220427",""
"20220424","경인선","구일","6091","6296","20220427",""
"20220424","2호선","충정로(경기대입구)","3632","3795","20220427",""
"20220424","2호선","용답","1786","1733","20220427",""
"20220424","2호선","신답","784","850","20220427",""
"20220424","2호선","신설동","3353","3372","20220427",""
"20220424","2호선","도림천","468","541","20220427",""
"20220424","2호선","양천구청","3543","3629","20220427",""
"20220424","2호선","신정네거리","5589","5690","20220427",""
"20220424","2호선","용두(동대문구청)","1103","1123","20220427",""
"20220424","3호선","지축","2506","2265","20220427",""
"20220424","3호선","구파발","11623","11884","20220427",""
"20220424","3호선","연신내","21868","20484","20220427",""
"20220424","3호선","불광","9846","11083","20220427",""
"20220424","3호선","녹번","7437","6672","20220427",""
"20220424","3호선","홍제","9462","8885","20220427",""
"20220424","3호선","무악재","1777","1997","20220427",""
"20220424","3호선","독립문","4396","5007","20220427",""
"20220424","3호선","경복궁(정부서울청사)","13278","13876","20220427",""
"20220424","3호선","안국","12049","13274","20220427",""
"20220424","3호선","종로3가","3957","5147","20220427",""
"20220424","3호선","을지로3가","3486","3426","20220427",""
"20220424","3호선","충무로","1","0","20220427",""
"20220424","3호선","동대입구","5156","5556","20220427",""
"20220424","3호선","약수","6843","6564","20220427",""
"20220424","3호선","금호","4412","4151","20220427",""
"20220424","3호선","옥수","5147","5355","20220427",""
"20220424","3호선","압구정","13381","14210","20220427",""
"20220424","3호선","신사","13309","13338","20220427",""
"20220424","3호선","잠원","2329","2291","20220427",""
"20220424","3호선","고속터미널","41725","38752","20220427",""
"20220424","3호선","교대(법원.검찰청)","4304","2786","20220427",""
"20220424","3호선","남부터미널(예술의전당)","14900","15642","20220427",""
"20220424","3호선","양재(서초구청)","13361","15786","20220427",""
"20220424","3호선","매봉","4527","4427","20220427",""
"20220424","3호선","도곡","2128","2309","20220427",""
"20220424","3호선","대치","4931","4533","20220427",""
"20220424","3호선","학여울","938","927","20220427",""
"20220424","3호선","대청","4224","4059","20220427",""
"20220424","3호선","일원","3589","3873","20220427",""
"20220424","3호선","수서","10464","10153","20220427",""
"20220424","3호선","가락시장","3668","3874","20220427",""
"20220424","3호선","경찰병원","2710","2790","20220427",""
"20220424","3호선","오금","2899","2977","20220427",""
"20220424","4호선","당고개","5932","5628","20220427",""
"20220424","4호선","상계","11674","11074","20220427",""
"20220424","4호선","노원","11929","12791","20220427",""
"20220424","4호선","창동","15076","15342","20220427",""
"20220424","4호선","쌍문","16299","14677","20220427",""
"20220424","4호선","수유(강북구청)","20144","19518","20220427",""
"20220424","4호선","미아(서울사이버대학)","8401","7871","20220427",""
"20220424","4호선","미아사거리","16495","15787","20220427",""
"20220424","4호선","길음","10927","10763","20220427",""
"20220424","4호선","성신여대입구(돈암)","12157","11743","20220427",""
"20220424","4호선","한성대입구(삼선교)","7661","7868","20220427",""
"20220424","4호선","혜화","21419","22588","20220427",""
"20220424","4호선","동대문","7325","7979","20220427",""
"20220424","4호선","동대문역사문화공원(DDP)","8766","7804","20220427",""
"20220424","4호선","충무로","8680","8915","20220427",""
"20220424","4호선","명동","11844","12150","20220427",""
"20220424","4호선","회현(남대문시장)","8858","9227","20220427",""
"20220424","4호선","서울역","4439","10698","20220427",""
"20220424","4호선","숙대입구(갈월)","7203","7210","20220427",""
"20220424","4호선","삼각지","2893","3847","20220427",""
"20220424","4호선","신용산","8217","8327","20220427",""
"20220424","4호선","이촌(국립중앙박물관)","5278","5946","20220427",""
"20220424","4호선","동작(현충원)","1453","1482","20220427",""
"20220424","4호선","총신대입구(이수)","10536","11548","20220427",""
"20220424","4호선","사당","16138","14924","20220427",""
"20220424","4호선","남태령","778","571","20220427",""
"20220424","5호선","방화","3837","3816","20220427",""
"20220424","5호선","개화산","2822","2779","20220427",""
"20220424","5호선","김포공항","6853","6708","20220427",""
"20220424","5호선","송정","3794","3804","20220427",""
"20220424","5호선","마곡","3717","3896","20220427",""
"20220424","5호선","발산","9297","9789","20220427",""
"20220424","5호선","우장산","6746","6861","20220427",""
"20220424","5호선","화곡","14371","13681","20220427",""
"20220424","5호선","까치산","15757","15442","20220427",""
"20220424","5호선","신정(은행정)","6563","5909","20220427",""
"20220424","5호선","목동","7707","7881","20220427",""
"20220424","5호선","오목교(목동운동장앞)","10989","11100","20220427",""
"20220424","5호선","양평","2699","2750","20220427",""
"20220424","5호선","영등포구청","1286","1236","20220427",""
"20220424","5호선","영등포시장","5532","5868","20220427",""
"20220424","5호선","신길","1913","2177","20220427",""
"20220424","5호선","여의도","8540","9010","20220427",""
"20220424","5호선","여의나루","14206","15227","20220427",""
"20220424","5호선","마포","5027","4988","20220427",""
"20220424","5호선","공덕","4584","4653","20220427",""
"20220424","5호선","애오개","2812","2845","20220427",""
"20220424","5호선","충정로(경기대입구)","1426","1462","20220427",""
"20220424","5호선","서대문","5200","5374","20220427",""
"20220424","5호선","광화문(세종문화회관)","10566","10819","20220427",""
"20220424","5호선","종로3가","8661","7896","20220427",""
"20220424","5호선","을지로4가","1725","1774","20220427",""
"20220424","5호선","동대문역사문화공원(DDP)","677","814","20220427",""
"20220424","5호선","청구","1824","1705","20220427",""
"20220424","5호선","신금호","2903","3239","20220427",""
"20220424","5호선","행당","3990","3587","20220427",""
"20220424","5호선","왕십리(성동구청)","2420","2858","20220427",""
"20220424","5호선","마장","2911","2714","20220427",""
"20220424","5호선","답십리","7293","6767","20220427",""
"20220424","5호선","장한평","7816","7913","20220427",""
"20220424","5호선","군자(능동)","6142","6867","20220427",""
"20220424","5호선","아차산(어린이대공원후문)","11855","11618","20220427",""
"20220424","5호선","광나루(장신대)","7563","7439","20220427",""
"20220424","5호선","천호(풍납토성)","12650","12221","20220427",""
"20220424","5호선","강동","9207","9104","20220427",""
"20220424","5호선","길동","4103","4149","20220427",""
"20220424","5호선","굽은다리(강동구민회관앞)","5344","4809","20220427",""
"20220424","5호선","명일","5047","5105","20220427",""
"20220424","5호선","고덕","4178","4187","20220427",""
"20220424","5호선","상일동","6607","6254","20220427",""
"20220424","5호선","둔촌동","4507","4426","20220427",""
"20220424","5호선","올림픽공원(한국체대)","2434","2220","20220427",""
"20220424","5호선","방이","4141","3870","20220427",""
"20220424","5호선","오금","1922","1777","20220427",""
"20220424","5호선","개롱","3241","3481","20220427",""
"20220424","5호선","거여","4880","4765","20220427",""
"20220424","5호선","마천","3692","3916","20220427",""
"20220424","5호선","강일","2218","2208","20220427",""
"20220424","5호선","미사","9344","9331","20220427",""
"20220424","5호선","하남풍산","2268","2227","20220427",""
"20220424","5호선","하남시청(덕풍·신장)","4503","4251","20220427",""
"20220424","5호선","하남검단산","4682","4664","20220427",""
"20220424","6호선","응암","9505","9529","20220427",""
"20220424","6호선","역촌","2024","2355","20220427",""
"20220424","6호선","불광","2966","2739","20220427",""
"20220424","6호선","독바위","1718","2051","20220427",""
"20220424","6호선","구산","3968","2969","20220427",""
"20220424","6호선","새절(신사)","6368","6273","20220427",""
"20220424","6호선","증산(명지대앞)","5775","5848","20220427",""
"20220424","6호선","디지털미디어시티","5348","5607","20220427",""
"20220424","6호선","월드컵경기장(성산)","3416","3449","20220427",""
"20220424","6호선","마포구청","7001","6330","20220427",""
"20220424","6호선","망원","10020","10944","20220427",""
"20220424","6호선","합정","9272","8693","20220427",""
"20220424","6호선","상수","6155","6766","20220427",""
"20220424","6호선","광흥창(서강)","4027","3787","20220427",""
"20220424","6호선","대흥(서강대앞)","3765","3963","20220427",""
"20220424","6호선","공덕","6869","6375","20220427",""
"20220424","6호선","효창공원앞","3574","3190","20220427",""
"20220424","6호선","삼각지","4472","3524","20220427",""
"20220424","6호선","녹사평(용산구청)","4181","4102","20220427",""
"20220424","6호선","이태원","12496","9917","20220427",""
"20220424","6호선","한강진","6773","7809","20220427",""
"20220424","6호선","버티고개","1160","1315","20220427",""
"20220424","6호선","약수","1764","1671","20220427",""
"20220424","6호선","청구","1726","1602","20220427",""
"20220424","6호선","신당","4772","5276","20220427",""
"20220424","6호선","동묘앞","6401","6289","20220427",""
"20220424","6호선","창신","1674","1432","20220427",""
"20220424","6호선","보문","3952","3754","20220427",""
"20220424","6호선","안암(고대병원앞)","4362","4952","20220427",""
"20220424","6호선","고려대(종암)","4040","4077","20220427",""
"20220424","6호선","월곡(동덕여대)","5256","5104","20220427",""
"20220424","6호선","상월곡(한국과학기술연구원)","3308","2993","20220427",""
"20220424","6호선","돌곶이","5419","5146","20220427",""
"20220424","6호선","석계","6422","6747","20220427",""
"20220424","6호선","태릉입구","3206","3308","20220427",""
"20220424","6호선","화랑대(서울여대입구)","5111","4497","20220427",""
"20220424","6호선","봉화산(서울의료원)","3960","3957","20220427",""
"20220424","7호선","장암","1553","1057","20220427",""
"20220424","7호선","도봉산","5767","7963","20220427",""
"20220424","7호선","수락산","8642","8694","20220427",""
"20220424","7호선","마들","6094","5709","20220427",""
"20220424","7호선","노원","10727","10892","20220427",""
"20220424","7호선","중계","6633","6252","20220427",""
"20220424","7호선","하계","9375","8917","20220427",""
"20220424","7호선","공릉(서울과학기술대)","6723","7027","20220427",""
"20220424","7호선","태릉입구","4979","4585","20220427",""
"20220424","7호선","먹골","5362","5140","20220427",""
"20220424","7호선","중화","5916","5755","20220427",""
"20220424","7호선","상봉(시외버스터미널)","9469","8582","20220427",""
"20220424","7호선","면목","8102","7950","20220427",""
"20220424","7호선","사가정","8889","8878","20220427",""
"20220424","7호선","용마산(용마폭포공원)","3589","3950","20220427",""
"20220424","7호선","중곡","5356","5209","20220427",""
"20220424","7호선","군자(능동)","7859","6107","20220427",""
"20220424","7호선","어린이대공원(세종대)","8724","8971","20220427",""
"20220424","7호선","건대입구","7306","7808","20220427",""
"20220424","7호선","뚝섬유원지","10634","10141","20220427",""
"20220424","7호선","청담","7117","7642","20220427",""
"20220424","7호선","강남구청","5601","6127","20220427",""
"20220424","7호선","학동","6347","6667","20220427",""
"20220424","7호선","논현","6110","6485","20220427",""
"20220424","7호선","반포","2857","2814","20220427",""
"20220424","7호선","고속터미널","13288","8526","20220427",""
"20220424","7호선","내방","5233","5370","20220427",""
"20220424","7호선","이수","8347","7843","20220427",""
"20220424","7호선","남성","5580","5415","20220427",""
"20220424","7호선","숭실대입구(살피재)","5818","6251","20220427",""
"20220424","7호선","상도","5114","5163","20220427",""
"20220424","7호선","장승배기","4713","4705","20220427",""
"20220424","7호선","신대방삼거리","8408","8239","20220427",""
"20220424","7호선","보라매","4921","5007","20220427",""
"20220424","7호선","신풍","6024","5756","20220427",""
"20220424","7호선","대림(구로구청)","7030","6664","20220427",""
"20220424","7호선","남구로","6716","6561","20220427",""
"20220424","7호선","가산디지털단지","10909","10268","20220427",""
"20220424","7호선","철산","10569","10549","20220427",""
"20220424","7호선","광명사거리","12898","12712","20220427",""
"20220424","7호선","천왕","4932","4821","20220427",""
"20220424","7호선","온수(성공회대입구)","4273","4387","20220427",""
"20220424","8호선","암사","9131","8551","20220427",""
"20220424","8호선","천호(풍납토성)","8865","9912","20220427",""
"20220424","8호선","강동구청","4423","4618","20220427",""
"20220424","8호선","몽촌토성(평화의문)","3822","3834","20220427",""
"20220424","8호선","잠실(송파구청)","9864","10979","20220427",""
"20220424","8호선","석촌","4166","5304","20220427",""
"20220424","8호선","송파","4146","4303","20220427",""
"20220424","8호선","가락시장","3112","3877","20220427",""
"20220424","8호선","문정","5843","6191","20220427",""
"20220424","8호선","장지","9065","9244","20220427",""
"20220424","8호선","복정","5028","4547","20220427",""
"20220424","8호선","산성","3413","3435","20220427",""
"20220424","8호선","남한산성입구(성남법원.검찰청)","7257","6704","20220427",""
"20220424","8호선","단대오거리","6180","5954","20220427",""
"20220424","8호선","신흥","2680","2887","20220427",""
"20220424","8호선","수진","3269","3084","20220427",""
"20220424","8호선","모란","5563","4685","20220427",""
"20220424","8호선","남위례","2396","2532","20220427",""
"20220424","9호선","개화","1195","1114","20220427",""
"20220424","9호선","김포공항","7315","11381","20220427",""
"20220424","9호선","공항시장","1828","2045","20220427",""
"20220424","9호선","신방화","3424","3414","20220427",""
"20220424","9호선","마곡나루(서울식물원)","6037","6066","20220427",""
"20220424","9호선","양천향교","4278","4406","20220427",""
"20220424","9호선","가양","10164","10084","20220427",""
"20220424","9호선","증미","2459","2363","20220427",""
"20220424","9호선","등촌","5181","5266","20220427",""
"20220424","9호선","염창","8903","8761","20220427",""
"20220424","9호선","신목동","1761","1554","20220427",""
"20220424","9호선","선유도","3169","3131","20220427",""
"20220424","9호선","당산","9421","9160","20220427",""
"20220424","9호선","국회의사당","5733","5387","20220427",""
"20220424","9호선","여의도","9960","9138","20220427",""
"20220424","9호선","샛강","1715","1746","20220427",""
"20220424","9호선","노량진","15010","15725","20220427",""
"20220424","9호선","노들","2747","2392","20220427",""
"20220424","9호선","흑석(중앙대입구)","3984","4211","20220427",""
"20220424","9호선","동작(현충원)","1528","1268","20220427",""
"20220424","9호선","구반포","547","550","20220427",""
"20220424","9호선","신반포","2085","2205","20220427",""
"20220424","9호선","고속터미널","10998","15074","20220427",""
"20220424","9호선","사평","1510","1518","20220427",""
"20220424","9호선","신논현","15781","14850","20220427",""
"20220424","9호선2~3단계","언주","3898","3933","20220427",""
"20220424","9호선2~3단계","선정릉","3064","3426","20220427",""
"20220424","9호선2~3단계","삼성중앙","1948","2069","20220427",""
"20220424","9호선2~3단계","봉은사","7603","7692","20220427",""
"20220424","9호선2~3단계","종합운동장","3091","2756","20220427",""
"20220424","9호선2~3단계","삼전","3695","3455","20220427",""
"20220424","9호선2~3단계","석촌고분","3036","3080","20220427",""
"20220424","9호선2~3단계","석촌","4901","4314","20220427",""
"20220424","9호선2~3단계","송파나루","2956","3169","20220427",""
"20220424","9호선2~3단계","한성백제","1530","1375","20220427",""
"20220424","9호선2~3단계","올림픽공원(한국체대)","4350","4618","20220427",""
"20220424","9호선2~3단계","둔촌오륜","568","573","20220427",""
"20220424","9호선2~3단계","중앙보훈병원","3536","3422","20220427",""
"20220424","경강선","판교","2666","2430","20220427",""
"20220424","경강선","이매","762","512","20220427",""
"20220424","경강선","삼동","1141","1058","20220427",""
"20220424","경강선","경기광주","4073","4065","20220427",""
"20220424","경강선","초월","1703","1674","20220427",""
"20220424","경강선","곤지암","1723","1957","20220427",""
"20220424","경강선","신둔도예촌","990","1005","20220427",""
"20220424","경강선","이천","2178","2391","20220427",""
"20220424","경강선","부발","1583","2261","20220427",""
"20220424","경강선","세종대왕릉","332","306","20220427",""
"20220424","경강선","여주","2248","2387","20220427",""
"20220424","경부선","서울역","8430","1857","20220427",""
"20220424","경부선","남영","4355","4802","20220427",""
"20220424","경부선","용산","31944","28668","20220427",""
"20220424","경부선","노량진","6146","5920","20220427",""
"20220424","경부선","대방","5974","6410","20220427",""
"20220424","경부선","영등포","32831","31412","20220427",""
"20220424","경부선","신도림","2344","2524","20220427",""
"20220424","경부선","신길","4920","4309","20220427",""
"20220424","경부선","구로","9778","10086","20220427",""
"20220424","경부선","가산디지털단지","5114","6844","20220427",""
"20220424","경부선","금천구청","6578","6418","20220427",""
"20220424","경부선","석수","5470","5259","20220427",""
"20220424","경부선","관악","5040","4714","20220427",""
"20220424","경부선","안양","13772","13336","20220427",""
"20220424","경부선","명학","3502","3557","20220427",""
"20220424","경의선","곡산","400","366","20220427",""
"20220424","경의선","능곡","2411","2389","20220427",""
"20220424","경의선","행신","4728","4268","20220427",""
"20220424","경의선","강매","1640","1553","20220427",""
"20220424","경의선","화전","899","932","20220427",""
"20220424","경의선","수색","937","1030","20220427",""
"20220424","경의선","디지털미디어시티","1534","1379","20220427",""
"20220424","경의선","가좌","2929","2907","20220427",""
"20220424","경의선","홍대입구","1538","1780","20220427",""
"20220424","경의선","서강대","1348","1322","20220427",""
"20220424","경의선","공덕","1776","1422","20220427",""
"20220424","경의선","효창공원앞","1267","1443","20220427",""
"20220424","경의선","신촌","255","310","20220427",""
"20220424","경의선","서울역","1177","1033","20220427",""
"20220424","경원선","소요산","4803","4033","20220427",""
"20220424","경원선","동두천","1519","2124","20220427",""
"20220424","경원선","보산","1423","1516","20220427",""
"20220424","경원선","동두천중앙","2185","2108","20220427",""
"20220424","경원선","지행","4568","4550","20220427",""
"20220424","경원선","덕정","3587","3686","20220427",""
"20220424","경원선","덕계","1908","1880","20220427",""
"20220424","경원선","양주","5380","5328","20220427",""
"20220424","경원선","녹양","2907","2850","20220427",""
"20220424","경원선","가능","4191","4018","20220427",""
"20220424","경원선","의정부","13967","14261","20220427",""
"20220424","경원선","회룡","7785","7762","20220427",""
"20220424","경원선","망월사","4838","5051","20220427",""
"20220424","경원선","도봉산","9357","6841","20220427",""
"20220424","경원선","도봉","3631","3336","20220427",""
"20220424","경원선","방학","6134","5883","20220427",""
"20220424","경원선","녹천","2682","2305","20220427",""
"20220424","경원선","월계","4020","3735","20220427",""
"20220424","경원선","광운대","4162","4317","20220427",""
"20220424","경원선","석계","5192","5673","20220427",""
"20220424","경원선","신이문","4620","4396","20220427",""
"20220424","경원선","외대앞","4480","4615","20220427",""
"20220424","경원선","청량리(서울시립대입구)","13981","13040","20220427",""
"20220424","경원선","왕십리(성동구청)","8865","9949","20220427",""
"20220424","경원선","응봉","1182","1189","20220427",""
"20220424","경원선","옥수","49","19","20220427",""
"20220424","경원선","한남","1933","1917","20220427",""
"20220424","경원선","서빙고","1638","1646","20220427",""
"20220424","경원선","이촌(국립중앙박물관)","2593","1791","20220427",""
"20220424","경부선","광명","2956","1957","20220427",""
"20220424","경부선","서동탄","785","849","20220427",""
"20220424","경부선","당정","3031","3051","20220427",""
"20220424","경부선","천안","6635","6524","20220427",""
"20220424","경부선","두정","4655","5668","20220427",""
"20220424","경부선","직산","662","713","20220427",""
"20220424","경부선","성환","2705","3391","20220427",""
"20220424","경부선","평택","12063","12755","20220427",""
"20220424","경부선","평택지제","2722","2453","20220427",""
"20220424","경부선","서정리","4647","6605","20220427",""
"20220424","경부선","송탄","3637","4524","20220427",""
"20220424","경부선","진위","930","918","20220427",""
"20220424","경부선","오산","8097","8448","20220427",""
"20220424","경부선","오산대","2390","2464","20220427",""
"20220424","경부선","세마","1820","1633","20220427",""
"20220424","경부선","병점","9588","10357","20220427",""
"20220424","경부선","세류","2088","2084","20220427",""
"20220424","경부선","독산","6466","6539","20220427",""
"20220424","경부선","수원","35190","34185","20220427",""
"20220424","경부선","화서","4400","4263","20220427",""
"20220424","경부선","성균관대","7954","8854","20220427",""
"20220424","경부선","의왕","4640","4682","20220427",""
"20220424","경부선","군포","3326","3116","20220427",""
"20220424","중앙선","양평","2407","2178","20220427",""
"20220424","중앙선","오빈","323","292","20220427",""
"20220424","중앙선","아신","684","677","20220427",""
"20220424","중앙선","국수","742","629","20220427",""
"20220424","중앙선","신원","459","298","20220427",""
"20220424","중앙선","양수","2134","1946","20220427",""
"20220424","중앙선","운길산","1770","1650","20220427",""
"20220424","중앙선","팔당","1565","1576","20220427",""
"20220424","중앙선","도심","1291","1201","20220427",""
"20220424","중앙선","덕소","3663","3647","20220427",""
"20220424","중앙선","양정","597","502","20220427",""
"20220424","중앙선","도농","5413","5346","20220427",""
"20220424","중앙선","구리","7746","8156","20220427",""
"20220424","중앙선","양원","1457","1510","20220427",""
"20220424","경부선","금정","15233","15237","20220427",""
"20220424","중앙선","망우","5005","5036","20220427",""
"20220424","중앙선","상봉(시외버스터미널)","3936","4097","20220427",""
"20220424","중앙선","중랑","3653","3603","20220427",""
"20220424","중앙선","회기","15393","15296","20220427",""
"20220424","장항선","신창(순천향대)","1131","2371","20220427",""
"20220424","장항선","온양온천","4968","4838","20220427",""
"20220424","장항선","배방","893","1063","20220427",""
"20220424","장항선","탕정","546","596","20220427",""
"20220424","장항선","아산","4006","2466","20220427",""
"20220424","장항선","쌍용(나사렛대)","1433","1578","20220427",""
"20220424","장항선","봉명","702","708","20220427",""
"20220424","일산선","대화","6653","6277","20220427",""
"20220424","일산선","주엽","4768","4574","20220427",""
"20220424","일산선","정발산","8386","8494","20220427",""
"20220424","일산선","마두","3744","3736","20220427",""
"20220424","일산선","백석","5441","5425","20220427",""
"20220424","일산선","대곡","1209","1054","20220427",""
"20220424","일산선","화정","9742","9986","20220427",""
"20220424","일산선","원당","6415","6206","20220427",""
"20220424","일산선","삼송","11133","10893","20220427",""
"20220424","일산선","원흥","5668","5603","20220427",""
"20220424","우이신설선","신설동","1244","1267","20220427",""
"20220424","우이신설선","보문","995","975","20220427",""
"20220424","우이신설선","성신여대입구(돈암)","2046","2249","20220427",""
"20220424","우이신설선","정릉","2902","2442","20220427",""
"20220424","우이신설선","북한산보국문","3786","3406","20220427",""
"20220424","우이신설선","솔샘","2881","2741","20220427",""
"20220424","우이신설선","삼양사거리","1593","1538","20220427",""
"20220424","우이신설선","삼양","1172","1217","20220427",""
"20220424","우이신설선","화계","2086","1991","20220427",""
"20220424","우이신설선","가오리","2385","2277","20220427",""
"20220424","우이신설선","4.19민주묘지","2241","1957","20220427",""
"20220424","우이신설선","솔밭공원","1500","1432","20220427",""
"20220424","우이신설선","북한산우이","3616","3873","20220427",""
"20220424","안산선","수리산","5143","5966","20220427",""
"20220424","안산선","오이도","6193","6039","20220427",""
"20220424","안산선","정왕","5691","6066","20220427",""
"20220424","안산선","신길온천","1225","1180","20220427",""
"20220424","안산선","안산","10130","9335","20220427",""
"20220424","안산선","초지","2594","2523","20220427",""
"20220424","안산선","고잔","4915","4783","20220427",""
"20220424","안산선","중앙","11889","11686","20220427",""
"20220424","안산선","한대앞","5521","5709","20220427",""
"20220424","안산선","상록수","10041","9727","20220427",""
"20220424","안산선","반월","2726","2790","20220427",""
"20220424","안산선","대야미","3601","3070","20220427",""
"20220424","안산선","산본","10019","9997","20220427",""
"20220424","수인선","인천","1148","1854","20220427",""
"20220424","수인선","신포","1242","1174","20220427",""
"20220424","수인선","숭의","2115","1915","20220427",""
"20220424","수인선","인하대","3399","3467","20220427",""
"20220424","수인선","송도","1582","1527","20220427",""
"20220424","수인선","연수","3367","3292","20220427",""
"20220424","수인선","원인재","2942","3040","20220427",""
"20220424","수인선","남동인더스파크","587","567","20220427",""
"20220424","수인선","호구포","2122","2261","20220427",""
"20220424","수인선","인천논현","3060","3080","20220427",""
"20220424","수인선","소래포구","5611","5555","20220427",""
"20220424","수인선","월곶","1764","1567","20220427",""
"20220424","수인선","달월","52","54","20220427",""
"20220424","수인선","사리","2727","2399","20220427",""
"20220424","수인선","야목","222","186","20220427",""
"20220424","수인선","어천","582","725","20220427",""
"20220424","수인선","오목천","1656","1631","20220427",""
"20220424","수인선","고색","1819","1950","20220427",""
"20220424","분당선","매교","1514","1560","20220427",""
"20220424","분당선","수원시청","7698","7574","20220427",""
"20220424","분당선","매탄권선","2578","2552","20220427",""
"20220424","분당선","망포","6185","6540","20220427",""
"20220424","분당선","영통","4710","3064","20220427",""
"20220424","분당선","청명","2010","2185","20220427",""
"20220424","분당선","상갈","3026","3062","20220427",""
"20220424","분당선","기흥","5125","4810","20220427",""
"20220424","분당선","신갈","2087","2082","20220427",""
"20220424","분당선","구성","2571","2723","20220427",""
"20220424","분당선","죽전","7773","8677","20220427",""
"20220424","분당선","보정","1126","1086","20220427",""
"20220424","분당선","이매","3394","3529","20220427",""
"20220424","분당선","오리","5579","4754","20220427",""
"20220424","분당선","미금","7523","8151","20220427",""
"20220424","분당선","정자","7697","7892","20220427",""
"20220424","분당선","수내","6037","5748","20220427",""
"20220424","분당선","서현","14220","14214","20220427",""
"20220424","분당선","야탑","14180","14409","20220427",""
"20220424","분당선","모란","20060","20959","20220427",""
"20220424","분당선","태평","8437","8106","20220427",""
"20220424","분당선","가천대","4087","4808","20220427",""
"20220424","분당선","선정릉","2171","2199","20220427",""
"20220424","분당선","강남구청","3409","4073","20220427",""
"20220424","분당선","압구정로데오","10015","11202","20220427",""
"20220424","분당선","서울숲","9825","10299","20220427",""
"20220424","분당선","수원","6397","5059","20220427",""
"20220424","분당선","수서","9110","8621","20220427",""
"20220424","분당선","대모산입구","2393","2349","20220427",""
"20220424","분당선","개포동","1970","2070","20220427",""
"20220424","분당선","구룡","816","879","20220427",""
"20220424","분당선","도곡","2989","2799","20220427",""
"20220424","분당선","한티","7435","7428","20220427",""
"20220424","분당선","선릉","2787","4466","20220427",""
"20220424","과천선","범계","15118","14633","20220427",""
"20220424","과천선","평촌","6419","6340","20220427",""
"20220424","과천선","인덕원","13232","13123","20220427",""
"20220424","과천선","정부과천청사","4844","4853","20220427",""
"20220424","과천선","과천","3706","3562","20220427",""
"20220424","과천선","대공원","8361","8448","20220427",""
"20220424","과천선","경마공원","14840","15136","20220427",""
"20220424","과천선","선바위","4372","4117","20220427",""
"20220424","공항철도 1호선","영종","2590","2578","20220427",""
"20220424","공항철도 1호선","인천공항2터미널","2377","2221","20220427",""
"20220424","공항철도 1호선","인천공항1터미널","4888","4414","20220427",""
"20220424","공항철도 1호선","공항화물청사","1047","1131","20220427",""
"20220424","공항철도 1호선","운서","5460","5871","20220427",""
"20220424","공항철도 1호선","청라국제도시","3379","3258","20220427",""
"20220424","공항철도 1호선","검암","3726","3809","20220427",""
"20220424","공항철도 1호선","계양","5415","5163","20220427",""
"20220424","공항철도 1호선","김포공항","11819","6062","20220427",""
"20220424","공항철도 1호선","마곡나루(서울식물원)","2596","2973","20220427",""
"20220424","공항철도 1호선","디지털미디어시티","3594","3639","20220427",""
"20220424","공항철도 1호선","홍대입구","9704","8533","20220427",""
"20220424","공항철도 1호선","공덕","1173","1691","20220427",""
"20220424","공항철도 1호선","서울역","8233","7633","20220427",""
"20220424","경춘선","춘천","2226","1784","20220427",""
"20220424","경춘선","남춘천","2385","2724","20220427",""
"20220424","경춘선","김유정","502","501","20220427",""
"20220424","경춘선","강촌","922","776","20220427",""
"20220424","경춘선","백양리","185","184","20220427",""
"20220424","경춘선","굴봉산","376","380","20220427",""
"20220424","경춘선","가평","2273","1774","20220427",""
"20220424","경춘선","상천","673","571","20220427",""
"20220424","경춘선","청평","2026","1578","20220427",""
"20220424","경춘선","대성리","1189","667","20220427",""
"20220424","경춘선","마석","2844","2785","20220427",""
"20220424","경춘선","천마산","1137","1201","20220427",""
"20220424","경춘선","평내호평","3614","3437","20220427",""
"20220424","경춘선","금곡","954","911","20220427",""
"20220424","경춘선","사릉","1407","1424","20220427",""
"20220424","경춘선","퇴계원","2294","2039","20220427",""
"20220424","경의선","풍산","3587","3327","20220427",""
"20220424","경춘선","갈매","1609","1434","20220427",""
"20220424","경춘선","신내","1094","1083","20220427",""
"20220424","경인선","도화","2463","2339","20220427",""
"20220424","경인선","중동","4973","4699","20220427",""
"20220424","경인선","온수(성공회대입구)","3806","3647","20220427",""
"20220424","경인선","도원","1719","1735","20220427",""
"20220424","경인선","간석","3132","2787","20220427",""
"20220424","경인선","부개","4892","4564","20220427",""
"20220424","경인선","소사","5833","5565","20220427",""
"20220424","중앙선","원덕","483","446","20220427",""
"20220424","중앙선","용문","2760","2218","20220427",""
"20220424","2호선","삼성(무역센터)","19478","18599","20220427",""
"20220424","2호선","종합운동장","10716","11947","20220427",""
"20220424","2호선","잠실새내","11596","11669","20220427",""
"20220424","2호선","잠실(송파구청)","50924","47258","20220427",""
"20220424","2호선","잠실나루","5482","5776","20220427",""
"20220424","2호선","강변(동서울터미널)","21441","21273","20220427",""
"20220424","2호선","구의(광진구청)","11312","11485","20220427",""
"20220424","2호선","건대입구","25905","26617","20220427",""
"20220424","2호선","성수","13934","15633","20220427",""
"20220424","2호선","뚝섬","11805","11903","20220427",""
"20220424","2호선","한양대","2714","3340","20220427",""
"20220424","2호선","왕십리(성동구청)","9356","8044","20220427",""
"20220424","2호선","상왕십리","6864","6839","20220427",""
"20220424","2호선","신당","8416","8965","20220427",""
"20220424","2호선","동대문역사문화공원(DDP)","7636","7874","20220427",""
"20220424","2호선","을지로4가","3702","3516","20220427",""
"20220424","2호선","을지로3가","8844","8564","20220427",""
"20220424","2호선","을지로입구","15787","14711","20220427",""
"20220424","2호선","시청","5881","4988","20220427",""
"20220424","1호선","동묘앞","12770","13149","20220427",""
"20220424","1호선","청량리(서울시립대입구)","13447","13266","20220427",""
"20220424","1호선","제기동","10309","10924","20220427",""
"20220424","1호선","신설동","7708","7746","20220427",""
"20220424","1호선","동대문","10046","10299","20220427",""
"20220424","1호선","종로5가","10158","10096","20220427",""
"20220424","1호선","종로3가","15299","12957","20220427",""
"20220424","1호선","종각","12941","11205","20220427",""
"20220424","1호선","서울역","28573","25426","20220427",""
"20220424","2호선","선릉","13405","11371","20220427",""
"20220424","2호선","역삼","10820","11729","20220427",""
"20220424","2호선","강남","33739","33002","20220427",""
"20220424","2호선","교대(법원.검찰청)","10579","11598","20220427",""
"20220424","2호선","서초","11628","10850","20220427",""
"20220424","2호선","방배","6765","7182","20220427",""
"20220424","2호선","사당","22223","24834","20220427",""
"20220424","2호선","낙성대(강감찬)","15577","16393","20220427",""
"20220424","2호선","서울대입구(관악구청)","27124","28021","20220427",""
"20220424","2호선","봉천","12429","12111","20220427",""
"20220424","2호선","신림","37877","37384","20220427",""
"20220424","2호선","신대방","16287","16032","20220427",""
"20220424","2호선","구로디지털단지","23770","23285","20220427",""
"20220424","2호선","대림(구로구청)","14716","15270","20220427",""
"20220424","2호선","신도림","27690","28114","20220427",""
"20220424","2호선","문래","7992","8719","20220427",""
"20220424","2호선","영등포구청","7886","8307","20220427",""
"20220424","2호선","당산","9499","10114","20220427",""
"20220424","2호선","합정","20075","21215","20220427",""
"20220424","2호선","홍대입구","45983","44710","20220427",""
"20220424","2호선","신촌","20252","19920","20220427",""
"20220424","2호선","이대","6839","7448","20220427",""
"20220424","2호선","아현","5296","5295","20220427",""
"20220425","분당선","가천대","11784","12971","20220428",""
"20220425","6호선","상수","7744","8741","20220428",""
"20220425","1호선","서울역","43225","41194","20220428",""
"20220425","1호선","시청","22449","22688","20220428",""
"20220425","1호선","종각","33955","33545","20220428",""
"20220425","1호선","종로3가","24262","22181","20220428",""
"20220425","1호선","종로5가","22046","22104","20220428",""
"20220425","1호선","동대문","10861","10447","20220428",""
"20220425","1호선","신설동","13849","13648","20220428",""
"20220425","1호선","제기동","17410","17894","20220428",""
"20220425","1호선","청량리(서울시립대입구)","20184","19855","20220428",""
"20220425","1호선","동묘앞","7436","7809","20220428",""
"20220425","2호선","시청","23320","22761","20220428",""
"20220425","2호선","을지로입구","38693","40057","20220428",""
"20220425","2호선","을지로3가","22438","22558","20220428",""
"20220425","2호선","을지로4가","12904","12910","20220428",""
"20220425","2호선","동대문역사문화공원(DDP)","10976","12439","20220428",""
"20220425","2호선","신당","14423","14823","20220428",""
"20220425","2호선","상왕십리","14328","13917","20220428",""
"20220425","2호선","왕십리(성동구청)","15836","12485","20220428",""
"20220425","2호선","한양대","13902","15420","20220428",""
"20220425","2호선","뚝섬","21453","23329","20220428",""
"20220425","2호선","성수","36804","39910","20220428",""
"20220425","2호선","건대입구","33738","36419","20220428",""
"20220425","2호선","구의(광진구청)","23661","23468","20220428",""
"20220425","2호선","강변(동서울터미널)","29906","28218","20220428",""
"20220425","2호선","잠실나루","14734","14460","20220428",""
"20220425","2호선","잠실(송파구청)","62971","63238","20220428",""
"20220425","2호선","잠실새내","20570","20311","20220428",""
"20220425","2호선","종합운동장","7024","7822","20220428",""
"20220425","2호선","삼성(무역센터)","49077","50223","20220428",""
"20220425","2호선","선릉","57856","51601","20220428",""
"20220425","2호선","역삼","53110","60171","20220428",""
"20220425","2호선","강남","80426","79937","20220428",""
"20220425","2호선","교대(법원.검찰청)","34368","38799","20220428",""
"20220425","2호선","서초","21872","21172","20220428",""
"20220425","2호선","방배","18953","19725","20220428",""
"20220425","2호선","사당","36084","40077","20220428",""
"20220425","2호선","낙성대(강감찬)","27216","26945","20220428",""
"20220425","2호선","서울대입구(관악구청)","47201","46500","20220428",""
"20220425","2호선","봉천","23984","22414","20220428",""
"20220425","2호선","신림","62752","60758","20220428",""
"20220425","2호선","신대방","27213","26181","20220428",""
"20220425","2호선","구로디지털단지","59322","59394","20220428",""
"20220425","2호선","대림(구로구청)","24407","24885","20220428",""
"20220425","2호선","신도림","46787","46331","20220428",""
"20220425","2호선","문래","22042","22493","20220428",""
"20220425","2호선","영등포구청","22890","23714","20220428",""
"20220425","2호선","당산","18978","21945","20220428",""
"20220425","2호선","합정","29098","30252","20220428",""
"20220425","2호선","홍대입구","48174","49775","20220428",""
"20220425","2호선","신촌","30691","31546","20220428",""
"20220425","2호선","이대","13526","14537","20220428",""
"20220425","2호선","아현","10404","9949","20220428",""
"20220425","2호선","충정로(경기대입구)","10222","10770","20220428",""
"20220425","2호선","신답","1659","1878","20220428",""
"20220425","2호선","신설동","3211","3381","20220428",""
"20220425","2호선","도림천","1438","1482","20220428",""
"20220425","2호선","양천구청","6893","7132","20220428",""
"20220425","2호선","신정네거리","10657","10915","20220428",""
"20220425","2호선","용두(동대문구청)","2292","2477","20220428",""
"20220425","3호선","지축","5176","4887","20220428",""
"20220425","3호선","구파발","20789","19936","20220428",""
"20220425","3호선","연신내","36483","34419","20220428",""
"20220425","3호선","불광","16179","17109","20220428",""
"20220425","3호선","녹번","15832","14328","20220428",""
"20220425","3호선","홍제","18395","17453","20220428",""
"20220425","3호선","무악재","3962","4022","20220428",""
"20220425","3호선","독립문","6980","7274","20220428",""
"20220425","3호선","경복궁(정부서울청사)","19969","19669","20220428",""
"20220425","3호선","안국","20441","21125","20220428",""
"20220425","3호선","종로3가","9901","11239","20220428",""
"20220425","3호선","을지로3가","10472","10638","20220428",""
"20220425","3호선","충무로","1","0","20220428",""
"20220425","3호선","동대입구","9305","9862","20220428",""
"20220425","3호선","약수","13038","12849","20220428",""
"20220425","3호선","금호","7929","7464","20220428",""
"20220425","3호선","옥수","8770","9080","20220428",""
"20220425","3호선","압구정","28731","30797","20220428",""
"20220425","3호선","신사","29421","30556","20220428",""
"20220425","3호선","잠원","4807","4751","20220428",""
"20220425","3호선","고속터미널","37499","35634","20220428",""
"20220425","3호선","교대(법원.검찰청)","14672","9933","20220428",""
"20220425","3호선","남부터미널(예술의전당)","28414","29017","20220428",""
"20220425","3호선","양재(서초구청)","38326","41958","20220428",""
"20220425","3호선","매봉","12442","11961","20220428",""
"20220425","3호선","도곡","5439","5481","20220428",""
"20220425","3호선","대치","10801","10977","20220428",""
"20220425","3호선","학여울","1806","1776","20220428",""
"20220425","3호선","대청","10398","9531","20220428",""
"20220425","3호선","일원","10744","10444","20220428",""
"20220425","3호선","수서","17098","17615","20220428",""
"20220425","3호선","가락시장","9125","9082","20220428",""
"20220425","3호선","경찰병원","7442","7510","20220428",""
"20220425","3호선","오금","6535","5889","20220428",""
"20220425","4호선","당고개","9077","8032","20220428",""
"20220425","4호선","상계","19993","18434","20220428",""
"20220425","4호선","노원","18675","20577","20220428",""
"20220425","4호선","창동","25198","26954","20220428",""
"20220425","4호선","쌍문","29445","27079","20220428",""
"20220425","4호선","수유(강북구청)","33844","33714","20220428",""
"20220425","4호선","미아(서울사이버대학)","15540","15118","20220428",""
"20220425","4호선","미아사거리","27363","26636","20220428",""
"20220425","4호선","길음","21998","21613","20220428",""
"20220425","4호선","성신여대입구(돈암)","19997","19549","20220428",""
"20220425","4호선","한성대입구(삼선교)","13422","13214","20220428",""
"20220425","4호선","혜화","29912","30308","20220428",""
"20220425","4호선","동대문","20107","20636","20220428",""
"20220425","4호선","동대문역사문화공원(DDP)","13639","12519","20220428",""
"20220425","4호선","충무로","28237","29448","20220428",""
"20220425","4호선","명동","18981","19492","20220428",""
"20220425","4호선","회현(남대문시장)","22674","24337","20220428",""
"20220425","4호선","서울역","11174","15926","20220428",""
"20220425","4호선","숙대입구(갈월)","14056","13563","20220428",""
"20220425","4호선","삼각지","4868","5319","20220428",""
"20220425","4호선","신용산","15846","16736","20220428",""
"20220425","4호선","이촌(국립중앙박물관)","7122","7941","20220428",""
"20220425","4호선","동작(현충원)","1517","1666","20220428",""
"20220425","4호선","총신대입구(이수)","19022","20610","20220428",""
"20220425","4호선","사당","25162","21058","20220428",""
"20220425","4호선","남태령","1231","1071","20220428",""
"20220425","5호선","방화","6773","6541","20220428",""
"20220425","5호선","개화산","5835","5520","20220428",""
"20220425","5호선","김포공항","7013","6848","20220428",""
"20220425","5호선","송정","6723","6284","20220428",""
"20220425","5호선","마곡","10769","10978","20220428",""
"20220425","5호선","발산","20809","21444","20220428",""
"20220425","5호선","우장산","15137","14778","20220428",""
"20220425","5호선","화곡","28930","26980","20220428",""
"20220425","5호선","까치산","29169","27675","20220428",""
"20220425","5호선","신정(은행정)","14201","11543","20220428",""
"20220425","5호선","목동","16658","18148","20220428",""
"20220425","5호선","오목교(목동운동장앞)","20574","22105","20220428",""
"20220425","5호선","양평","7646","7591","20220428",""
"20220425","5호선","영등포구청","4089","4201","20220428",""
"20220425","5호선","영등포시장","10110","10380","20220428",""
"20220425","5호선","신길","4169","4377","20220428",""
"20220425","5호선","여의도","28662","30509","20220428",""
"20220425","5호선","여의나루","11110","12058","20220428",""
"20220425","5호선","마포","14751","15221","20220428",""
"20220425","5호선","공덕","14165","15037","20220428",""
"20220425","5호선","애오개","6764","6841","20220428",""
"20220425","5호선","충정로(경기대입구)","4985","5146","20220428",""
"20220425","5호선","서대문","20189","20525","20220428",""
"20220425","5호선","광화문(세종문화회관)","29197","30552","20220428",""
"20220425","5호선","종로3가","11360","11413","20220428",""
"20220425","5호선","을지로4가","6221","6357","20220428",""
"20220425","5호선","동대문역사문화공원(DDP)","3104","3504","20220428",""
"20220425","5호선","청구","4108","3663","20220428",""
"20220425","5호선","신금호","6651","6985","20220428",""
"20220425","5호선","행당","8203","7222","20220428",""
"20220425","5호선","왕십리(성동구청)","4389","5097","20220428",""
"20220425","5호선","마장","5794","5381","20220428",""
"20220425","5호선","답십리","16096","14743","20220428",""
"20220425","5호선","장한평","18380","18175","20220428",""
"20220425","5호선","군자(능동)","10899","11970","20220428",""
"20220425","5호선","아차산(어린이대공원후문)","14742","14337","20220428",""
"20220425","5호선","광나루(장신대)","13604","12364","20220428",""
"20220425","5호선","천호(풍납토성)","17281","17345","20220428",""
"20220425","5호선","강동","18971","18419","20220428",""
"20220425","5호선","길동","8077","8246","20220428",""
"20220425","5호선","굽은다리(강동구민회관앞)","9487","8955","20220428",""
"20220425","5호선","명일","8912","9122","20220428",""
"20220425","5호선","고덕","9791","9686","20220428",""
"20220425","5호선","상일동","15308","14210","20220428",""
"20220425","5호선","둔촌동","8295","8410","20220428",""
"20220425","5호선","올림픽공원(한국체대)","4398","3940","20220428",""
"20220425","5호선","방이","7143","7314","20220428",""
"20220425","5호선","오금","3934","3924","20220428",""
"20220425","5호선","개롱","6579","6879","20220428",""
"20220425","5호선","거여","10689","10166","20220428",""
"20220425","5호선","마천","7468","7152","20220428",""
"20220425","5호선","강일","4225","4018","20220428",""
"20220425","5호선","미사","16161","16176","20220428",""
"20220425","5호선","하남풍산","4364","4220","20220428",""
"20220425","5호선","하남시청(덕풍·신장)","6837","6691","20220428",""
"20220425","5호선","하남검단산","5564","5371","20220428",""
"20220425","6호선","응암","17812","17615","20220428",""
"20220425","6호선","역촌","3686","4323","20220428",""
"20220425","6호선","불광","4238","4167","20220428",""
"20220425","6호선","독바위","2727","2828","20220428",""
"20220425","6호선","연신내","1","0","20220428",""
"20220425","6호선","구산","7806","5763","20220428",""
"20220425","6호선","새절(신사)","13672","12716","20220428",""
"20220425","6호선","증산(명지대앞)","10339","10297","20220428",""
"20220425","6호선","디지털미디어시티","14534","15790","20220428",""
"20220425","6호선","월드컵경기장(성산)","4203","4520","20220428",""
"20220425","6호선","마포구청","14191","12749","20220428",""
"20220425","6호선","망원","12869","13587","20220428",""
"20220425","6호선","합정","12287","12517","20220428",""
"20220425","6호선","광흥창(서강)","9175","8801","20220428",""
"20220425","6호선","대흥(서강대앞)","8219","8513","20220428",""
"20220425","6호선","공덕","18696","18039","20220428",""
"20220425","6호선","효창공원앞","7390","6833","20220428",""
"20220425","6호선","삼각지","6074","5453","20220428",""
"20220425","6호선","녹사평(용산구청)","4422","4304","20220428",""
"20220425","6호선","이태원","9296","9627","20220428",""
"20220425","6호선","한강진","6628","7702","20220428",""
"20220425","6호선","버티고개","2170","2122","20220428",""
"20220425","6호선","약수","3630","3643","20220428",""
"20220425","6호선","청구","3713","4064","20220428",""
"20220425","6호선","신당","7877","8527","20220428",""
"20220425","6호선","동묘앞","7609","7870","20220428",""
"20220425","6호선","창신","3767","3165","20220428",""
"20220425","6호선","보문","7365","6754","20220428",""
"20220425","6호선","안암(고대병원앞)","12825","13178","20220428",""
"20220425","6호선","고려대(종암)","8699","8479","20220428",""
"20220425","6호선","월곡(동덕여대)","12069","11901","20220428",""
"20220425","6호선","상월곡(한국과학기술연구원)","6516","5889","20220428",""
"20220425","6호선","돌곶이","9686","9020","20220428",""
"20220425","6호선","석계","12795","13551","20220428",""
"20220425","6호선","태릉입구","5593","6319","20220428",""
"20220425","6호선","화랑대(서울여대입구)","12543","9916","20220428",""
"20220425","6호선","봉화산(서울의료원)","9213","8599","20220428",""
"20220425","7호선","장암","2318","867","20220428",""
"20220425","7호선","도봉산","9838","10933","20220428",""
"20220425","7호선","수락산","12775","12208","20220428",""
"20220425","7호선","마들","13263","12112","20220428",""
"20220425","7호선","노원","18901","19950","20220428",""
"20220425","7호선","중계","15300","14257","20220428",""
"20220425","7호선","하계","18296","16931","20220428",""
"20220425","7호선","공릉(서울과학기술대)","13281","13046","20220428",""
"20220425","7호선","태릉입구","9082","8706","20220428",""
"20220425","7호선","먹골","10250","10812","20220428",""
"20220425","7호선","중화","11084","10734","20220428",""
"20220425","7호선","상봉(시외버스터미널)","16993","15684","20220428",""
"20220425","7호선","면목","16799","16197","20220428",""
"20220425","7호선","사가정","16404","16761","20220428",""
"20220425","7호선","용마산(용마폭포공원)","6253","5907","20220428",""
"20220425","7호선","중곡","11183","10245","20220428",""
"20220425","7호선","군자(능동)","15024","12303","20220428",""
"20220425","7호선","어린이대공원(세종대)","14009","14529","20220428",""
"20220425","7호선","건대입구","12536","13486","20220428",""
"20220425","7호선","뚝섬유원지","8947","8524","20220428",""
"20220425","7호선","청담","19643","21880","20220428",""
"20220425","7호선","강남구청","15906","17532","20220428",""
"20220425","7호선","학동","24922","26396","20220428",""
"20220425","7호선","논현","20970","22853","20220428",""
"20220425","7호선","반포","5845","5702","20220428",""
"20220425","7호선","고속터미널","15797","13196","20220428",""
"20220425","7호선","내방","14905","15142","20220428",""
"20220425","7호선","이수","15385","14974","20220428",""
"20220425","7호선","남성","11373","10687","20220428",""
"20220425","7호선","숭실대입구(살피재)","15580","16054","20220428",""
"20220425","7호선","상도","11200","10998","20220428",""
"20220425","7호선","장승배기","9094","9083","20220428",""
"20220425","7호선","신대방삼거리","17010","16380","20220428",""
"20220425","7호선","보라매","10233","10277","20220428",""
"20220425","7호선","신풍","11788","11307","20220428",""
"20220425","7호선","대림(구로구청)","7879","7870","20220428",""
"20220425","7호선","남구로","16319","17242","20220428",""
"20220425","7호선","가산디지털단지","46960","47168","20220428",""
"20220425","7호선","철산","21422","21716","20220428",""
"20220425","7호선","광명사거리","22377","21918","20220428",""
"20220425","7호선","천왕","11852","11349","20220428",""
"20220425","7호선","온수(성공회대입구)","11404","10648","20220428",""
"20220425","7호선","신중동","1","0","20220428",""
"20220425","8호선","암사","19414","17007","20220428",""
"20220425","8호선","천호(풍납토성)","14331","16361","20220428",""
"20220425","8호선","강동구청","10590","10839","20220428",""
"20220425","8호선","몽촌토성(평화의문)","6191","6226","20220428",""
"20220425","8호선","잠실(송파구청)","12907","15130","20220428",""
"20220425","8호선","석촌","7605","8612","20220428",""
"20220425","8호선","송파","8383","8265","20220428",""
"20220425","8호선","가락시장","7718","8626","20220428",""
"20220425","8호선","문정","22346","23713","20220428",""
"20220425","8호선","장지","16972","16474","20220428",""
"20220425","8호선","복정","10026","8558","20220428",""
"20220425","8호선","산성","5551","5624","20220428",""
"20220425","8호선","남한산성입구(성남법원.검찰청)","15782","14693","20220428",""
"20220425","8호선","단대오거리","11375","10790","20220428",""
"20220425","8호선","신흥","4166","4550","20220428",""
"20220425","8호선","수진","5508","4974","20220428",""
"20220425","8호선","모란","4425","3582","20220428",""
"20220425","8호선","남위례","5036","5180","20220428",""
"20220425","9호선","개화","2710","1847","20220428",""
"20220425","9호선","김포공항","7160","10193","20220428",""
"20220425","9호선","공항시장","3105","3332","20220428",""
"20220425","9호선","신방화","7008","6773","20220428",""
"20220425","9호선","마곡나루(서울식물원)","12266","12103","20220428",""
"20220425","9호선","양천향교","10267","10380","20220428",""
"20220425","9호선","가양","21168","20554","20220428",""
"20220425","9호선","증미","7500","7345","20220428",""
"20220425","9호선","등촌","11603","11113","20220428",""
"20220425","9호선","염창","17682","17155","20220428",""
"20220425","9호선","신목동","4353","3829","20220428",""
"20220425","9호선","선유도","9107","8672","20220428",""
"20220425","9호선","당산","18354","18531","20220428",""
"20220425","9호선","국회의사당","16162","17025","20220428",""
"20220425","9호선","여의도","27821","27513","20220428",""
"20220425","9호선","샛강","5921","6357","20220428",""
"20220425","9호선","노량진","26156","25499","20220428",""
"20220425","9호선","노들","4462","3855","20220428",""
"20220425","9호선","흑석(중앙대입구)","8796","9023","20220428",""
"20220425","9호선","동작(현충원)","1981","1629","20220428",""
"20220425","9호선","구반포","1326","1400","20220428",""
"20220425","9호선","고속터미널","11936","14628","20220428",""
"20220425","9호선","사평","3527","3415","20220428",""
"20220425","9호선","신논현","31045","30598","20220428",""
"20220425","9호선2~3단계","언주","10308","10817","20220428",""
"20220425","9호선2~3단계","선정릉","10025","11043","20220428",""
"20220425","9호선2~3단계","삼성중앙","7173","7575","20220428",""
"20220425","9호선2~3단계","봉은사","15573","16036","20220428",""
"20220425","9호선2~3단계","종합운동장","4101","4235","20220428",""
"20220425","9호선2~3단계","삼전","6857","6605","20220428",""
"20220425","9호선2~3단계","석촌고분","6073","5884","20220428",""
"20220425","9호선2~3단계","석촌","8488","7436","20220428",""
"20220425","9호선2~3단계","송파나루","4762","5063","20220428",""
"20220425","9호선2~3단계","한성백제","2551","2313","20220428",""
"20220425","9호선2~3단계","올림픽공원(한국체대)","6015","6050","20220428",""
"20220425","9호선2~3단계","둔촌오륜","1194","1082","20220428",""
"20220425","9호선2~3단계","중앙보훈병원","11137","9855","20220428",""
"20220425","경강선","판교","4953","4774","20220428",""
"20220425","경강선","이매","1148","1011","20220428",""
"20220425","경강선","삼동","2471","2355","20220428",""
"20220425","경강선","경기광주","7956","7697","20220428",""
"20220425","경강선","초월","3235","3148","20220428",""
"20220425","경강선","곤지암","2313","2253","20220428",""
"20220425","경강선","신둔도예촌","1662","1508","20220428",""
"20220425","경강선","이천","2592","2707","20220428",""
"20220425","경강선","부발","2033","2103","20220428",""
"20220425","경강선","세종대왕릉","323","303","20220428",""
"20220425","경강선","여주","2656","2616","20220428",""
"20220425","경부선","서울역","6371","1944","20220428",""
"20220425","경부선","남영","9561","10225","20220428",""
"20220425","경부선","용산","31456","31793","20220428",""
"20220425","경부선","노량진","8003","8260","20220428",""
"20220425","경부선","대방","13564","13864","20220428",""
"20220425","경부선","영등포","35695","36779","20220428",""
"20220425","경부선","신도림","4211","4297","20220428",""
"20220425","경부선","신길","9351","7934","20220428",""
"20220425","경부선","구로","19141","19253","20220428",""
"20220425","경부선","가산디지털단지","19120","22087","20220428",""
"20220425","경부선","금천구청","12352","12366","20220428",""
"20220425","경부선","석수","10138","9059","20220428",""
"20220425","경부선","관악","7540","6973","20220428",""
"20220425","경부선","안양","28031","27649","20220428",""
"20220425","경부선","명학","10640","10537","20220428",""
"20220425","경부선","금정","27648","28421","20220428",""
"20220425","경부선","군포","7989","8026","20220428",""
"20220425","경부선","의왕","9954","9956","20220428",""
"20220425","경부선","성균관대","15815","16162","20220428",""
"20220425","경부선","화서","8746","8246","20220428",""
"20220425","경부선","수원","35806","37242","20220428",""
"20220425","경부선","독산","19281","20090","20220428",""
"20220425","경부선","세류","3090","2791","20220428",""
"20220425","경부선","병점","16557","16695","20220428",""
"20220425","경부선","세마","2978","2795","20220428",""
"20220425","경부선","오산대","4243","3876","20220428",""
"20220425","경부선","오산","10473","10610","20220428",""
"20220425","경부선","진위","1885","1632","20220428",""
"20220425","경부선","송탄","4520","4275","20220428",""
"20220425","경부선","서정리","7904","7548","20220428",""
"20220425","경부선","평택지제","3689","3594","20220428",""
"20220425","경부선","평택","13112","13296","20220428",""
"20220425","경부선","성환","7045","7080","20220428",""
"20220425","경부선","직산","866","884","20220428",""
"20220425","경부선","두정","7603","8559","20220428",""
"20220425","경부선","천안","6585","6597","20220428",""
"20220425","경부선","당정","7237","6786","20220428",""
"20220425","경부선","서동탄","1524","1266","20220428",""
"20220425","경부선","광명","3569","2962","20220428",""
"20220425","경원선","이촌(국립중앙박물관)","3906","3017","20220428",""
"20220425","경원선","서빙고","1920","1750","20220428",""
"20220425","경원선","한남","4189","4011","20220428",""
"20220425","경원선","옥수","56","49","20220428",""
"20220425","경원선","응봉","2011","1664","20220428",""
"20220425","경원선","왕십리(성동구청)","13587","14803","20220428",""
"20220425","경원선","청량리(서울시립대입구)","14743","15343","20220428",""
"20220425","경원선","외대앞","8244","8293","20220428",""
"20220425","경원선","신이문","8675","7899","20220428",""
"20220425","경원선","석계","8632","9592","20220428",""
"20220425","경원선","광운대","9566","9550","20220428",""
"20220425","경원선","월계","8800","8092","20220428",""
"20220425","경원선","녹천","4955","4123","20220428",""
"20220425","경원선","방학","10031","9990","20220428",""
"20220425","경원선","도봉","6199","6010","20220428",""
"20220425","경원선","도봉산","7554","4998","20220428",""
"20220425","경원선","망월사","9954","9943","20220428",""
"20220425","경원선","회룡","12999","12970","20220428",""
"20220425","경원선","의정부","18482","18938","20220428",""
"20220425","경원선","가능","7161","6857","20220428",""
"20220425","경원선","녹양","4835","4452","20220428",""
"20220425","경원선","양주","8418","7857","20220428",""
"20220425","경원선","덕계","3677","3222","20220428",""
"20220425","경원선","덕정","6744","6628","20220428",""
"20220425","경원선","지행","7050","6999","20220428",""
"20220425","경원선","동두천중앙","3561","3448","20220428",""
"20220425","경원선","보산","1657","1408","20220428",""
"20220425","경원선","동두천","2725","2957","20220428",""
"20220425","경원선","소요산","2574","2087","20220428",""
"20220425","경의선","서울역","4625","5998","20220428",""
"20220425","경의선","신촌","884","1158","20220428",""
"20220425","경의선","효창공원앞","3184","3536","20220428",""
"20220425","경의선","공덕","3608","3250","20220428",""
"20220425","경의선","서강대","2082","2051","20220428",""
"20220425","경의선","홍대입구","1602","1825","20220428",""
"20220425","경의선","가좌","6004","5661","20220428",""
"20220425","경의선","디지털미디어시티","2684","2484","20220428",""
"20220425","경의선","수색","3010","3109","20220428",""
"20220425","경의선","화전","3641","3453","20220428",""
"20220425","경의선","강매","3511","3039","20220428",""
"20220425","경의선","행신","8312","8464","20220428",""
"20220425","경의선","능곡","4125","3784","20220428",""
"20220425","경의선","곡산","688","742","20220428",""
"20220425","경의선","백마","7392","7025","20220428",""
"20220425","경의선","풍산","5793","5309","20220428",""
"20220425","경의선","일산","10215","9936","20220428",""
"20220425","경의선","탄현","8236","7739","20220428",""
"20220425","경의선","야당","7744","7661","20220428",""
"20220425","경의선","운정","7422","6867","20220428",""
"20220425","경의선","금릉","5135","4930","20220428",""
"20220425","경의선","금촌","6711","6655","20220428",""
"20220425","경의선","월롱","3135","3062","20220428",""
"20220425","경의선","파주","1774","1363","20220428",""
"20220425","경의선","문산","5190","5129","20220428",""
"20220425","경의선","임진강","12","4","20220428",""
"20220425","경의선","계양","1","0","20220428",""
"20220425","경인선","개봉","21916","21522","20220428",""
"20220425","경인선","오류동","12145","11270","20220428",""
"20220425","경인선","역곡","28911","28652","20220428",""
"20220425","경인선","부천","33651","33526","20220428",""
"20220425","경인선","송내","28063","28378","20220428",""
"20220425","경인선","부평","28219","30082","20220428",""
"20220425","경인선","백운","7270","7152","20220428",""
"20220425","경인선","동암","14772","14782","20220428",""
"20220425","경인선","주안","20094","18350","20220428",""
"20220425","경인선","제물포","11632","11225","20220428",""
"20220425","경인선","동인천","13887","13155","20220428",""
"20220425","경인선","인천","3515","2504","20220428",""
"20220425","경인선","구일","7791","7584","20220428",""
"20220425","경인선","소사","9497","9039","20220428",""
"20220425","경인선","부개","9027","8465","20220428",""
"20220425","경인선","간석","6190","5661","20220428",""
"20220425","경인선","도원","3397","3348","20220428",""
"20220425","경인선","온수(성공회대입구)","7387","7148","20220428",""
"20220425","경인선","중동","10032","9288","20220428",""
"20220425","경인선","도화","4470","4093","20220428",""
"20220425","경춘선","신내","2371","2243","20220428",""
"20220425","경춘선","갈매","3112","2723","20220428",""
"20220425","경춘선","별내","3410","3109","20220428",""
"20220425","경춘선","퇴계원","3802","3398","20220428",""
"20220425","경춘선","사릉","2809","2641","20220428",""
"20220425","경춘선","금곡","1682","1602","20220428",""
"20220425","경춘선","평내호평","6770","6530","20220428",""
"20220425","경춘선","천마산","1851","1727","20220428",""
"20220425","경춘선","마석","4336","4233","20220428",""
"20220425","경춘선","대성리","565","494","20220428",""
"20220425","경춘선","청평","1694","1673","20220428",""
"20220425","경춘선","상천","373","347","20220428",""
"20220425","경춘선","가평","1778","1665","20220428",""
"20220425","경춘선","굴봉산","197","179","20220428",""
"20220425","경춘선","백양리","98","82","20220428",""
"20220425","경춘선","강촌","503","519","20220428",""
"20220425","경춘선","김유정","340","334","20220428",""
"20220425","경춘선","남춘천","2594","2905","20220428",""
"20220425","경춘선","춘천","1608","1656","20220428",""
"20220425","공항철도 1호선","서울역","7808","7468","20220428",""
"20220425","공항철도 1호선","공덕","2302","2897","20220428",""
"20220425","공항철도 1호선","홍대입구","8313","8597","20220428",""
"20220425","공항철도 1호선","디지털미디어시티","14487","13416","20220428",""
"20220425","공항철도 1호선","마곡나루(서울식물원)","9627","9298","20220428",""
"20220425","공항철도 1호선","김포공항","11894","6692","20220428",""
"20220425","공항철도 1호선","계양","11099","10207","20220428",""
"20220425","공항철도 1호선","검암","6700","6554","20220428",""
"20220425","공항철도 1호선","청라국제도시","7158","6617","20220428",""
"20220425","공항철도 1호선","운서","6932","6805","20220428",""
"20220425","공항철도 1호선","공항화물청사","2289","2501","20220428",""
"20220425","공항철도 1호선","인천공항1터미널","4409","4217","20220428",""
"20220425","공항철도 1호선","인천공항2터미널","2910","2490","20220428",""
"20220425","공항철도 1호선","영종","3255","3113","20220428",""
"20220425","과천선","선바위","8555","7652","20220428",""
"20220425","과천선","경마공원","948","908","20220428",""
"20220425","과천선","대공원","3117","3158","20220428",""
"20220425","과천선","과천","6374","5842","20220428",""
"20220425","과천선","정부과천청사","10842","10700","20220428",""
"20220425","과천선","인덕원","24872","25760","20220428",""
"20220425","과천선","평촌","18361","17917","20220428",""
"20220425","과천선","범계","26355","26277","20220428",""
"20220425","분당선","선릉","13863","21307","20220428",""
"20220425","분당선","한티","14014","14925","20220428",""
"20220425","분당선","도곡","7094","7200","20220428",""
"20220425","분당선","구룡","2499","2381","20220428",""
"20220425","분당선","개포동","4194","4204","20220428",""
"20220425","분당선","대모산입구","4600","4253","20220428",""
"20220425","분당선","수서","14086","14072","20220428",""
"20220425","분당선","수원","8312","6949","20220428",""
"20220425","분당선","서울숲","11249","11587","20220428",""
"20220425","분당선","압구정로데오","16584","18370","20220428",""
"20220425","분당선","강남구청","9940","11640","20220428",""
"20220425","분당선","선정릉","8431","9079","20220428",""
"20220425","분당선","태평","13578","13147","20220428",""
"20220425","분당선","모란","20277","20584","20220428",""
"20220425","분당선","야탑","25877","27072","20220428",""
"20220425","분당선","서현","23657","23924","20220428",""
"20220425","분당선","수내","13138","13189","20220428",""
"20220425","분당선","정자","17625","18561","20220428",""
"20220425","분당선","미금","15760","16846","20220428",""
"20220425","분당선","오리","11978","9858","20220428",""
"20220425","분당선","이매","5944","5545","20220428",""
"20220425","분당선","보정","2755","2361","20220428",""
"20220425","분당선","죽전","14032","15620","20220428",""
"20220425","분당선","구성","5293","5488","20220428",""
"20220425","분당선","신갈","4692","4687","20220428",""
"20220425","분당선","기흥","10519","9541","20220428",""
"20220425","분당선","상갈","5644","5521","20220428",""
"20220425","분당선","청명","4438","4382","20220428",""
"20220425","분당선","영통","8275","8622","20220428",""
"20220425","분당선","망포","14759","14057","20220428",""
"20220425","분당선","매탄권선","5297","5165","20220428",""
"20220425","분당선","수원시청","12804","13596","20220428",""
"20220425","분당선","매교","3286","3291","20220428",""
"20220425","수인선","고색","5052","4741","20220428",""
"20220425","수인선","오목천","4129","3810","20220428",""
"20220425","수인선","어천","740","778","20220428",""
"20220425","수인선","야목","420","314","20220428",""
"20220425","수인선","사리","5111","4581","20220428",""
"20220425","수인선","달월","113","72","20220428",""
"20220425","수인선","월곶","2852","2598","20220428",""
"20220425","수인선","소래포구","5542","5135","20220428",""
"20220425","수인선","인천논현","5755","6197","20220428",""
"20220425","수인선","호구포","4274","4403","20220428",""
"20220425","수인선","남동인더스파크","2260","2561","20220428",""
"20220425","수인선","원인재","4594","4730","20220428",""
"20220425","수인선","연수","4719","4703","20220428",""
"20220425","수인선","송도","2591","2383","20220428",""
"20220425","수인선","인하대","7836","7695","20220428",""
"20220425","수인선","숭의","4222","3896","20220428",""
"20220425","수인선","신포","1866","1951","20220428",""
"20220425","수인선","인천","1025","1713","20220428",""
"20220425","안산선","산본","16410","17443","20220428",""
"20220425","안산선","대야미","5294","4855","20220428",""
"20220425","우이신설선","신설동","2258","2102","20220428",""
"20220425","일산선","원흥","11080","10663","20220428",""
"20220425","일산선","삼송","20107","19479","20220428",""
"20220425","일산선","원당","11635","10895","20220428",""
"20220425","일산선","화정","17006","17242","20220428",""
"20220425","일산선","대곡","2248","1790","20220428",""
"20220425","일산선","백석","9753","9747","20220428",""
"20220425","일산선","마두","7877","8052","20220428",""
"20220425","일산선","정발산","8853","8942","20220428",""
"20220425","일산선","주엽","9267","9231","20220428",""
"20220425","일산선","대화","12996","10260","20220428",""
"20220425","장항선","봉명","1351","1343","20220428",""
"20220425","장항선","쌍용(나사렛대)","3036","2994","20220428",""
"20220425","장항선","아산","4077","3405","20220428",""
"20220425","장항선","탕정","873","762","20220428",""
"20220425","장항선","배방","1260","1193","20220428",""
"20220425","장항선","온양온천","3939","3923","20220428",""
"20220425","장항선","신창(순천향대)","2834","3527","20220428",""
"20220425","중앙선","회기","24945","24539","20220428",""
"20220425","중앙선","중랑","5863","5550","20220428",""
"20220425","중앙선","상봉(시외버스터미널)","5878","5815","20220428",""
"20220425","중앙선","망우","7821","7811","20220428",""
"20220425","중앙선","양원","3117","3026","20220428",""
"20220425","중앙선","구리","13761","13921","20220428",""
"20220425","중앙선","도농","11276","10150","20220428",""
"20220425","중앙선","양정","800","649","20220428",""
"20220425","중앙선","덕소","5911","5854","20220428",""
"20220425","중앙선","도심","2605","2074","20220428",""
"20220425","중앙선","팔당","884","923","20220428",""
"20220425","중앙선","운길산","873","832","20220428",""
"20220425","중앙선","양수","2005","2032","20220428",""
"20220425","중앙선","신원","235","204","20220428",""
"20220425","중앙선","국수","849","857","20220428",""
"20220425","중앙선","아신","575","535","20220428",""
"20220425","중앙선","오빈","351","336","20220428",""
"20220425","중앙선","양평","2972","2932","20220428",""
"20220425","중앙선","원덕","443","412","20220428",""
"20220425","중앙선","용문","3707","3578","20220428",""
"20220425","중앙선","지평","84","84","20220428",""
"20220425","2호선","용답","3052","3085","20220428",""
"20220425","우이신설선","보문","1545","1618","20220428",""
"20220425","우이신설선","성신여대입구(돈암)","3237","3475","20220428",""
"20220425","우이신설선","정릉","4912","4435","20220428",""
"20220425","우이신설선","북한산보국문","5947","5723","20220428",""
"20220425","우이신설선","솔샘","6030","5608","20220428",""
"20220425","우이신설선","삼양사거리","2526","2561","20220428",""
"20220425","우이신설선","삼양","2090","2166","20220428",""
"20220425","우이신설선","화계","3541","3268","20220428",""
"20220425","우이신설선","가오리","4314","4174","20220428",""
"20220425","우이신설선","4.19민주묘지","3638","3649","20220428",""
"20220425","우이신설선","솔밭공원","2545","2471","20220428",""
"20220425","우이신설선","북한산우이","2739","2502","20220428",""
"20220425","안산선","수리산","5888","5308","20220428",""
"20220425","안산선","오이도","8901","8438","20220428",""
"20220425","안산선","정왕","10705","11242","20220428",""
"20220425","안산선","신길온천","1943","1754","20220428",""
"20220425","안산선","안산","12130","11039","20220428",""
"20220425","안산선","초지","5468","5819","20220428",""
"20220425","안산선","고잔","9596","8708","20220428",""
"20220425","안산선","중앙","18645","19280","20220428",""
"20220425","안산선","한대앞","10452","10716","20220428",""
"20220425","안산선","상록수","17193","17471","20220428",""
"20220425","안산선","반월","4565","4390","20220428",""
"20220425","9호선","신반포","3478","3481","20220428",""
"20220426","우이신설선","삼양사거리","2570","2540","20220429",""
"20220426","우이신설선","삼양","2072","2147","20220429",""
"20220426","우이신설선","화계","3613","3357","20220429",""
"20220426","우이신설선","가오리","4410","4283","20220429",""
"20220426","우이신설선","4.19민주묘지","3683","3454","20220429",""
"20220426","우이신설선","솔밭공원","2672","2526","20220429",""
"20220426","우이신설선","북한산우이","2838","2626","20220429",""
"20220426","안산선","수리산","5870","5553","20220429",""
"20220426","안산선","오이도","8996","8740","20220429",""
"20220426","안산선","정왕","11005","11162","20220429",""
"20220426","안산선","신길온천","1918","1739","20220429",""
"20220426","안산선","안산","11970","10737","20220429",""
"20220426","안산선","초지","5464","5981","20220429",""
"20220426","안산선","고잔","9460","8839","20220429",""
"20220426","안산선","중앙","19084","19929","20220429",""
"20220426","안산선","한대앞","11095","11193","20220429",""
"20220426","안산선","상록수","17216","17513","20220429",""
"20220426","안산선","반월","4510","4406","20220429",""
"20220426","안산선","대야미","5592","4855","20220429",""
"20220426","안산선","산본","17065","17862","20220429",""
"20220426","수인선","인천","1055","1855","20220429",""
"20220426","수인선","신포","2055","2086","20220429",""
"20220426","수인선","숭의","4285","4014","20220429",""
"20220426","수인선","인하대","8046","7716","20220429",""
"20220426","수인선","송도","2607","2452","20220429",""
"20220426","수인선","연수","4830","4658","20220429",""
"20220426","수인선","원인재","4535","4755","20220429",""
"20220426","수인선","남동인더스파크","2368","2640","20220429",""
"20220426","수인선","호구포","4292","4429","20220429",""
"20220426","수인선","인천논현","5861","6299","20220429",""
"20220426","수인선","소래포구","5853","5477","20220429",""
"20220426","수인선","월곶","2866","2653","20220429",""
"20220426","수인선","달월","110","71","20220429",""
"20220426","수인선","사리","5129","4545","20220429",""
"20220426","수인선","야목","388","293","20220429",""
"20220426","수인선","어천","791","769","20220429",""
"20220426","수인선","오목천","4244","3933","20220429",""
"20220426","수인선","고색","5083","4735","20220429",""
"20220426","분당선","매교","3235","3266","20220429",""
"20220426","분당선","수원시청","12807","13731","20220429",""
"20220426","분당선","매탄권선","5413","5146","20220429",""
"20220426","분당선","망포","15030","14278","20220429",""
"20220426","분당선","영통","8513","8599","20220429",""
"20220426","분당선","청명","4464","4346","20220429",""
"20220426","분당선","상갈","5725","5518","20220429",""
"20220426","분당선","기흥","11182","9762","20220429",""
"20220426","분당선","신갈","4683","4594","20220429",""
"20220426","분당선","구성","5184","5497","20220429",""
"20220426","분당선","죽전","14802","16210","20220429",""
"20220426","분당선","보정","2842","2423","20220429",""
"20220426","분당선","이매","5987","5573","20220429",""
"20220426","분당선","오리","12083","9784","20220429",""
"20220426","분당선","미금","15996","17053","20220429",""
"20220426","분당선","정자","17967","19111","20220429",""
"20220426","분당선","수내","13700","13583","20220429",""
"20220426","분당선","서현","24466","24959","20220429",""
"20220426","분당선","야탑","26173","26563","20220429",""
"20220426","분당선","모란","20895","21071","20220429",""
"20220426","분당선","태평","13894","13261","20220429",""
"20220426","분당선","가천대","12562","13254","20220429",""
"20220426","분당선","선정릉","8613","9263","20220429",""
"20220426","분당선","강남구청","10383","12097","20220429",""
"20220426","분당선","압구정로데오","18931","21162","20220429",""
"20220426","분당선","서울숲","12250","12495","20220429",""
"20220426","분당선","수원","8336","6868","20220429",""
"20220426","분당선","수서","13804","14149","20220429",""
"20220426","분당선","대모산입구","4704","4300","20220429",""
"20220426","분당선","개포동","4198","4303","20220429",""
"20220426","분당선","구룡","2478","2387","20220429",""
"20220426","분당선","도곡","7266","7095","20220429",""
"20220426","분당선","한티","14382","15261","20220429",""
"20220426","분당선","선릉","14073","21803","20220429",""
"20220426","과천선","범계","26820","26769","20220429",""
"20220426","과천선","평촌","18765","18317","20220429",""
"20220426","과천선","인덕원","25624","26285","20220429",""
"20220426","과천선","정부과천청사","10992","11009","20220429",""
"20220426","과천선","과천","6665","6164","20220429",""
"20220426","과천선","대공원","3640","3821","20220429",""
"20220426","과천선","경마공원","1673","1580","20220429",""
"20220426","과천선","선바위","8893","7907","20220429",""
"20220426","공항철도 1호선","영종","3235","3253","20220429",""
"20220426","공항철도 1호선","인천공항2터미널","2434","2370","20220429",""
"20220426","공항철도 1호선","인천공항1터미널","4598","4747","20220429",""
"20220426","공항철도 1호선","공항화물청사","2369","2591","20220429",""
"20220426","공항철도 1호선","운서","7000","7151","20220429",""
"20220426","공항철도 1호선","청라국제도시","7490","7002","20220429",""
"20220426","공항철도 1호선","검암","6900","6819","20220429",""
"20220426","공항철도 1호선","계양","11194","10552","20220429",""
"20220426","공항철도 1호선","김포공항","11533","6647","20220429",""
"20220426","공항철도 1호선","마곡나루(서울식물원)","10115","9680","20220429",""
"20220426","공항철도 1호선","디지털미디어시티","15002","14019","20220429",""
"20220426","공항철도 1호선","홍대입구","9316","9449","20220429",""
"20220426","공항철도 1호선","공덕","2475","3216","20220429",""
"20220426","공항철도 1호선","서울역","7613","7141","20220429",""
"20220426","경춘선","춘천","1632","1464","20220429",""
"20220426","경춘선","남춘천","2428","2459","20220429",""
"20220426","경춘선","김유정","343","352","20220429",""
"20220426","경춘선","강촌","660","572","20220429",""
"20220426","경춘선","백양리","113","120","20220429",""
"20220426","경춘선","굴봉산","189","195","20220429",""
"20220426","경춘선","가평","1595","1653","20220429",""
"20220426","경춘선","상천","345","327","20220429",""
"20220426","경춘선","청평","1595","1573","20220429",""
"20220426","경춘선","대성리","542","490","20220429",""
"20220426","경춘선","마석","4391","4251","20220429",""
"20220426","경춘선","천마산","1805","1699","20220429",""
"20220426","경춘선","평내호평","6672","6618","20220429",""
"20220426","경춘선","금곡","1719","1636","20220429",""
"20220426","경춘선","사릉","2830","2680","20220429",""
"20220426","경춘선","퇴계원","3810","3428","20220429",""
"20220426","경춘선","별내","3440","3231","20220429",""
"20220426","경춘선","갈매","3201","2821","20220429",""
"20220426","경춘선","신내","2412","2282","20220429",""
"20220426","경인선","도화","4453","4047","20220429",""
"20220426","경인선","중동","9997","9234","20220429",""
"20220426","경인선","온수(성공회대입구)","7601","7142","20220429",""
"20220426","경인선","도원","3457","3371","20220429",""
"20220426","경인선","간석","6240","5865","20220429",""
"20220426","경인선","부개","9083","8397","20220429",""
"20220426","경인선","소사","9584","9151","20220429",""
"20220426","경인선","구일","7140","6872","20220429",""
"20220426","경인선","인천","3891","2914","20220429",""
"20220426","경인선","동인천","14085","13408","20220429",""
"20220426","경인선","제물포","11802","11111","20220429",""
"20220426","경인선","주안","20335","18686","20220429",""
"20220426","경인선","동암","14996","15185","20220429",""
"20220426","경인선","백운","7378","7243","20220429",""
"20220426","경인선","부평","28658","30596","20220429",""
"20220426","경인선","송내","28718","28914","20220429",""
"20220426","경인선","부천","33836","33765","20220429",""
"20220426","경인선","역곡","30212","29667","20220429",""
"20220426","경인선","오류동","12312","11246","20220429",""
"20220426","경인선","개봉","22394","21666","20220429",""
"20220426","경의선","임진강","13","6","20220429",""
"20220426","경의선","문산","5308","5202","20220429",""
"20220426","경의선","파주","1761","1300","20220429",""
"20220426","경의선","월롱","3244","3057","20220429",""
"20220426","경의선","금촌","6987","6967","20220429",""
"20220426","경의선","금릉","5099","4976","20220429",""
"20220426","경의선","운정","7444","6881","20220429",""
"20220426","경의선","야당","8196","8031","20220429",""
"20220426","경의선","탄현","8276","7876","20220429",""
"20220426","경의선","일산","10234","10018","20220429",""
"20220426","경의선","풍산","6016","5573","20220429",""
"20220426","경의선","백마","7445","7113","20220429",""
"20220426","경의선","곡산","733","807","20220429",""
"20220426","경의선","능곡","4191","3846","20220429",""
"20220426","경의선","행신","8349","8479","20220429",""
"20220426","경의선","강매","3514","3047","20220429",""
"20220426","경의선","화전","3678","3379","20220429",""
"20220426","경의선","수색","3013","3223","20220429",""
"20220426","경의선","디지털미디어시티","2720","2490","20220429",""
"20220426","경의선","가좌","5876","5526","20220429",""
"20220426","경의선","홍대입구","1656","1962","20220429",""
"20220426","경의선","서강대","2138","2166","20220429",""
"20220426","경의선","공덕","3673","3290","20220429",""
"20220426","경의선","효창공원앞","3233","3579","20220429",""
"20220426","경의선","신촌","880","1223","20220429",""
"20220426","경의선","서울역","4585","5919","20220429",""
"20220426","경원선","소요산","2890","2413","20220429",""
"20220426","경원선","동두천","2665","2961","20220429",""
"20220426","경원선","보산","1607","1420","20220429",""
"20220426","경원선","동두천중앙","3351","3184","20220429",""
"20220426","경원선","지행","7201","7217","20220429",""
"20220426","경원선","덕정","7007","6648","20220429",""
"20220426","경원선","덕계","3709","3269","20220429",""
"20220426","경원선","양주","8350","7910","20220429",""
"20220426","경원선","녹양","4942","4626","20220429",""
"20220426","경원선","가능","7179","6853","20220429",""
"20220426","경원선","의정부","18822","19477","20220429",""
"20220426","경원선","회룡","13367","13254","20220429",""
"20220426","경원선","망월사","10178","10079","20220429",""
"20220426","경원선","도봉산","8141","5492","20220429",""
"20220426","경원선","도봉","6405","6080","20220429",""
"20220426","경원선","방학","10280","10111","20220429",""
"20220426","경원선","녹천","4968","4094","20220429",""
"20220426","경원선","월계","9063","8403","20220429",""
"20220426","경원선","광운대","9570","9336","20220429",""
"20220426","경원선","석계","8742","9623","20220429",""
"20220426","경원선","신이문","8694","8062","20220429",""
"20220426","경원선","외대앞","8410","8253","20220429",""
"20220426","경원선","청량리(서울시립대입구)","14637","15478","20220429",""
"20220426","경원선","왕십리(성동구청)","14251","15807","20220429",""
"20220426","경원선","응봉","2038","1729","20220429",""
"20220426","경원선","옥수","45","39","20220429",""
"20220426","경원선","한남","4117","3912","20220429",""
"20220426","경원선","서빙고","2159","2001","20220429",""
"20220426","경원선","이촌(국립중앙박물관)","4062","3017","20220429",""
"20220426","경부선","광명","3379","2883","20220429",""
"20220426","경부선","서동탄","1463","1325","20220429",""
"20220426","경부선","당정","7415","7055","20220429",""
"20220426","경부선","천안","6823","6412","20220429",""
"20220426","경부선","두정","7647","8378","20220429",""
"20220426","경부선","직산","833","840","20220429",""
"20220426","경부선","성환","6792","6550","20220429",""
"20220426","경부선","평택","12935","13064","20220429",""
"20220426","경부선","평택지제","3479","3380","20220429",""
"20220426","경부선","서정리","7739","7432","20220429",""
"20220426","경부선","송탄","4527","4255","20220429",""
"20220426","경부선","진위","1781","1558","20220429",""
"20220426","경부선","오산","10469","10389","20220429",""
"20220426","경부선","오산대","4506","4150","20220429",""
"20220426","경부선","세마","2946","2813","20220429",""
"20220426","경부선","병점","16684","16754","20220429",""
"20220426","경부선","세류","3170","2786","20220429",""
"20220426","경부선","독산","19681","20416","20220429",""
"20220426","경부선","수원","36838","39076","20220429",""
"20220426","경부선","화서","8872","8537","20220429",""
"20220426","경부선","성균관대","15897","15730","20220429",""
"20220426","경부선","의왕","10084","9908","20220429",""
"20220426","경부선","군포","8126","8028","20220429",""
"20220426","경부선","금정","28092","28553","20220429",""
"20220426","경부선","명학","11264","11170","20220429",""
"20220426","경부선","안양","28248","27989","20220429",""
"20220426","경부선","관악","7843","7249","20220429",""
"20220426","경부선","석수","10336","9168","20220429",""
"20220426","경부선","금천구청","12603","12573","20220429",""
"20220426","경부선","가산디지털단지","19433","22488","20220429",""
"20220426","경부선","구로","18891","19500","20220429",""
"20220426","경부선","신길","9584","7367","20220429",""
"20220426","경부선","신도림","4309","4282","20220429",""
"20220426","경부선","영등포","36560","37663","20220429",""
"20220426","경부선","대방","13820","14007","20220429",""
"20220426","경부선","노량진","8267","8502","20220429",""
"20220426","경부선","용산","31337","32123","20220429",""
"20220426","경부선","남영","9928","10687","20220429",""
"20220426","경부선","서울역","5399","1800","20220429",""
"20220426","경강선","여주","2532","2549","20220429",""
"20220426","경강선","세종대왕릉","331","317","20220429",""
"20220426","경강선","부발","2021","2083","20220429",""
"20220426","경강선","이천","2524","2654","20220429",""
"20220426","경강선","신둔도예촌","1769","1520","20220429",""
"20220426","경강선","곤지암","2350","2335","20220429",""
"20220426","경강선","초월","3328","3132","20220429",""
"20220426","경강선","경기광주","8117","7669","20220429",""
"20220426","경강선","삼동","2564","2374","20220429",""
"20220426","경강선","이매","1153","1032","20220429",""
"20220426","경강선","판교","4871","4888","20220429",""
"20220426","9호선2~3단계","중앙보훈병원","11264","10089","20220429",""
"20220426","9호선2~3단계","둔촌오륜","1201","1061","20220429",""
"20220426","9호선2~3단계","올림픽공원(한국체대)","6336","6193","20220429",""
"20220426","9호선2~3단계","한성백제","2584","2375","20220429",""
"20220426","9호선2~3단계","송파나루","4987","5349","20220429",""
"20220426","9호선2~3단계","석촌","8709","7759","20220429",""
"20220426","9호선2~3단계","석촌고분","6136","6049","20220429",""
"20220426","9호선2~3단계","삼전","7055","6595","20220429",""
"20220426","9호선2~3단계","종합운동장","4277","4424","20220429",""
"20220426","9호선2~3단계","봉은사","16623","17084","20220429",""
"20220426","9호선2~3단계","삼성중앙","7149","7699","20220429",""
"20220426","9호선2~3단계","선정릉","10419","11402","20220429",""
"20220426","9호선2~3단계","언주","10760","11214","20220429",""
"20220426","9호선","신논현","32229","32449","20220429",""
"20220426","9호선","사평","3978","3705","20220429",""
"20220426","9호선","고속터미널","12548","14937","20220429",""
"20220426","9호선","신반포","3519","3556","20220429",""
"20220426","9호선","구반포","1300","1392","20220429",""
"20220426","9호선","동작(현충원)","1994","1671","20220429",""
"20220426","9호선","흑석(중앙대입구)","9187","9438","20220429",""
"20220426","9호선","노들","4663","3931","20220429",""
"20220426","9호선","노량진","26464","25509","20220429",""
"20220426","9호선","샛강","6268","6583","20220429",""
"20220426","9호선","여의도","28366","28183","20220429",""
"20220426","9호선","국회의사당","16278","17214","20220429",""
"20220426","9호선","당산","19177","19047","20220429",""
"20220426","9호선","선유도","9303","8904","20220429",""
"20220426","9호선","신목동","4430","3821","20220429",""
"20220426","9호선","염창","18188","17215","20220429",""
"20220426","9호선","등촌","11672","11143","20220429",""
"20220426","9호선","증미","7573","7222","20220429",""
"20220426","9호선","가양","21620","20832","20220429",""
"20220426","9호선","양천향교","10283","10482","20220429",""
"20220426","9호선","마곡나루(서울식물원)","12841","12660","20220429",""
"20220426","9호선","신방화","7142","6816","20220429",""
"20220426","9호선","공항시장","3093","3290","20220429",""
"20220426","9호선","김포공항","7198","10229","20220429",""
"20220426","9호선","개화","2690","1900","20220429",""
"20220426","8호선","남위례","5150","5342","20220429",""
"20220426","8호선","모란","4467","3623","20220429",""
"20220426","8호선","수진","5581","5042","20220429",""
"20220426","8호선","신흥","4253","4499","20220429",""
"20220426","8호선","단대오거리","11621","10902","20220429",""
"20220426","8호선","남한산성입구(성남법원.검찰청)","16274","15089","20220429",""
"20220426","8호선","산성","5865","5889","20220429",""
"20220426","8호선","복정","10636","8795","20220429",""
"20220426","8호선","장지","17835","16829","20220429",""
"20220426","8호선","문정","22997","24259","20220429",""
"20220426","8호선","가락시장","7807","8686","20220429",""
"20220426","8호선","송파","8617","8510","20220429",""
"20220426","8호선","석촌","7898","8991","20220429",""
"20220426","8호선","잠실(송파구청)","13691","16561","20220429",""
"20220426","8호선","몽촌토성(평화의문)","6284","6391","20220429",""
"20220426","8호선","강동구청","10804","11196","20220429",""
"20220426","8호선","천호(풍납토성)","14599","17012","20220429",""
"20220426","8호선","암사","19633","17173","20220429",""
"20220426","7호선","온수(성공회대입구)","11642","10831","20220429",""
"20220426","7호선","천왕","12172","11538","20220429",""
"20220426","7호선","광명사거리","22571","22197","20220429",""
"20220426","7호선","철산","21861","22095","20220429",""
"20220426","7호선","가산디지털단지","46895","47589","20220429",""
"20220426","7호선","남구로","16191","17205","20220429",""
"20220426","7호선","대림(구로구청)","8056","8037","20220429",""
"20220426","7호선","신풍","12179","11554","20220429",""
"20220426","7호선","보라매","10477","10658","20220429",""
"20220426","7호선","신대방삼거리","17539","16591","20220429",""
"20220426","7호선","장승배기","9313","9058","20220429",""
"20220426","7호선","상도","11725","11279","20220429",""
"20220426","7호선","숭실대입구(살피재)","16184","16407","20220429",""
"20220426","7호선","남성","11955","10983","20220429",""
"20220426","7호선","이수","16094","15656","20220429",""
"20220426","7호선","내방","15080","15436","20220429",""
"20220426","7호선","고속터미널","14956","13184","20220429",""
"20220426","7호선","반포","5971","5785","20220429",""
"20220426","7호선","논현","21243","23122","20220429",""
"20220426","7호선","학동","25153","27257","20220429",""
"20220426","7호선","강남구청","16688","18725","20220429",""
"20220426","7호선","청담","20152","22874","20220429",""
"20220426","7호선","뚝섬유원지","11093","10602","20220429",""
"20220426","7호선","건대입구","12962","13831","20220429",""
"20220426","7호선","어린이대공원(세종대)","15272","15750","20220429",""
"20220426","7호선","군자(능동)","15756","12239","20220429",""
"20220426","7호선","중곡","11459","10403","20220429",""
"20220426","7호선","용마산(용마폭포공원)","6317","6121","20220429",""
"20220426","7호선","사가정","16977","16970","20220429",""
"20220426","7호선","면목","17187","16642","20220429",""
"20220426","7호선","상봉(시외버스터미널)","17297","16153","20220429",""
"20220426","7호선","중화","11268","11023","20220429",""
"20220426","7호선","먹골","10586","10254","20220429",""
"20220426","7호선","태릉입구","9466","8912","20220429",""
"20220426","7호선","공릉(서울과학기술대)","13773","13564","20220429",""
"20220426","7호선","하계","18962","17753","20220429",""
"20220426","7호선","중계","15684","14190","20220429",""
"20220426","7호선","노원","19589","20717","20220429",""
"20220426","7호선","마들","13232","12583","20220429",""
"20220426","7호선","수락산","13041","12658","20220429",""
"20220426","7호선","도봉산","9953","11424","20220429",""
"20220426","7호선","장암","2445","897","20220429",""
"20220426","6호선","봉화산(서울의료원)","9539","8799","20220429",""
"20220426","6호선","화랑대(서울여대입구)","13244","10848","20220429",""
"20220426","6호선","태릉입구","5792","6538","20220429",""
"20220426","6호선","석계","13149","13686","20220429",""
"20220426","6호선","돌곶이","9818","8968","20220429",""
"20220426","6호선","상월곡(한국과학기술연구원)","6480","5816","20220429",""
"20220426","6호선","월곡(동덕여대)","12167","12001","20220429",""
"20220426","6호선","고려대(종암)","8839","8772","20220429",""
"20220426","6호선","안암(고대병원앞)","13385","13440","20220429",""
"20220426","6호선","보문","7659","7008","20220429",""
"20220426","6호선","창신","3814","3192","20220429",""
"20220426","6호선","동묘앞","7874","8033","20220429",""
"20220426","6호선","신당","8923","9482","20220429",""
"20220426","6호선","청구","3773","4092","20220429",""
"20220426","6호선","약수","3606","3676","20220429",""
"20220426","6호선","버티고개","2118","2135","20220429",""
"20220426","6호선","한강진","7604","8923","20220429",""
"20220426","6호선","이태원","9861","10378","20220429",""
"20220426","6호선","녹사평(용산구청)","4746","4763","20220429",""
"20220426","6호선","삼각지","6560","5612","20220429",""
"20220426","6호선","효창공원앞","7755","7082","20220429",""
"20220426","6호선","공덕","19280","18648","20220429",""
"20220426","6호선","대흥(서강대앞)","8660","8850","20220429",""
"20220426","6호선","광흥창(서강)","9520","9144","20220429",""
"20220426","6호선","상수","8487","9866","20220429",""
"20220426","6호선","합정","12826","12746","20220429",""
"20220426","6호선","망원","13586","14674","20220429",""
"20220426","6호선","마포구청","14769","13152","20220429",""
"20220426","6호선","월드컵경기장(성산)","4507","4696","20220429",""
"20220426","6호선","디지털미디어시티","14662","16111","20220429",""
"20220426","6호선","증산(명지대앞)","10516","10234","20220429",""
"20220426","6호선","새절(신사)","13978","12943","20220429",""
"20220426","6호선","구산","8013","5791","20220429",""
"20220426","6호선","독바위","2817","2908","20220429",""
"20220426","6호선","불광","4304","4393","20220429",""
"20220426","6호선","역촌","3780","4416","20220429",""
"20220426","6호선","응암","18253","17870","20220429",""
"20220426","5호선","하남검단산","5894","5666","20220429",""
"20220426","5호선","하남시청(덕풍·신장)","7083","6784","20220429",""
"20220426","5호선","하남풍산","4561","4523","20220429",""
"20220426","5호선","미사","16712","16484","20220429",""
"20220426","5호선","강일","4398","4154","20220429",""
"20220426","5호선","마천","7558","7158","20220429",""
"20220426","5호선","거여","10920","10397","20220429",""
"20220426","5호선","개롱","6655","6916","20220429",""
"20220426","5호선","오금","3971","4082","20220429",""
"20220426","5호선","방이","7422","7575","20220429",""
"20220426","5호선","올림픽공원(한국체대)","4648","3941","20220429",""
"20220426","5호선","둔촌동","8513","8449","20220429",""
"20220426","5호선","상일동","15467","14436","20220429",""
"20220426","5호선","고덕","10269","10132","20220429",""
"20220426","5호선","명일","8950","9188","20220429",""
"20220426","5호선","굽은다리(강동구민회관앞)","9804","9180","20220429",""
"20220426","5호선","길동","8341","8462","20220429",""
"20220426","5호선","강동","19035","18381","20220429",""
"20220426","5호선","천호(풍납토성)","18064","18125","20220429",""
"20220426","5호선","광나루(장신대)","14201","13055","20220429",""
"20220426","5호선","아차산(어린이대공원후문)","15640","14521","20220429",""
"20220426","5호선","군자(능동)","11426","12699","20220429",""
"20220426","5호선","장한평","19037","18906","20220429",""
"20220426","5호선","답십리","16362","14864","20220429",""
"20220426","5호선","마장","6011","5636","20220429",""
"20220426","5호선","왕십리(성동구청)","4520","5221","20220429",""
"20220426","5호선","행당","8454","7483","20220429",""
"20220426","5호선","신금호","6928","7063","20220429",""
"20220426","5호선","청구","4249","3783","20220429",""
"20220426","5호선","동대문역사문화공원(DDP)","3049","3593","20220429",""
"20220426","5호선","을지로4가","6426","6590","20220429",""
"20220426","5호선","종로3가","12301","12551","20220429",""
"20220426","5호선","광화문(세종문화회관)","30348","32584","20220429",""
"20220426","5호선","서대문","20828","21297","20220429",""
"20220426","5호선","충정로(경기대입구)","5172","5371","20220429",""
"20220426","5호선","애오개","7231","7250","20220429",""
"20220426","5호선","공덕","14885","15830","20220429",""
"20220426","5호선","마포","15086","15402","20220429",""
"20220426","5호선","여의나루","13451","14445","20220429",""
"20220426","5호선","여의도","29425","31538","20220429",""
"20220426","5호선","신길","4321","4405","20220429",""
"20220426","5호선","영등포시장","10384","10569","20220429",""
"20220426","5호선","영등포구청","4261","4384","20220429",""
"20220426","5호선","양평","7886","7648","20220429",""
"20220426","5호선","오목교(목동운동장앞)","21521","23331","20220429",""
"20220426","5호선","목동","17395","18619","20220429",""
"20220426","5호선","신정(은행정)","14341","11711","20220429",""
"20220426","5호선","까치산","29796","28379","20220429",""
"20220426","5호선","화곡","29402","27201","20220429",""
"20220426","5호선","우장산","15594","15202","20220429",""
"20220426","5호선","발산","21915","22418","20220429",""
"20220426","5호선","마곡","11126","11257","20220429",""
"20220426","5호선","송정","6763","6327","20220429",""
"20220426","5호선","김포공항","7111","6916","20220429",""
"20220426","5호선","개화산","6020","5710","20220429",""
"20220426","5호선","방화","7160","6684","20220429",""
"20220426","4호선","남태령","1293","1173","20220429",""
"20220426","4호선","사당","26472","22262","20220429",""
"20220426","4호선","총신대입구(이수)","19495","20891","20220429",""
"20220426","4호선","동작(현충원)","1646","1802","20220429",""
"20220426","4호선","이촌(국립중앙박물관)","7998","8963","20220429",""
"20220426","4호선","신용산","16260","17580","20220429",""
"20220426","4호선","삼각지","5093","5656","20220429",""
"20220426","4호선","숙대입구(갈월)","15062","14392","20220429",""
"20220426","4호선","서울역","11556","16230","20220429",""
"20220426","4호선","회현(남대문시장)","25928","27596","20220429",""
"20220426","4호선","명동","18959","19782","20220429",""
"20220426","4호선","충무로","29198","30062","20220429",""
"20220426","4호선","동대문역사문화공원(DDP)","13966","12878","20220429",""
"20220426","4호선","동대문","20564","20918","20220429",""
"20220426","4호선","혜화","33587","33830","20220429",""
"20220426","4호선","한성대입구(삼선교)","14467","14028","20220429",""
"20220426","4호선","성신여대입구(돈암)","21346","20593","20220429",""
"20220426","4호선","길음","22549","22105","20220429",""
"20220426","4호선","미아사거리","28154","27282","20220429",""
"20220426","4호선","미아(서울사이버대학)","15810","15290","20220429",""
"20220426","4호선","수유(강북구청)","34558","34717","20220429",""
"20220426","4호선","쌍문","30182","27775","20220429",""
"20220426","4호선","창동","26216","27825","20220429",""
"20220426","4호선","노원","19486","21641","20220429",""
"20220426","4호선","상계","20871","19067","20220429",""
"20220426","4호선","당고개","9357","8457","20220429",""
"20220426","3호선","오금","6537","5979","20220429",""
"20220426","3호선","경찰병원","7537","7546","20220429",""
"20220426","3호선","가락시장","9226","8981","20220429",""
"20220426","3호선","수서","17145","17506","20220429",""
"20220426","3호선","일원","10877","10481","20220429",""
"20220426","3호선","대청","10547","9490","20220429",""
"20220426","3호선","학여울","1905","1969","20220429",""
"20220426","3호선","대치","10841","10869","20220429",""
"20220426","3호선","도곡","5416","5530","20220429",""
"20220426","3호선","매봉","12936","12464","20220429",""
"20220426","3호선","양재(서초구청)","39570","43437","20220429",""
"20220426","3호선","남부터미널(예술의전당)","29425","29962","20220429",""
"20220426","3호선","교대(법원.검찰청)","15279","10014","20220429",""
"20220426","3호선","고속터미널","38306","36627","20220429",""
"20220426","3호선","잠원","5026","4920","20220429",""
"20220426","3호선","신사","31077","32764","20220429",""
"20220426","3호선","압구정","32558","35030","20220429",""
"20220426","3호선","옥수","9255","9420","20220429",""
"20220426","3호선","금호","8128","7542","20220429",""
"20220426","3호선","약수","13387","13213","20220429",""
"20220426","3호선","동대입구","9311","10169","20220429",""
"20220426","3호선","충무로","1","0","20220429",""
"20220426","3호선","을지로3가","11007","11209","20220429",""
"20220426","3호선","종로3가","10070","11505","20220429",""
"20220426","3호선","안국","21452","22710","20220429",""
"20220426","3호선","경복궁(정부서울청사)","20621","20406","20220429",""
"20220426","3호선","독립문","7268","7637","20220429",""
"20220426","3호선","무악재","4091","4195","20220429",""
"20220426","3호선","홍제","18538","17541","20220429",""
"20220426","3호선","녹번","16434","14596","20220429",""
"20220426","3호선","불광","16505","17498","20220429",""
"20220426","3호선","연신내","37680","35384","20220429",""
"20220426","3호선","구파발","21426","20391","20220429",""
"20220426","3호선","지축","5212","5012","20220429",""
"20220426","2호선","용두(동대문구청)","2387","2445","20220429",""
"20220426","2호선","신정네거리","10615","10962","20220429",""
"20220426","2호선","양천구청","7028","7306","20220429",""
"20220426","2호선","도림천","1446","1463","20220429",""
"20220426","2호선","신설동","3275","3251","20220429",""
"20220426","2호선","신답","1725","1945","20220429",""
"20220426","2호선","용답","3083","3133","20220429",""
"20220426","2호선","충정로(경기대입구)","10397","11016","20220429",""
"20220426","2호선","아현","11050","10473","20220429",""
"20220426","2호선","이대","13965","14845","20220429",""
"20220426","2호선","신촌","32364","33323","20220429",""
"20220426","2호선","홍대입구","52163","55069","20220429",""
"20220426","2호선","합정","30306","32128","20220429",""
"20220426","2호선","당산","19671","22883","20220429",""
"20220426","2호선","영등포구청","23073","24157","20220429",""
"20220426","2호선","문래","23089","23526","20220429",""
"20220426","2호선","신도림","47524","47436","20220429",""
"20220426","2호선","대림(구로구청)","24667","25170","20220429",""
"20220426","2호선","구로디지털단지","60739","60861","20220429",""
"20220426","2호선","신대방","27669","26817","20220429",""
"20220426","2호선","신림","64286","61804","20220429",""
"20220426","2호선","봉천","24797","22669","20220429",""
"20220426","2호선","서울대입구(관악구청)","49575","48258","20220429",""
"20220426","2호선","낙성대(강감찬)","28024","27280","20220429",""
"20220426","2호선","사당","37910","42348","20220429",""
"20220426","2호선","방배","19876","20515","20220429",""
"20220426","2호선","서초","22439","21882","20220429",""
"20220426","2호선","교대(법원.검찰청)","35766","40543","20220429",""
"20220426","2호선","강남","83830","83960","20220429",""
"20220426","2호선","역삼","53560","61187","20220429",""
"20220426","2호선","선릉","59363","52993","20220429",""
"20220426","2호선","삼성(무역센터)","52285","53168","20220429",""
"20220426","2호선","종합운동장","9481","10371","20220429",""
"20220426","2호선","잠실새내","21747","21634","20220429",""
"20220426","2호선","잠실(송파구청)","70006","69398","20220429",""
"20220426","2호선","잠실나루","15338","15025","20220429",""
"20220426","2호선","강변(동서울터미널)","29301","27546","20220429",""
"20220426","2호선","구의(광진구청)","24263","23779","20220429",""
"20220426","2호선","건대입구","36203","38985","20220429",""
"20220426","2호선","성수","37872","41842","20220429",""
"20220426","2호선","뚝섬","22856","24739","20220429",""
"20220426","2호선","한양대","14460","16019","20220429",""
"20220426","2호선","왕십리(성동구청)","17107","13465","20220429",""
"20220426","2호선","상왕십리","14773","14048","20220429",""
"20220426","2호선","신당","15264","15700","20220429",""
"20220426","2호선","동대문역사문화공원(DDP)","11671","13046","20220429",""
"20220426","2호선","을지로4가","13366","13528","20220429",""
"20220426","2호선","을지로3가","23129","23692","20220429",""
"20220426","2호선","을지로입구","39507","41638","20220429",""
"20220426","2호선","시청","24215","24009","20220429",""
"20220426","1호선","동묘앞","8130","8680","20220429",""
"20220426","1호선","청량리(서울시립대입구)","20382","20091","20220429",""
"20220426","1호선","제기동","17711","17913","20220429",""
"20220426","1호선","신설동","13931","13783","20220429",""
"20220426","1호선","동대문","11219","10476","20220429",""
"20220426","1호선","종로5가","22922","22832","20220429",""
"20220426","1호선","종로3가","25090","22982","20220429",""
"20220426","1호선","종각","35305","34994","20220429",""
"20220426","1호선","시청","23658","23877","20220429",""
"20220426","1호선","서울역","42381","41142","20220429",""
"20220426","우이신설선","솔샘","6125","5695","20220429",""
"20220426","우이신설선","북한산보국문","6393","5993","20220429",""
"20220426","우이신설선","정릉","4920","4368","20220429",""
"20220426","우이신설선","성신여대입구(돈암)","3383","3793","20220429",""
"20220426","우이신설선","보문","1592","1580","20220429",""
"20220426","우이신설선","신설동","2264","2211","20220429",""
"20220426","일산선","원흥","11381","10739","20220429",""
"20220426","일산선","삼송","20894","20071","20220429",""
"20220426","일산선","원당","11745","11106","20220429",""
"20220426","일산선","화정","17614","17892","20220429",""
"20220426","일산선","대곡","2272","1835","20220429",""
"20220426","일산선","백석","9968","9919","20220429",""
"20220426","일산선","마두","7911","7956","20220429",""
"20220426","일산선","정발산","8876","9115","20220429",""
"20220426","일산선","주엽","9588","9506","20220429",""
"20220426","일산선","대화","13059","10370","20220429",""
"20220426","장항선","봉명","1334","1304","20220429",""
"20220426","장항선","쌍용(나사렛대)","3123","2935","20220429",""
"20220426","장항선","아산","3890","3321","20220429",""
"20220426","장항선","탕정","905","787","20220429",""
"20220426","장항선","배방","1190","1116","20220429",""
"20220426","장항선","온양온천","3721","3826","20220429",""
"20220426","장항선","신창(순천향대)","2933","2921","20220429",""
"20220426","중앙선","회기","25913","25405","20220429",""
"20220426","중앙선","중랑","5919","5561","20220429",""
"20220426","중앙선","상봉(시외버스터미널)","5891","5952","20220429",""
"20220426","중앙선","망우","8122","7929","20220429",""
"20220426","중앙선","양원","3265","3059","20220429",""
"20220426","중앙선","구리","14136","14408","20220429",""
"20220426","중앙선","도농","11650","10478","20220429",""
"20220426","중앙선","양정","787","659","20220429",""
"20220426","중앙선","덕소","5861","6007","20220429",""
"20220426","중앙선","도심","2741","2079","20220429",""
"20220426","중앙선","팔당","946","1001","20220429",""
"20220426","중앙선","운길산","1008","948","20220429",""
"20220426","중앙선","양수","1989","2025","20220429",""
"20220426","중앙선","신원","253","218","20220429",""
"20220426","중앙선","국수","858","819","20220429",""
"20220426","중앙선","아신","517","528","20220429",""
"20220426","중앙선","오빈","315","311","20220429",""
"20220426","중앙선","양평","2858","2902","20220429",""
"20220426","중앙선","원덕","383","357","20220429",""
"20220426","중앙선","지평","91","89","20220429",""
"20220426","중앙선","용문","1941","1959","20220429",""
"20220427","중앙선","양평","2916","3018","20220430",""
"20220427","중앙선","원덕","429","415","20220430",""
"20220427","중앙선","지평","91","111","20220430",""
"20220427","중앙선","용문","2095","2095","20220430",""
"20220427","1호선","서울역","44113","42814","20220430",""
"20220427","1호선","시청","24331","24870","20220430",""
"20220427","1호선","종각","36181","35822","20220430",""
"20220427","1호선","종로3가","26612","23949","20220430",""
"20220427","1호선","종로5가","23261","23483","20220430",""
"20220427","1호선","동대문","11298","10780","20220430",""
"20220427","1호선","신설동","14489","14285","20220430",""
"20220427","1호선","제기동","17989","18351","20220430",""
"20220427","1호선","청량리(서울시립대입구)","20896","20700","20220430",""
"20220427","1호선","동묘앞","8576","8898","20220430",""
"20220427","2호선","시청","24928","24566","20220430",""
"20220427","2호선","을지로입구","41065","42996","20220430",""
"20220427","2호선","을지로3가","24400","24866","20220430",""
"20220427","2호선","을지로4가","13658","13652","20220430",""
"20220427","2호선","동대문역사문화공원(DDP)","12417","13970","20220430",""
"20220427","2호선","신당","15804","16150","20220430",""
"20220427","2호선","상왕십리","15075","14466","20220430",""
"20220427","2호선","왕십리(성동구청)","17846","14036","20220430",""
"20220427","2호선","한양대","14753","16667","20220430",""
"20220427","2호선","뚝섬","23645","25644","20220430",""
"20220427","2호선","성수","39329","43610","20220430",""
"20220427","2호선","건대입구","37986","40657","20220430",""
"20220427","2호선","구의(광진구청)","24752","24290","20220430",""
"20220427","2호선","강변(동서울터미널)","30699","28688","20220430",""
"20220427","2호선","잠실나루","15705","15282","20220430",""
"20220427","2호선","잠실(송파구청)","72175","71475","20220430",""
"20220427","2호선","잠실새내","22296","22210","20220430",""
"20220427","2호선","종합운동장","9863","10890","20220430",""
"20220427","2호선","삼성(무역센터)","54306","55271","20220430",""
"20220427","2호선","선릉","59987","53229","20220430",""
"20220427","2호선","역삼","54546","62194","20220430",""
"20220427","2호선","강남","85042","85309","20220430",""
"20220427","2호선","교대(법원.검찰청)","36454","41381","20220430",""
"20220427","2호선","서초","23402","22819","20220430",""
"20220427","2호선","방배","20520","21328","20220430",""
"20220427","2호선","사당","39488","44126","20220430",""
"20220427","2호선","낙성대(강감찬)","28688","27896","20220430",""
"20220427","2호선","서울대입구(관악구청)","50141","49393","20220430",""
"20220427","2호선","봉천","24888","22695","20220430",""
"20220427","2호선","신림","65895","63348","20220430",""
"20220427","2호선","신대방","27850","27238","20220430",""
"20220427","2호선","구로디지털단지","61253","61282","20220430",""
"20220427","2호선","대림(구로구청)","24925","25403","20220430",""
"20220427","2호선","신도림","50300","50228","20220430",""
"20220427","2호선","문래","23150","23882","20220430",""
"20220427","2호선","영등포구청","23794","24581","20220430",""
"20220427","2호선","당산","20321","23456","20220430",""
"20220427","2호선","합정","31309","33344","20220430",""
"20220427","2호선","홍대입구","54610","58262","20220430",""
"20220427","2호선","신촌","33905","34785","20220430",""
"20220427","2호선","이대","14413","15434","20220430",""
"20220427","2호선","아현","11005","10456","20220430",""
"20220427","2호선","충정로(경기대입구)","10467","11291","20220430",""
"20220427","2호선","용답","3326","3394","20220430",""
"20220427","2호선","신답","1821","1911","20220430",""
"20220427","2호선","신설동","3375","3338","20220430",""
"20220427","2호선","도림천","1401","1405","20220430",""
"20220427","2호선","양천구청","7334","7472","20220430",""
"20220427","2호선","신정네거리","10865","11328","20220430",""
"20220427","2호선","용두(동대문구청)","2403","2510","20220430",""
"20220427","3호선","지축","5324","5009","20220430",""
"20220427","3호선","구파발","21677","20814","20220430",""
"20220427","3호선","연신내","37790","35748","20220430",""
"20220427","3호선","불광","16995","18041","20220430",""
"20220427","3호선","녹번","16753","14910","20220430",""
"20220427","3호선","홍제","18987","17742","20220430",""
"20220427","3호선","무악재","4124","4292","20220430",""
"20220427","3호선","독립문","7328","7731","20220430",""
"20220427","3호선","경복궁(정부서울청사)","23588","23741","20220430",""
"20220427","3호선","안국","23295","24684","20220430",""
"20220427","3호선","종로3가","10226","11879","20220430",""
"20220427","3호선","을지로3가","11333","11724","20220430",""
"20220427","3호선","충무로","1","0","20220430",""
"20220427","3호선","동대입구","10128","10873","20220430",""
"20220427","3호선","약수","13658","13536","20220430",""
"20220427","3호선","금호","8317","7640","20220430",""
"20220427","3호선","옥수","9311","9620","20220430",""
"20220427","3호선","압구정","32043","34488","20220430",""
"20220427","3호선","신사","30802","32368","20220430",""
"20220427","3호선","잠원","5243","5073","20220430",""
"20220427","3호선","고속터미널","40516","38697","20220430",""
"20220427","3호선","교대(법원.검찰청)","15992","10333","20220430",""
"20220427","3호선","남부터미널(예술의전당)","30161","30392","20220430",""
"20220427","3호선","양재(서초구청)","40512","44607","20220430",""
"20220427","3호선","매봉","13220","12593","20220430",""
"20220427","3호선","도곡","5414","5657","20220430",""
"20220427","3호선","대치","10893","10744","20220430",""
"20220427","3호선","학여울","1925","2047","20220430",""
"20220427","3호선","대청","11333","10341","20220430",""
"20220427","3호선","일원","10956","10594","20220430",""
"20220427","3호선","수서","17698","18070","20220430",""
"20220427","3호선","가락시장","9297","9177","20220430",""
"20220427","3호선","경찰병원","7693","7660","20220430",""
"20220427","3호선","오금","6603","5949","20220430",""
"20220427","4호선","당고개","9489","8441","20220430",""
"20220427","4호선","상계","21021","19363","20220430",""
"20220427","4호선","노원","19697","22267","20220430",""
"20220427","4호선","창동","26627","28112","20220430",""
"20220427","4호선","쌍문","30775","28048","20220430",""
"20220427","4호선","수유(강북구청)","35349","35560","20220430",""
"20220427","4호선","미아(서울사이버대학)","16016","15412","20220430",""
"20220427","4호선","미아사거리","28569","27645","20220430",""
"20220427","4호선","길음","22995","22658","20220430",""
"20220427","4호선","성신여대입구(돈암)","22253","21003","20220430",""
"20220427","4호선","한성대입구(삼선교)","15773","15403","20220430",""
"20220427","4호선","혜화","35838","36470","20220430",""
"20220427","4호선","동대문","20746","21156","20220430",""
"20220427","4호선","동대문역사문화공원(DDP)","14837","13664","20220430",""
"20220427","4호선","충무로","30401","30879","20220430",""
"20220427","4호선","명동","20994","21978","20220430",""
"20220427","4호선","회현(남대문시장)","26482","28231","20220430",""
"20220427","4호선","서울역","11852","17312","20220430",""
"20220427","4호선","숙대입구(갈월)","15225","14576","20220430",""
"20220427","4호선","삼각지","5304","5841","20220430",""
"20220427","4호선","신용산","16819","17888","20220430",""
"20220427","4호선","이촌(국립중앙박물관)","7708","8654","20220430",""
"20220427","4호선","동작(현충원)","1700","1863","20220430",""
"20220427","4호선","총신대입구(이수)","20126","21776","20220430",""
"20220427","4호선","사당","27920","22932","20220430",""
"20220427","4호선","남태령","1362","1185","20220430",""
"20220427","5호선","방화","7090","6792","20220430",""
"20220427","5호선","개화산","6049","5765","20220430",""
"20220427","5호선","김포공항","7218","7279","20220430",""
"20220427","5호선","송정","6959","6510","20220430",""
"20220427","5호선","마곡","11329","11428","20220430",""
"20220427","5호선","발산","21950","22510","20220430",""
"20220427","5호선","우장산","15919","15482","20220430",""
"20220427","5호선","화곡","30012","27592","20220430",""
"20220427","5호선","까치산","30448","28908","20220430",""
"20220427","5호선","신정(은행정)","14648","11799","20220430",""
"20220427","5호선","목동","17741","18930","20220430",""
"20220427","5호선","오목교(목동운동장앞)","22117","23858","20220430",""
"20220427","5호선","양평","7981","7842","20220430",""
"20220427","5호선","영등포구청","4203","4401","20220430",""
"20220427","5호선","영등포시장","10531","10918","20220430",""
"20220427","5호선","신길","4396","4560","20220430",""
"20220427","5호선","여의도","30217","32404","20220430",""
"20220427","5호선","여의나루","15276","16238","20220430",""
"20220427","5호선","마포","15468","15894","20220430",""
"20220427","5호선","공덕","15184","16280","20220430",""
"20220427","5호선","애오개","7308","7342","20220430",""
"20220427","5호선","충정로(경기대입구)","5144","5413","20220430",""
"20220427","5호선","서대문","21006","21251","20220430",""
"20220427","5호선","광화문(세종문화회관)","31880","33636","20220430",""
"20220427","5호선","종로3가","13007","13050","20220430",""
"20220427","5호선","을지로4가","6809","6676","20220430",""
"20220427","5호선","동대문역사문화공원(DDP)","3070","3618","20220430",""
"20220427","5호선","청구","4255","3842","20220430",""
"20220427","5호선","신금호","7017","7181","20220430",""
"20220427","5호선","행당","8553","7592","20220430",""
"20220427","5호선","왕십리(성동구청)","4821","5613","20220430",""
"20220427","5호선","마장","6187","5777","20220430",""
"20220427","5호선","답십리","16702","15314","20220430",""
"20220427","5호선","장한평","19915","19561","20220430",""
"20220427","5호선","군자(능동)","11791","13107","20220430",""
"20220427","5호선","아차산(어린이대공원후문)","15952","15112","20220430",""
"20220427","5호선","광나루(장신대)","14523","13062","20220430",""
"20220427","5호선","천호(풍납토성)","18479","18821","20220430",""
"20220427","5호선","강동","19209","18664","20220430",""
"20220427","5호선","길동","8283","8459","20220430",""
"20220427","5호선","굽은다리(강동구민회관앞)","9934","9336","20220430",""
"20220427","5호선","명일","9471","9629","20220430",""
"20220427","5호선","고덕","10212","10102","20220430",""
"20220427","5호선","상일동","15832","14663","20220430",""
"20220427","5호선","둔촌동","8540","8622","20220430",""
"20220427","5호선","올림픽공원(한국체대)","4731","4021","20220430",""
"20220427","5호선","방이","7440","7725","20220430",""
"20220427","5호선","오금","3974","4046","20220430",""
"20220427","5호선","개롱","6875","6991","20220430",""
"20220427","5호선","거여","10971","10408","20220430",""
"20220427","5호선","마천","7842","7331","20220430",""
"20220427","5호선","강일","4503","4121","20220430",""
"20220427","5호선","미사","17249","17026","20220430",""
"20220427","5호선","하남풍산","4516","4318","20220430",""
"20220427","5호선","하남시청(덕풍·신장)","7196","6903","20220430",""
"20220427","5호선","하남검단산","5946","5678","20220430",""
"20220427","6호선","응암","18481","18064","20220430",""
"20220427","6호선","역촌","3858","4601","20220430",""
"20220427","6호선","불광","4617","4607","20220430",""
"20220427","6호선","독바위","2851","2943","20220430",""
"20220427","6호선","구산","8192","5868","20220430",""
"20220427","6호선","새절(신사)","13819","12926","20220430",""
"20220427","6호선","증산(명지대앞)","10652","10479","20220430",""
"20220427","6호선","디지털미디어시티","14977","16327","20220430",""
"20220427","6호선","월드컵경기장(성산)","4589","4759","20220430",""
"20220427","6호선","마포구청","14816","13195","20220430",""
"20220427","6호선","망원","14137","15076","20220430",""
"20220427","6호선","합정","13528","13298","20220430",""
"20220427","6호선","상수","8659","9835","20220430",""
"20220427","6호선","광흥창(서강)","9615","9336","20220430",""
"20220427","6호선","대흥(서강대앞)","8930","9127","20220430",""
"20220427","6호선","공덕","19538","19046","20220430",""
"20220427","6호선","효창공원앞","7734","7110","20220430",""
"20220427","6호선","삼각지","6744","6009","20220430",""
"20220427","6호선","녹사평(용산구청)","5062","5150","20220430",""
"20220427","6호선","이태원","10452","11032","20220430",""
"20220427","6호선","한강진","8031","9544","20220430",""
"20220427","6호선","버티고개","2360","2205","20220430",""
"20220427","6호선","약수","3847","3657","20220430",""
"20220427","6호선","청구","3920","4223","20220430",""
"20220427","6호선","신당","9703","10006","20220430",""
"20220427","6호선","동묘앞","7997","8289","20220430",""
"20220427","6호선","창신","3886","3324","20220430",""
"20220427","6호선","보문","7820","7135","20220430",""
"20220427","6호선","안암(고대병원앞)","13773","13824","20220430",""
"20220427","6호선","고려대(종암)","9004","8893","20220430",""
"20220427","6호선","월곡(동덕여대)","13241","12756","20220430",""
"20220427","6호선","상월곡(한국과학기술연구원)","7010","6401","20220430",""
"20220427","6호선","돌곶이","9972","9354","20220430",""
"20220427","6호선","석계","13383","13878","20220430",""
"20220427","6호선","태릉입구","5913","6575","20220430",""
"20220427","6호선","화랑대(서울여대입구)","13360","10304","20220430",""
"20220427","6호선","봉화산(서울의료원)","9462","8816","20220430",""
"20220427","7호선","장암","2378","901","20220430",""
"20220427","7호선","도봉산","10258","11678","20220430",""
"20220427","7호선","수락산","13361","13134","20220430",""
"20220427","7호선","마들","13645","12727","20220430",""
"20220427","7호선","노원","19704","20833","20220430",""
"20220427","7호선","중계","15650","14272","20220430",""
"20220427","7호선","하계","20053","18877","20220430",""
"20220427","7호선","공릉(서울과학기술대)","13641","13546","20220430",""
"20220427","7호선","태릉입구","9558","9015","20220430",""
"20220427","7호선","먹골","10612","10238","20220430",""
"20220427","7호선","중화","11390","11123","20220430",""
"20220427","7호선","상봉(시외버스터미널)","17694","16476","20220430",""
"20220427","7호선","면목","17303","16538","20220430",""
"20220427","7호선","사가정","16991","16954","20220430",""
"20220427","7호선","용마산(용마폭포공원)","6475","6237","20220430",""
"20220427","7호선","중곡","11458","10575","20220430",""
"20220427","7호선","군자(능동)","15735","12469","20220430",""
"20220427","7호선","어린이대공원(세종대)","16143","16366","20220430",""
"20220427","7호선","건대입구","13647","14532","20220430",""
"20220427","7호선","뚝섬유원지","12703","12169","20220430",""
"20220427","7호선","청담","20446","23132","20220430",""
"20220427","7호선","강남구청","17228","19167","20220430",""
"20220427","7호선","학동","25584","27602","20220430",""
"20220427","7호선","논현","21279","23103","20220430",""
"20220427","7호선","반포","6130","6061","20220430",""
"20220427","7호선","고속터미널","15264","13593","20220430",""
"20220427","7호선","내방","15337","15905","20220430",""
"20220427","7호선","이수","16498","16244","20220430",""
"20220427","7호선","남성","11815","10780","20220430",""
"20220427","7호선","숭실대입구(살피재)","15739","15768","20220430",""
"20220427","7호선","상도","12198","11942","20220430",""
"20220427","7호선","장승배기","9428","9276","20220430",""
"20220427","7호선","신대방삼거리","17896","16879","20220430",""
"20220427","7호선","보라매","10514","10527","20220430",""
"20220427","7호선","신풍","12222","11828","20220430",""
"20220427","7호선","대림(구로구청)","7830","7876","20220430",""
"20220427","7호선","남구로","16254","17325","20220430",""
"20220427","7호선","가산디지털단지","47189","47901","20220430",""
"20220427","7호선","철산","22199","22587","20220430",""
"20220427","7호선","광명사거리","22987","22532","20220430",""
"20220427","7호선","천왕","12265","11546","20220430",""
"20220427","7호선","온수(성공회대입구)","11628","11096","20220430",""
"20220427","7호선","부천시청","2","0","20220430",""
"20220427","8호선","암사","19922","17276","20220430",""
"20220427","8호선","천호(풍납토성)","15114","17440","20220430",""
"20220427","8호선","강동구청","10934","11272","20220430",""
"20220427","8호선","몽촌토성(평화의문)","6807","6786","20220430",""
"20220427","8호선","잠실(송파구청)","13821","17007","20220430",""
"20220427","8호선","석촌","7932","9324","20220430",""
"20220427","8호선","송파","8656","8447","20220430",""
"20220427","8호선","가락시장","8198","9061","20220430",""
"20220427","8호선","문정","23162","24445","20220430",""
"20220427","8호선","장지","18515","17679","20220430",""
"20220427","8호선","복정","10687","8841","20220430",""
"20220427","8호선","산성","6026","6001","20220430",""
"20220427","8호선","남한산성입구(성남법원.검찰청)","16391","15124","20220430",""
"20220427","8호선","단대오거리","11901","11221","20220430",""
"20220427","8호선","신흥","4372","4837","20220430",""
"20220427","8호선","수진","5721","5132","20220430",""
"20220427","8호선","모란","4713","3734","20220430",""
"20220427","8호선","남위례","5328","5551","20220430",""
"20220427","9호선","개화","2742","2040","20220430",""
"20220427","9호선","김포공항","7058","11349","20220430",""
"20220427","9호선","공항시장","3228","3364","20220430",""
"20220427","9호선","신방화","7320","6812","20220430",""
"20220427","9호선","마곡나루(서울식물원)","13068","13046","20220430",""
"20220427","9호선","양천향교","10477","10587","20220430",""
"20220427","9호선","가양","21900","21389","20220430",""
"20220427","9호선","증미","7662","7338","20220430",""
"20220427","9호선","등촌","11922","11236","20220430",""
"20220427","9호선","염창","18398","17881","20220430",""
"20220427","9호선","신목동","4529","3889","20220430",""
"20220427","9호선","선유도","9476","8934","20220430",""
"20220427","9호선","당산","19827","19634","20220430",""
"20220427","9호선","국회의사당","18048","18369","20220430",""
"20220427","9호선","여의도","29456","28899","20220430",""
"20220427","9호선","샛강","6332","6640","20220430",""
"20220427","9호선","노량진","27613","26730","20220430",""
"20220427","9호선","노들","4853","4045","20220430",""
"20220427","9호선","흑석(중앙대입구)","9916","9959","20220430",""
"20220427","9호선","동작(현충원)","2127","1735","20220430",""
"20220427","9호선","구반포","1443","1488","20220430",""
"20220427","9호선","신반포","3915","3895","20220430",""
"20220427","9호선","고속터미널","12904","15895","20220430",""
"20220427","9호선","사평","3863","3767","20220430",""
"20220427","9호선","신논현","32503","32201","20220430",""
"20220427","9호선2~3단계","언주","10791","11147","20220430",""
"20220427","9호선2~3단계","선정릉","10471","11563","20220430",""
"20220427","9호선2~3단계","삼성중앙","7254","7593","20220430",""
"20220427","9호선2~3단계","봉은사","17090","18048","20220430",""
"20220427","9호선2~3단계","종합운동장","4316","4435","20220430",""
"20220427","9호선2~3단계","삼전","7109","6729","20220430",""
"20220427","9호선2~3단계","석촌고분","6260","6058","20220430",""
"20220427","9호선2~3단계","석촌","9028","7964","20220430",""
"20220427","9호선2~3단계","송파나루","5205","5500","20220430",""
"20220427","9호선2~3단계","한성백제","2771","2456","20220430",""
"20220427","9호선2~3단계","올림픽공원(한국체대)","6408","6488","20220430",""
"20220427","9호선2~3단계","둔촌오륜","1260","1094","20220430",""
"20220427","9호선2~3단계","중앙보훈병원","11563","10258","20220430",""
"20220427","경강선","판교","4985","4958","20220430",""
"20220427","경강선","이매","1197","1036","20220430",""
"20220427","경강선","삼동","2589","2323","20220430",""
"20220427","경강선","경기광주","8220","7674","20220430",""
"20220427","경강선","초월","3427","3266","20220430",""
"20220427","경강선","곤지암","2569","2474","20220430",""
"20220427","경강선","신둔도예촌","1539","1447","20220430",""
"20220427","경강선","이천","2546","2768","20220430",""
"20220427","경강선","부발","2149","2100","20220430",""
"20220427","경강선","세종대왕릉","335","360","20220430",""
"20220427","경강선","여주","2783","2682","20220430",""
"20220427","경부선","서울역","5603","1890","20220430",""
"20220427","경부선","남영","10261","10867","20220430",""
"20220427","경부선","용산","32397","32845","20220430",""
"20220427","경부선","노량진","8778","9007","20220430",""
"20220427","경부선","대방","13986","14130","20220430",""
"20220427","경부선","영등포","37942","39421","20220430",""
"20220427","경부선","신도림","4359","4459","20220430",""
"20220427","경부선","신길","9821","7321","20220430",""
"20220427","경부선","구로","19790","20381","20220430",""
"20220427","경부선","가산디지털단지","19594","22545","20220430",""
"20220427","경부선","금천구청","12723","12647","20220430",""
"20220427","경부선","석수","10619","9363","20220430",""
"20220427","경부선","관악","8111","7401","20220430",""
"20220427","경부선","안양","29028","28343","20220430",""
"20220427","경부선","명학","11339","11048","20220430",""
"20220427","경부선","금정","28980","29047","20220430",""
"20220427","경부선","군포","8328","8220","20220430",""
"20220427","경부선","의왕","10265","10279","20220430",""
"20220427","경부선","성균관대","16670","16410","20220430",""
"20220427","경부선","화서","9143","8665","20220430",""
"20220427","경부선","수원","37455","40328","20220430",""
"20220427","경부선","독산","19864","20506","20220430",""
"20220427","경부선","세류","3304","2933","20220430",""
"20220427","경부선","병점","17533","17586","20220430",""
"20220427","경부선","세마","3256","3058","20220430",""
"20220427","경부선","오산대","4743","4358","20220430",""
"20220427","경부선","오산","10906","10608","20220430",""
"20220427","경부선","진위","1912","1660","20220430",""
"20220427","경부선","송탄","4596","4386","20220430",""
"20220427","경부선","서정리","8245","7781","20220430",""
"20220427","경부선","평택지제","3668","3594","20220430",""
"20220427","경부선","평택","13534","13743","20220430",""
"20220427","경부선","성환","7338","7000","20220430",""
"20220427","경부선","직산","910","937","20220430",""
"20220427","경부선","두정","8344","8935","20220430",""
"20220427","경부선","천안","7210","6748","20220430",""
"20220427","경부선","당정","7703","7226","20220430",""
"20220427","경부선","서동탄","1503","1385","20220430",""
"20220427","경부선","광명","3413","2878","20220430",""
"20220427","경원선","이촌(국립중앙박물관)","4036","3099","20220430",""
"20220427","경원선","서빙고","2211","2001","20220430",""
"20220427","경원선","한남","4294","4028","20220430",""
"20220427","경원선","옥수","58","37","20220430",""
"20220427","경원선","응봉","2070","1762","20220430",""
"20220427","경원선","왕십리(성동구청)","15122","16327","20220430",""
"20220427","경원선","청량리(서울시립대입구)","15182","16163","20220430",""
"20220427","경원선","외대앞","8888","8874","20220430",""
"20220427","경원선","신이문","9013","8237","20220430",""
"20220427","경원선","석계","8942","9898","20220430",""
"20220427","경원선","광운대","9815","9570","20220430",""
"20220427","경원선","월계","8887","8229","20220430",""
"20220427","경원선","녹천","5067","4239","20220430",""
"20220427","경원선","방학","10347","10187","20220430",""
"20220427","경원선","도봉","6533","6151","20220430",""
"20220427","경원선","도봉산","8584","5862","20220430",""
"20220427","경원선","망월사","10562","10739","20220430",""
"20220427","경원선","회룡","13747","13550","20220430",""
"20220427","경원선","의정부","19793","20385","20220430",""
"20220427","경원선","가능","7414","7227","20220430",""
"20220427","경원선","녹양","5025","4672","20220430",""
"20220427","경원선","양주","8686","8155","20220430",""
"20220427","경원선","덕계","3668","3242","20220430",""
"20220427","경원선","덕정","7125","6740","20220430",""
"20220427","경원선","지행","7336","7426","20220430",""
"20220427","경원선","동두천중앙","3442","3321","20220430",""
"20220427","경원선","보산","1655","1516","20220430",""
"20220427","경원선","동두천","2933","3252","20220430",""
"20220427","경원선","소요산","3098","2602","20220430",""
"20220427","경의선","서울역","4759","6189","20220430",""
"20220427","경의선","신촌","989","1222","20220430",""
"20220427","경의선","효창공원앞","3315","3687","20220430",""
"20220427","경의선","공덕","3833","3424","20220430",""
"20220427","경의선","서강대","2300","2237","20220430",""
"20220427","경의선","홍대입구","1810","2090","20220430",""
"20220427","경의선","가좌","6109","5757","20220430",""
"20220427","경의선","디지털미디어시티","2835","2537","20220430",""
"20220427","경의선","수색","3068","3281","20220430",""
"20220427","경의선","화전","3812","3574","20220430",""
"20220427","경의선","강매","3625","3106","20220430",""
"20220427","경의선","행신","8461","8492","20220430",""
"20220427","경의선","능곡","4291","3929","20220430",""
"20220427","경의선","곡산","690","750","20220430",""
"20220427","경의선","백마","7624","7366","20220430",""
"20220427","경의선","풍산","5853","5418","20220430",""
"20220427","경의선","일산","10426","10424","20220430",""
"20220427","경의선","탄현","8581","8037","20220430",""
"20220427","경의선","야당","8309","8492","20220430",""
"20220427","경의선","운정","7598","7151","20220430",""
"20220427","경의선","금릉","5410","5212","20220430",""
"20220427","경의선","금촌","6865","6754","20220430",""
"20220427","경의선","월롱","3455","3088","20220430",""
"20220427","경의선","파주","1708","1247","20220430",""
"20220427","경의선","문산","5598","5498","20220430",""
"20220427","경의선","임진강","16","13","20220430",""
"20220427","경인선","개봉","23007","22463","20220430",""
"20220427","경인선","오류동","12765","11759","20220430",""
"20220427","경인선","역곡","30581","30013","20220430",""
"20220427","경인선","부천","35039","34935","20220430",""
"20220427","경인선","송내","29391","29416","20220430",""
"20220427","경인선","부평","29880","32025","20220430",""
"20220427","경인선","백운","7454","7256","20220430",""
"20220427","경인선","동암","15606","15619","20220430",""
"20220427","경인선","주안","21305","19457","20220430",""
"20220427","경인선","제물포","12559","11649","20220430",""
"20220427","경인선","동인천","15190","14557","20220430",""
"20220427","경인선","인천","4041","3031","20220430",""
"20220427","경인선","구일","8215","8094","20220430",""
"20220427","경인선","소사","9726","9286","20220430",""
"20220427","경인선","부개","9220","8572","20220430",""
"20220427","경인선","간석","6455","5694","20220430",""
"20220427","경인선","도원","3921","3954","20220430",""
"20220427","경인선","온수(성공회대입구)","8045","7609","20220430",""
"20220427","경인선","중동","10228","9547","20220430",""
"20220427","경인선","도화","4531","4106","20220430",""
"20220427","경춘선","신내","2496","2400","20220430",""
"20220427","경춘선","갈매","3425","2931","20220430",""
"20220427","경춘선","별내","3470","3183","20220430",""
"20220427","경춘선","퇴계원","3955","3637","20220430",""
"20220427","경춘선","사릉","2871","2829","20220430",""
"20220427","경춘선","금곡","1729","1679","20220430",""
"20220427","경춘선","평내호평","7033","6830","20220430",""
"20220427","경춘선","천마산","1923","1823","20220430",""
"20220427","경춘선","마석","4422","4375","20220430",""
"20220427","경춘선","대성리","640","572","20220430",""
"20220427","경춘선","청평","1863","1854","20220430",""
"20220427","경춘선","상천","430","421","20220430",""
"20220427","경춘선","가평","1843","1871","20220430",""
"20220427","경춘선","굴봉산","245","252","20220430",""
"20220427","경춘선","백양리","175","174","20220430",""
"20220427","경춘선","강촌","752","721","20220430",""
"20220427","경춘선","김유정","420","462","20220430",""
"20220427","경춘선","남춘천","3518","3448","20220430",""
"20220427","경춘선","춘천","1728","1500","20220430",""
"20220427","공항철도 1호선","서울역","7901","7244","20220430",""
"20220427","공항철도 1호선","공덕","2426","3223","20220430",""
"20220427","공항철도 1호선","홍대입구","9870","9868","20220430",""
"20220427","공항철도 1호선","디지털미디어시티","15071","14225","20220430",""
"20220427","공항철도 1호선","마곡나루(서울식물원)","10248","9939","20220430",""
"20220427","공항철도 1호선","김포공항","11518","6860","20220430",""
"20220427","공항철도 1호선","계양","11318","10597","20220430",""
"20220427","공항철도 1호선","검암","7034","7056","20220430",""
"20220427","공항철도 1호선","청라국제도시","7569","7076","20220430",""
"20220427","공항철도 1호선","운서","7304","7276","20220430",""
"20220427","공항철도 1호선","공항화물청사","2353","2538","20220430",""
"20220427","공항철도 1호선","인천공항1터미널","5242","5206","20220430",""
"20220427","공항철도 1호선","인천공항2터미널","2730","2454","20220430",""
"20220427","공항철도 1호선","영종","3363","3445","20220430",""
"20220427","과천선","선바위","9121","8122","20220430",""
"20220427","과천선","경마공원","1763","1782","20220430",""
"20220427","과천선","대공원","4025","4265","20220430",""
"20220427","과천선","과천","6949","6344","20220430",""
"20220427","과천선","정부과천청사","11456","11122","20220430",""
"20220427","과천선","인덕원","26381","27148","20220430",""
"20220427","과천선","평촌","19143","18535","20220430",""
"20220427","과천선","범계","28086","28500","20220430",""
"20220427","분당선","선릉","14094","21892","20220430",""
"20220427","분당선","한티","14723","15622","20220430",""
"20220427","분당선","도곡","7285","7176","20220430",""
"20220427","분당선","구룡","2538","2438","20220430",""
"20220427","분당선","개포동","4335","4407","20220430",""
"20220427","분당선","대모산입구","4808","4424","20220430",""
"20220427","분당선","수서","14015","14468","20220430",""
"20220427","분당선","복정","1","0","20220430",""
"20220427","분당선","수원","8740","7260","20220430",""
"20220427","분당선","서울숲","12736","13183","20220430",""
"20220427","분당선","압구정로데오","19318","21702","20220430",""
"20220427","분당선","강남구청","10779","12473","20220430",""
"20220427","분당선","선정릉","8631","9238","20220430",""
"20220427","분당선","가천대","13155","13939","20220430",""
"20220427","분당선","태평","13994","13368","20220430",""
"20220427","분당선","모란","21075","21511","20220430",""
"20220427","분당선","야탑","27882","29203","20220430",""
"20220427","분당선","서현","25185","25779","20220430",""
"20220427","분당선","수내","13958","13929","20220430",""
"20220427","분당선","정자","18470","19808","20220430",""
"20220427","분당선","미금","16603","17807","20220430",""
"20220427","분당선","오리","12604","10254","20220430",""
"20220427","분당선","이매","6162","5763","20220430",""
"20220427","분당선","보정","2752","2409","20220430",""
"20220427","분당선","죽전","15067","16523","20220430",""
"20220427","분당선","구성","5453","5735","20220430",""
"20220427","분당선","신갈","4714","4681","20220430",""
"20220427","분당선","기흥","11037","10122","20220430",""
"20220427","분당선","상갈","5863","5790","20220430",""
"20220427","분당선","청명","4591","4492","20220430",""
"20220427","분당선","영통","8543","8545","20220430",""
"20220427","분당선","망포","15245","14588","20220430",""
"20220427","분당선","매탄권선","5492","5361","20220430",""
"20220427","분당선","수원시청","13238","14166","20220430",""
"20220427","분당선","매교","3099","3055","20220430",""
"20220427","수인선","고색","5198","4966","20220430",""
"20220427","수인선","오목천","4294","3883","20220430",""
"20220427","수인선","어천","814","853","20220430",""
"20220427","수인선","야목","459","357","20220430",""
"20220427","수인선","사리","5367","4658","20220430",""
"20220427","수인선","달월","120","74","20220430",""
"20220427","수인선","월곶","3187","2988","20220430",""
"20220427","수인선","소래포구","6388","6039","20220430",""
"20220427","수인선","인천논현","5987","6408","20220430",""
"20220427","수인선","호구포","4289","4505","20220430",""
"20220427","수인선","남동인더스파크","2405","2622","20220430",""
"20220427","수인선","원인재","4774","4988","20220430",""
"20220427","수인선","연수","4988","4993","20220430",""
"20220427","수인선","송도","2759","2545","20220430",""
"20220427","수인선","인하대","8015","7603","20220430",""
"20220427","수인선","숭의","4402","4115","20220430",""
"20220427","수인선","신포","2150","2141","20220430",""
"20220427","수인선","인천","1156","2066","20220430",""
"20220427","안산선","산본","17582","18730","20220430",""
"20220427","안산선","대야미","5704","5022","20220430",""
"20220427","안산선","반월","4711","4518","20220430",""
"20220427","안산선","상록수","17529","17749","20220430",""
"20220427","안산선","한대앞","10902","10912","20220430",""
"20220427","안산선","중앙","19470","20537","20220430",""
"20220427","안산선","고잔","9740","9200","20220430",""
"20220427","안산선","초지","5568","5932","20220430",""
"20220427","안산선","안산","11932","10894","20220430",""
"20220427","안산선","신길온천","1939","1773","20220430",""
"20220427","안산선","정왕","10703","11009","20220430",""
"20220427","안산선","오이도","9418","9254","20220430",""
"20220427","안산선","수리산","6107","5616","20220430",""
"20220427","우이신설선","북한산우이","3064","2735","20220430",""
"20220427","우이신설선","솔밭공원","2649","2502","20220430",""
"20220427","우이신설선","4.19민주묘지","4117","3979","20220430",""
"20220427","우이신설선","가오리","4486","4387","20220430",""
"20220427","우이신설선","화계","3648","3290","20220430",""
"20220427","우이신설선","삼양","2145","2296","20220430",""
"20220427","우이신설선","삼양사거리","2612","2608","20220430",""
"20220427","우이신설선","솔샘","6327","5878","20220430",""
"20220427","우이신설선","북한산보국문","6454","6030","20220430",""
"20220427","우이신설선","정릉","5071","4558","20220430",""
"20220427","우이신설선","성신여대입구(돈암)","3504","3868","20220430",""
"20220427","우이신설선","보문","1635","1624","20220430",""
"20220427","우이신설선","신설동","2304","2223","20220430",""
"20220427","일산선","원흥","11693","11232","20220430",""
"20220427","일산선","지축","1","0","20220430",""
"20220427","일산선","삼송","21378","20479","20220430",""
"20220427","일산선","원당","12041","11175","20220430",""
"20220427","일산선","화정","18205","18543","20220430",""
"20220427","일산선","대곡","2305","1911","20220430",""
"20220427","일산선","백석","10041","9891","20220430",""
"20220427","일산선","마두","8271","8314","20220430",""
"20220427","일산선","정발산","8249","8356","20220430",""
"20220427","일산선","주엽","9584","9721","20220430",""
"20220427","일산선","대화","13421","10480","20220430",""
"20220427","장항선","봉명","1391","1321","20220430",""
"20220427","장항선","쌍용(나사렛대)","3270","3019","20220430",""
"20220427","장항선","아산","3973","3496","20220430",""
"20220427","장항선","탕정","887","772","20220430",""
"20220427","장항선","배방","1265","1226","20220430",""
"20220427","장항선","온양온천","3818","3981","20220430",""
"20220427","장항선","신창(순천향대)","3088","3004","20220430",""
"20220427","중앙선","회기","27527","26326","20220430",""
"20220427","중앙선","중랑","6016","5657","20220430",""
"20220427","중앙선","상봉(시외버스터미널)","6146","6017","20220430",""
"20220427","중앙선","망우","8200","8040","20220430",""
"20220427","중앙선","양원","3352","3133","20220430",""
"20220427","중앙선","구리","14422","14502","20220430",""
"20220427","중앙선","도농","11651","10488","20220430",""
"20220427","중앙선","양정","815","721","20220430",""
"20220427","중앙선","덕소","5945","6133","20220430",""
"20220427","중앙선","도심","2773","2090","20220430",""
"20220427","중앙선","팔당","1016","1041","20220430",""
"20220427","중앙선","운길산","1011","942","20220430",""
"20220427","중앙선","양수","2186","2199","20220430",""
"20220427","중앙선","신원","285","229","20220430",""
"20220427","중앙선","국수","913","881","20220430",""
"20220427","중앙선","아신","601","592","20220430",""
"20220427","중앙선","오빈","374","385","20220430",""
"20220428","9호선","구반포","1344","1478","20220501",""
"20220428","9호선","염창","18353","17608","20220501",""
"20220428","분당선","복정","1","0","20220501",""
"20220428","1호선","서울역","46191","44495","20220501",""
"20220428","1호선","시청","24057","24502","20220501",""
"20220428","1호선","종각","36749","36231","20220501",""
"20220428","1호선","종로3가","26841","24207","20220501",""
"20220428","1호선","종로5가","24233","24246","20220501",""
"20220428","1호선","동대문","11548","10870","20220501",""
"20220428","1호선","신설동","14533","14189","20220501",""
"20220428","1호선","제기동","17976","18384","20220501",""
"20220428","1호선","청량리(서울시립대입구)","21378","20922","20220501",""
"20220428","1호선","동묘앞","8411","8911","20220501",""
"20220428","2호선","시청","24660","24484","20220501",""
"20220428","2호선","을지로입구","40765","42893","20220501",""
"20220428","2호선","을지로3가","24252","24526","20220501",""
"20220428","2호선","을지로4가","13589","13877","20220501",""
"20220428","2호선","동대문역사문화공원(DDP)","12209","13843","20220501",""
"20220428","2호선","신당","14877","15264","20220501",""
"20220428","2호선","상왕십리","15240","14626","20220501",""
"20220428","2호선","왕십리(성동구청)","18220","14366","20220501",""
"20220428","2호선","한양대","14866","16588","20220501",""
"20220428","2호선","뚝섬","23984","25780","20220501",""
"20220428","2호선","성수","39702","44487","20220501",""
"20220428","2호선","건대입구","38524","41184","20220501",""
"20220428","2호선","구의(광진구청)","24917","24282","20220501",""
"20220428","2호선","강변(동서울터미널)","31867","29237","20220501",""
"20220428","2호선","잠실나루","15540","15102","20220501",""
"20220428","2호선","잠실(송파구청)","73908","73750","20220501",""
"20220428","2호선","잠실새내","22343","22137","20220501",""
"20220428","2호선","종합운동장","9984","11024","20220501",""
"20220428","2호선","삼성(무역센터)","53481","55181","20220501",""
"20220428","2호선","선릉","59741","53553","20220501",""
"20220428","2호선","역삼","53646","61967","20220501",""
"20220428","2호선","강남","86507","86984","20220501",""
"20220428","2호선","교대(법원.검찰청)","36441","41069","20220501",""
"20220428","2호선","서초","22637","22157","20220501",""
"20220428","2호선","방배","20346","21209","20220501",""
"20220428","2호선","사당","40336","44412","20220501",""
"20220428","2호선","낙성대(강감찬)","28365","27592","20220501",""
"20220428","5호선","김포공항","7604","7317","20220501",""
"20220428","2호선","서울대입구(관악구청)","50325","49186","20220501",""
"20220428","2호선","봉천","25054","22845","20220501",""
"20220428","2호선","신림","65915","63203","20220501",""
"20220428","2호선","신대방","28167","27287","20220501",""
"20220428","2호선","구로디지털단지","61709","61722","20220501",""
"20220428","2호선","대림(구로구청)","24789","25018","20220501",""
"20220428","2호선","신도림","50180","50007","20220501",""
"20220428","2호선","문래","23399","23971","20220501",""
"20220428","2호선","영등포구청","23381","24260","20220501",""
"20220428","2호선","당산","20455","23427","20220501",""
"20220428","2호선","합정","31853","34159","20220501",""
"20220428","2호선","홍대입구","57427","61400","20220501",""
"20220428","2호선","신촌","34320","35003","20220501",""
"20220428","2호선","이대","14729","15363","20220501",""
"20220428","2호선","아현","11333","10637","20220501",""
"20220428","2호선","충정로(경기대입구)","10421","11257","20220501",""
"20220428","2호선","용답","3344","3403","20220501",""
"20220428","2호선","신답","1738","1917","20220501",""
"20220428","2호선","신설동","3354","3319","20220501",""
"20220428","2호선","도림천","1403","1490","20220501",""
"20220428","2호선","양천구청","7281","7501","20220501",""
"20220428","2호선","신정네거리","11038","11200","20220501",""
"20220428","2호선","용두(동대문구청)","2470","2488","20220501",""
"20220428","3호선","지축","5492","5062","20220501",""
"20220428","3호선","구파발","21889","21104","20220501",""
"20220428","3호선","연신내","38120","36009","20220501",""
"20220428","3호선","불광","16994","17999","20220501",""
"20220428","3호선","녹번","16713","14978","20220501",""
"20220428","3호선","홍제","18910","17974","20220501",""
"20220428","3호선","무악재","4185","4223","20220501",""
"20220428","3호선","독립문","7256","7657","20220501",""
"20220428","3호선","경복궁(정부서울청사)","23773","23626","20220501",""
"20220428","3호선","안국","23192","24179","20220501",""
"20220428","3호선","종로3가","10260","12030","20220501",""
"20220428","3호선","을지로3가","11058","11633","20220501",""
"20220428","3호선","충무로","1","0","20220501",""
"20220428","3호선","동대입구","9700","10670","20220501",""
"20220428","3호선","약수","13685","13313","20220501",""
"20220428","3호선","금호","8293","7726","20220501",""
"20220428","3호선","옥수","9589","9736","20220501",""
"20220428","3호선","압구정","32496","34949","20220501",""
"20220428","3호선","신사","31659","33532","20220501",""
"20220428","3호선","잠원","5224","5144","20220501",""
"20220428","3호선","고속터미널","42286","40000","20220501",""
"20220428","3호선","교대(법원.검찰청)","15965","10442","20220501",""
"20220428","3호선","남부터미널(예술의전당)","30691","31095","20220501",""
"20220428","3호선","양재(서초구청)","41081","45320","20220501",""
"20220428","3호선","매봉","13262","12914","20220501",""
"20220428","3호선","도곡","5786","5838","20220501",""
"20220428","3호선","대치","11123","11080","20220501",""
"20220428","3호선","학여울","3529","3663","20220501",""
"20220428","3호선","대청","10765","9837","20220501",""
"20220428","3호선","일원","11222","10742","20220501",""
"20220428","3호선","수서","17900","18176","20220501",""
"20220428","3호선","가락시장","9453","9360","20220501",""
"20220428","3호선","경찰병원","7681","7711","20220501",""
"20220428","3호선","오금","6630","6090","20220501",""
"20220428","4호선","당고개","9731","8627","20220501",""
"20220428","4호선","상계","21289","19643","20220501",""
"20220428","4호선","노원","20223","22738","20220501",""
"20220428","4호선","창동","26804","28206","20220501",""
"20220428","4호선","쌍문","30715","28180","20220501",""
"20220428","4호선","수유(강북구청)","35386","35197","20220501",""
"20220428","4호선","미아(서울사이버대학)","15957","15330","20220501",""
"20220428","4호선","미아사거리","28463","27619","20220501",""
"20220428","4호선","길음","23129","22738","20220501",""
"20220428","4호선","성신여대입구(돈암)","21338","20114","20220501",""
"20220428","4호선","한성대입구(삼선교)","15390","15317","20220501",""
"20220428","4호선","혜화","35538","35899","20220501",""
"20220428","4호선","동대문","20691","21292","20220501",""
"20220428","4호선","동대문역사문화공원(DDP)","14497","13553","20220501",""
"20220428","4호선","충무로","30709","31548","20220501",""
"20220428","4호선","명동","20415","21356","20220501",""
"20220428","4호선","회현(남대문시장)","26743","28541","20220501",""
"20220428","4호선","서울역","12038","17891","20220501",""
"20220428","4호선","숙대입구(갈월)","15344","14875","20220501",""
"20220428","4호선","삼각지","5367","5985","20220501",""
"20220428","4호선","신용산","17328","18152","20220501",""
"20220428","4호선","이촌(국립중앙박물관)","8936","9879","20220501",""
"20220428","4호선","동작(현충원)","1623","1835","20220501",""
"20220428","4호선","총신대입구(이수)","20117","21639","20220501",""
"20220428","4호선","사당","27575","23168","20220501",""
"20220428","4호선","남태령","1370","1138","20220501",""
"20220428","5호선","방화","7170","6780","20220501",""
"20220428","5호선","개화산","6040","5712","20220501",""
"20220428","5호선","송정","6826","6356","20220501",""
"20220428","5호선","마곡","11151","11351","20220501",""
"20220428","5호선","발산","21443","22234","20220501",""
"20220428","5호선","우장산","15518","15230","20220501",""
"20220428","5호선","화곡","29838","27571","20220501",""
"20220428","5호선","까치산","30124","28468","20220501",""
"20220428","5호선","신정(은행정)","14701","11751","20220501",""
"20220428","5호선","목동","17805","18870","20220501",""
"20220428","5호선","오목교(목동운동장앞)","22175","23868","20220501",""
"20220428","5호선","양평","7785","7706","20220501",""
"20220428","5호선","영등포구청","4260","4457","20220501",""
"20220428","5호선","영등포시장","10487","10679","20220501",""
"20220428","5호선","신길","4432","4512","20220501",""
"20220428","5호선","여의도","30537","32411","20220501",""
"20220428","5호선","여의나루","16774","18060","20220501",""
"20220428","5호선","마포","15402","15758","20220501",""
"20220428","5호선","공덕","15193","16338","20220501",""
"20220428","5호선","애오개","7331","7338","20220501",""
"20220428","5호선","충정로(경기대입구)","5129","5344","20220501",""
"20220428","5호선","서대문","21211","21644","20220501",""
"20220428","5호선","광화문(세종문화회관)","31908","34211","20220501",""
"20220428","5호선","종로3가","13340","13259","20220501",""
"20220428","5호선","을지로4가","6515","6648","20220501",""
"20220428","5호선","동대문역사문화공원(DDP)","2916","3465","20220501",""
"20220428","5호선","청구","4218","3841","20220501",""
"20220428","5호선","신금호","7047","7257","20220501",""
"20220428","5호선","행당","8604","7507","20220501",""
"20220428","5호선","왕십리(성동구청)","4853","5494","20220501",""
"20220428","5호선","마장","6064","5764","20220501",""
"20220428","5호선","답십리","16671","15311","20220501",""
"20220428","5호선","장한평","19731","19254","20220501",""
"20220428","5호선","군자(능동)","11778","13158","20220501",""
"20220428","5호선","아차산(어린이대공원후문)","15892","15014","20220501",""
"20220428","5호선","광나루(장신대)","14662","13287","20220501",""
"20220428","5호선","천호(풍납토성)","18679","18891","20220501",""
"20220428","5호선","강동","19540","18785","20220501",""
"20220428","5호선","길동","8190","8456","20220501",""
"20220428","5호선","굽은다리(강동구민회관앞)","9993","9335","20220501",""
"20220428","5호선","명일","9335","9487","20220501",""
"20220428","5호선","고덕","10429","10322","20220501",""
"20220428","5호선","상일동","15826","14588","20220501",""
"20220428","5호선","둔촌동","8767","8686","20220501",""
"20220428","5호선","올림픽공원(한국체대)","4727","4058","20220501",""
"20220428","5호선","방이","7552","7791","20220501",""
"20220428","5호선","오금","4031","4087","20220501",""
"20220428","5호선","개롱","6956","7049","20220501",""
"20220428","5호선","거여","11082","10552","20220501",""
"20220428","5호선","마천","7796","7357","20220501",""
"20220428","5호선","강일","4605","4263","20220501",""
"20220428","5호선","미사","17005","16806","20220501",""
"20220428","5호선","하남풍산","4533","4381","20220501",""
"20220428","5호선","하남시청(덕풍·신장)","7255","7035","20220501",""
"20220428","5호선","하남검단산","6072","5801","20220501",""
"20220428","6호선","응암","18932","18404","20220501",""
"20220428","6호선","역촌","3824","4533","20220501",""
"20220428","6호선","불광","4410","4356","20220501",""
"20220428","6호선","독바위","2808","2956","20220501",""
"20220428","6호선","구산","8033","5802","20220501",""
"20220428","6호선","새절(신사)","14203","13089","20220501",""
"20220428","6호선","증산(명지대앞)","10704","10594","20220501",""
"20220428","6호선","디지털미디어시티","14865","16421","20220501",""
"20220428","6호선","월드컵경기장(성산)","4907","5191","20220501",""
"20220428","6호선","마포구청","14908","13249","20220501",""
"20220428","6호선","망원","14528","15561","20220501",""
"20220428","6호선","합정","13738","13555","20220501",""
"20220428","6호선","상수","9121","10514","20220501",""
"20220428","6호선","광흥창(서강)","9646","9271","20220501",""
"20220428","6호선","대흥(서강대앞)","9271","9569","20220501",""
"20220428","6호선","공덕","19525","19041","20220501",""
"20220428","6호선","효창공원앞","7732","7200","20220501",""
"20220428","6호선","삼각지","7026","6144","20220501",""
"20220428","6호선","녹사평(용산구청)","5270","5069","20220501",""
"20220428","6호선","이태원","10941","11852","20220501",""
"20220428","6호선","한강진","8160","9703","20220501",""
"20220428","6호선","버티고개","2266","2281","20220501",""
"20220428","6호선","약수","3695","3748","20220501",""
"20220428","6호선","청구","3815","4144","20220501",""
"20220428","6호선","신당","8804","9043","20220501",""
"20220428","6호선","동묘앞","8164","8414","20220501",""
"20220428","6호선","창신","3926","3233","20220501",""
"20220428","6호선","보문","7831","7077","20220501",""
"20220428","6호선","안암(고대병원앞)","14108","13830","20220501",""
"20220428","6호선","고려대(종암)","9294","9077","20220501",""
"20220428","6호선","월곡(동덕여대)","13071","12619","20220501",""
"20220428","6호선","상월곡(한국과학기술연구원)","6893","6367","20220501",""
"20220428","6호선","돌곶이","9948","9048","20220501",""
"20220428","6호선","석계","13406","13781","20220501",""
"20220428","6호선","태릉입구","6009","6745","20220501",""
"20220428","6호선","화랑대(서울여대입구)","13433","10421","20220501",""
"20220428","6호선","봉화산(서울의료원)","9583","8998","20220501",""
"20220428","6호선","신내","1","0","20220501",""
"20220428","7호선","장암","2399","921","20220501",""
"20220428","7호선","도봉산","10113","11775","20220501",""
"20220428","7호선","수락산","13420","13007","20220501",""
"20220428","7호선","마들","13571","12684","20220501",""
"20220428","7호선","노원","19626","20852","20220501",""
"20220428","7호선","중계","15843","14436","20220501",""
"20220428","7호선","하계","19199","18071","20220501",""
"20220428","7호선","공릉(서울과학기술대)","13791","13392","20220501",""
"20220428","7호선","태릉입구","9727","9214","20220501",""
"20220428","7호선","먹골","10821","10317","20220501",""
"20220428","7호선","중화","11526","11114","20220501",""
"20220428","7호선","상봉(시외버스터미널)","17832","16511","20220501",""
"20220428","7호선","면목","17157","16437","20220501",""
"20220428","7호선","사가정","17152","17105","20220501",""
"20220428","7호선","용마산(용마폭포공원)","6470","6162","20220501",""
"20220428","7호선","중곡","11647","10774","20220501",""
"20220428","7호선","군자(능동)","15940","12564","20220501",""
"20220428","7호선","어린이대공원(세종대)","16749","16982","20220501",""
"20220428","7호선","건대입구","13584","14529","20220501",""
"20220428","7호선","뚝섬유원지","12744","12242","20220501",""
"20220428","7호선","청담","20252","23031","20220501",""
"20220428","7호선","강남구청","16981","18993","20220501",""
"20220428","7호선","학동","24872","26901","20220501",""
"20220428","7호선","논현","21407","23575","20220501",""
"20220428","7호선","반포","6252","6114","20220501",""
"20220428","7호선","고속터미널","16068","13591","20220501",""
"20220428","7호선","내방","15353","15739","20220501",""
"20220428","7호선","이수","16284","15898","20220501",""
"20220428","7호선","남성","11917","10817","20220501",""
"20220428","7호선","숭실대입구(살피재)","15720","15846","20220501",""
"20220428","7호선","상도","12104","11628","20220501",""
"20220428","7호선","장승배기","9362","9020","20220501",""
"20220428","7호선","신대방삼거리","17768","16784","20220501",""
"20220428","7호선","보라매","10632","10705","20220501",""
"20220428","7호선","신풍","12431","11816","20220501",""
"20220428","7호선","대림(구로구청)","7651","7692","20220501",""
"20220428","7호선","남구로","15949","17284","20220501",""
"20220428","7호선","가산디지털단지","46675","47429","20220501",""
"20220428","7호선","철산","22411","22589","20220501",""
"20220428","7호선","광명사거리","22754","22258","20220501",""
"20220428","7호선","천왕","12206","11557","20220501",""
"20220428","7호선","온수(성공회대입구)","11664","11123","20220501",""
"20220428","8호선","암사","19937","17346","20220501",""
"20220428","8호선","천호(풍납토성)","15136","17411","20220501",""
"20220428","8호선","강동구청","10848","11321","20220501",""
"20220428","8호선","몽촌토성(평화의문)","6642","6718","20220501",""
"20220428","8호선","잠실(송파구청)","14173","17223","20220501",""
"20220428","8호선","석촌","8142","9260","20220501",""
"20220428","8호선","송파","8717","8453","20220501",""
"20220428","8호선","가락시장","8126","8994","20220501",""
"20220428","8호선","문정","22905","24363","20220501",""
"20220428","8호선","장지","18247","17344","20220501",""
"20220428","8호선","복정","10786","9008","20220501",""
"20220428","8호선","산성","5886","5940","20220501",""
"20220428","8호선","남한산성입구(성남법원.검찰청)","16325","14976","20220501",""
"20220428","8호선","단대오거리","11909","11098","20220501",""
"20220428","8호선","신흥","4377","4676","20220501",""
"20220428","8호선","수진","5659","5208","20220501",""
"20220428","8호선","모란","4671","3733","20220501",""
"20220428","8호선","남위례","5523","5677","20220501",""
"20220428","9호선","개화","2705","1880","20220501",""
"20220428","9호선","김포공항","7492","12108","20220501",""
"20220428","9호선","공항시장","3160","3387","20220501",""
"20220428","9호선","신방화","7133","6881","20220501",""
"20220428","9호선","마곡나루(서울식물원)","13086","12925","20220501",""
"20220428","9호선","양천향교","10330","10627","20220501",""
"20220428","9호선","가양","22086","21161","20220501",""
"20220428","9호선","증미","7689","7437","20220501",""
"20220428","9호선","등촌","11794","11208","20220501",""
"20220428","9호선","신목동","4742","4027","20220501",""
"20220428","9호선","선유도","9251","8912","20220501",""
"20220428","9호선","당산","19438","19551","20220501",""
"20220428","9호선","국회의사당","17123","17780","20220501",""
"20220428","9호선","여의도","29155","29097","20220501",""
"20220428","9호선","샛강","6446","6791","20220501",""
"20220428","9호선","노량진","27682","26655","20220501",""
"20220428","9호선","노들","4845","4010","20220501",""
"20220428","9호선","흑석(중앙대입구)","9586","9641","20220501",""
"20220428","9호선","동작(현충원)","2152","1772","20220501",""
"20220428","과천선","선바위","9115","8331","20220501",""
"20220428","9호선","신반포","3878","3837","20220501",""
"20220428","9호선","고속터미널","13323","16441","20220501",""
"20220428","9호선","사평","3850","3609","20220501",""
"20220428","9호선","신논현","33154","33409","20220501",""
"20220428","9호선2~3단계","언주","10660","11013","20220501",""
"20220428","9호선2~3단계","선정릉","10324","11506","20220501",""
"20220428","9호선2~3단계","삼성중앙","7291","7684","20220501",""
"20220428","9호선2~3단계","봉은사","17112","17729","20220501",""
"20220428","9호선2~3단계","종합운동장","4399","4564","20220501",""
"20220428","9호선2~3단계","삼전","7211","6794","20220501",""
"20220428","9호선2~3단계","석촌고분","6274","6104","20220501",""
"20220428","9호선2~3단계","석촌","9033","8082","20220501",""
"20220428","9호선2~3단계","송파나루","5051","5376","20220501",""
"20220428","9호선2~3단계","한성백제","2646","2392","20220501",""
"20220428","9호선2~3단계","올림픽공원(한국체대)","6481","6441","20220501",""
"20220428","9호선2~3단계","둔촌오륜","1250","1091","20220501",""
"20220428","9호선2~3단계","중앙보훈병원","11436","10034","20220501",""
"20220428","경강선","판교","5041","5058","20220501",""
"20220428","경강선","이매","1207","1062","20220501",""
"20220428","경강선","삼동","2543","2342","20220501",""
"20220428","경강선","경기광주","8383","7897","20220501",""
"20220428","경강선","초월","3453","3180","20220501",""
"20220428","경강선","곤지암","2510","2527","20220501",""
"20220428","경강선","신둔도예촌","1796","1637","20220501",""
"20220428","경강선","이천","2660","2825","20220501",""
"20220428","경강선","부발","2290","2188","20220501",""
"20220428","경강선","세종대왕릉","358","352","20220501",""
"20220428","경강선","여주","2782","2596","20220501",""
"20220428","경부선","서울역","6371","2084","20220501",""
"20220428","경부선","남영","10350","10993","20220501",""
"20220428","경부선","용산","33862","33990","20220501",""
"20220428","경부선","노량진","8679","8889","20220501",""
"20220428","경부선","대방","14174","14579","20220501",""
"20220428","경부선","영등포","38298","39593","20220501",""
"20220428","경부선","신도림","4429","4500","20220501",""
"20220428","경부선","신길","9621","7052","20220501",""
"20220428","경부선","구로","19285","20319","20220501",""
"20220428","경부선","가산디지털단지","19539","22771","20220501",""
"20220428","경부선","금천구청","13053","12937","20220501",""
"20220428","경부선","석수","10613","9554","20220501",""
"20220428","경부선","관악","8143","7420","20220501",""
"20220428","경부선","안양","28944","28445","20220501",""
"20220428","경부선","명학","11137","10955","20220501",""
"20220428","경부선","금정","28765","29423","20220501",""
"20220428","경부선","군포","8200","8142","20220501",""
"20220428","경부선","의왕","10391","10220","20220501",""
"20220428","경부선","성균관대","16935","16630","20220501",""
"20220428","경부선","화서","9233","8748","20220501",""
"20220428","경부선","수원","39415","41913","20220501",""
"20220428","경부선","독산","19893","20599","20220501",""
"20220428","경부선","세류","3229","2994","20220501",""
"20220428","경부선","병점","17655","17760","20220501",""
"20220428","경부선","세마","3177","3011","20220501",""
"20220428","경부선","오산대","4685","4267","20220501",""
"20220428","경부선","오산","10929","11180","20220501",""
"20220428","경부선","진위","1905","1751","20220501",""
"20220428","경부선","송탄","4598","4470","20220501",""
"20220428","경부선","서정리","7982","7381","20220501",""
"20220428","경부선","평택지제","3748","3632","20220501",""
"20220428","경부선","평택","13744","13741","20220501",""
"20220428","경부선","성환","7641","6939","20220501",""
"20220428","경부선","직산","914","844","20220501",""
"20220428","경부선","두정","8451","8478","20220501",""
"20220428","경부선","천안","7596","6876","20220501",""
"20220428","경부선","당정","7682","7289","20220501",""
"20220428","경부선","서동탄","1529","1391","20220501",""
"20220428","경부선","광명","3660","3148","20220501",""
"20220428","경원선","이촌(국립중앙박물관)","4100","3136","20220501",""
"20220428","경원선","서빙고","2218","2075","20220501",""
"20220428","경원선","한남","4244","4053","20220501",""
"20220428","경원선","옥수","57","53","20220501",""
"20220428","경원선","응봉","2128","1786","20220501",""
"20220428","경원선","왕십리(성동구청)","15300","16705","20220501",""
"20220428","경원선","청량리(서울시립대입구)","16031","16676","20220501",""
"20220428","경원선","외대앞","9243","9251","20220501",""
"20220428","경원선","신이문","8916","8158","20220501",""
"20220428","경원선","석계","9024","9910","20220501",""
"20220428","경원선","광운대","9617","9455","20220501",""
"20220428","경원선","월계","8823","8120","20220501",""
"20220428","경원선","녹천","5023","4221","20220501",""
"20220428","경원선","방학","10513","10245","20220501",""
"20220428","경원선","도봉","6368","6102","20220501",""
"20220428","경원선","도봉산","8608","5770","20220501",""
"20220428","경원선","망월사","10241","10344","20220501",""
"20220428","경원선","회룡","13508","13578","20220501",""
"20220428","경원선","의정부","19710","20314","20220501",""
"20220428","경원선","가능","7499","7080","20220501",""
"20220428","경원선","녹양","4971","4743","20220501",""
"20220428","경원선","양주","8646","8194","20220501",""
"20220428","경원선","덕계","3662","3201","20220501",""
"20220428","경원선","덕정","7233","6930","20220501",""
"20220428","경원선","지행","7360","7487","20220501",""
"20220428","경원선","동두천중앙","3480","3413","20220501",""
"20220428","경원선","보산","1703","1534","20220501",""
"20220428","경원선","동두천","3067","3471","20220501",""
"20220428","경원선","소요산","3204","2634","20220501",""
"20220428","경의선","서울역","4828","6227","20220501",""
"20220428","경의선","신촌","872","1242","20220501",""
"20220428","경의선","효창공원앞","3278","3638","20220501",""
"20220428","경의선","공덕","3859","3434","20220501",""
"20220428","경의선","서강대","2276","2266","20220501",""
"20220428","경의선","홍대입구","1856","2352","20220501",""
"20220428","경의선","가좌","6110","5787","20220501",""
"20220428","경의선","디지털미디어시티","2851","2697","20220501",""
"20220428","경의선","수색","3048","3260","20220501",""
"20220428","경의선","화전","3882","3581","20220501",""
"20220428","경의선","강매","3610","3159","20220501",""
"20220428","경의선","행신","8878","8898","20220501",""
"20220428","경의선","능곡","4263","4021","20220501",""
"20220428","경의선","곡산","734","775","20220501",""
"20220428","경의선","백마","8020","7687","20220501",""
"20220428","경의선","풍산","6224","5790","20220501",""
"20220428","경의선","일산","11759","11634","20220501",""
"20220428","경의선","탄현","8641","8215","20220501",""
"20220428","경의선","야당","8703","8685","20220501",""
"20220428","경의선","운정","7860","7370","20220501",""
"20220428","경의선","금릉","5462","5301","20220501",""
"20220428","경의선","금촌","6849","6833","20220501",""
"20220428","경의선","월롱","3298","2940","20220501",""
"20220428","경의선","파주","1797","1325","20220501",""
"20220428","경의선","문산","5416","5640","20220501",""
"20220428","경의선","임진강","18","15","20220501",""
"20220428","경인선","개봉","22961","22278","20220501",""
"20220428","경인선","오류동","12930","11717","20220501",""
"20220428","경인선","역곡","31061","30272","20220501",""
"20220428","경인선","부천","33392","33571","20220501",""
"20220428","경인선","송내","29572","29468","20220501",""
"20220428","경인선","부평","30049","32345","20220501",""
"20220428","경인선","백운","7593","7503","20220501",""
"20220428","경인선","동암","15413","15266","20220501",""
"20220428","경인선","주안","20895","18991","20220501",""
"20220428","경인선","제물포","12098","11395","20220501",""
"20220428","경인선","동인천","14932","14388","20220501",""
"20220428","경인선","인천","4183","3253","20220501",""
"20220428","경인선","구일","7900","7641","20220501",""
"20220428","경인선","소사","9394","9072","20220501",""
"20220428","경인선","부개","9156","8576","20220501",""
"20220428","경인선","간석","6431","5636","20220501",""
"20220428","경인선","도원","3572","3547","20220501",""
"20220428","경인선","온수(성공회대입구)","7819","7303","20220501",""
"20220428","경인선","중동","10155","9495","20220501",""
"20220428","경인선","도화","4562","4157","20220501",""
"20220428","경춘선","신내","2502","2326","20220501",""
"20220428","경춘선","갈매","3365","2963","20220501",""
"20220428","경춘선","별내","3496","3300","20220501",""
"20220428","경춘선","퇴계원","3945","3614","20220501",""
"20220428","경춘선","사릉","2925","2878","20220501",""
"20220428","경춘선","금곡","1801","1685","20220501",""
"20220428","경춘선","평내호평","7079","6949","20220501",""
"20220428","경춘선","천마산","1909","1746","20220501",""
"20220428","경춘선","마석","5035","5107","20220501",""
"20220428","경춘선","대성리","630","638","20220501",""
"20220428","경춘선","청평","1924","1859","20220501",""
"20220428","경춘선","상천","384","377","20220501",""
"20220428","경춘선","가평","1780","1882","20220501",""
"20220428","경춘선","굴봉산","221","224","20220501",""
"20220428","경춘선","백양리","132","145","20220501",""
"20220428","경춘선","강촌","723","635","20220501",""
"20220428","경춘선","김유정","403","471","20220501",""
"20220428","경춘선","남춘천","3054","2627","20220501",""
"20220428","경춘선","춘천","1937","1556","20220501",""
"20220428","공항철도 1호선","서울역","8749","7986","20220501",""
"20220428","공항철도 1호선","공덕","2515","3243","20220501",""
"20220428","공항철도 1호선","홍대입구","10264","10412","20220501",""
"20220428","공항철도 1호선","디지털미디어시티","15268","14353","20220501",""
"20220428","공항철도 1호선","마곡나루(서울식물원)","10293","10159","20220501",""
"20220428","공항철도 1호선","김포공항","12185","7013","20220501",""
"20220428","공항철도 1호선","계양","11618","10830","20220501",""
"20220428","공항철도 1호선","검암","7078","7073","20220501",""
"20220428","공항철도 1호선","청라국제도시","7481","7165","20220501",""
"20220428","공항철도 1호선","운서","7212","7491","20220501",""
"20220428","공항철도 1호선","공항화물청사","2360","2537","20220501",""
"20220428","공항철도 1호선","인천공항1터미널","5758","4918","20220501",""
"20220428","공항철도 1호선","인천공항2터미널","3191","2587","20220501",""
"20220428","공항철도 1호선","영종","3374","3415","20220501",""
"20220428","과천선","경마공원","1383","1388","20220501",""
"20220428","과천선","대공원","5327","5477","20220501",""
"20220428","과천선","과천","6929","6256","20220501",""
"20220428","과천선","정부과천청사","11648","11533","20220501",""
"20220428","과천선","인덕원","26227","26830","20220501",""
"20220428","과천선","평촌","19004","18697","20220501",""
"20220428","과천선","범계","27996","27770","20220501",""
"20220428","분당선","선릉","14117","21997","20220501",""
"20220428","분당선","한티","14872","15766","20220501",""
"20220428","분당선","도곡","7244","7219","20220501",""
"20220428","분당선","구룡","2550","2419","20220501",""
"20220428","분당선","개포동","4284","4421","20220501",""
"20220428","분당선","대모산입구","4956","4516","20220501",""
"20220428","분당선","수서","14482","14897","20220501",""
"20220428","분당선","수원","9113","7437","20220501",""
"20220428","분당선","서울숲","13325","13802","20220501",""
"20220428","분당선","압구정로데오","19937","22652","20220501",""
"20220428","분당선","강남구청","10530","12449","20220501",""
"20220428","분당선","선정릉","8624","9267","20220501",""
"20220428","분당선","가천대","13581","14291","20220501",""
"20220428","분당선","태평","14211","13509","20220501",""
"20220428","분당선","모란","21748","21797","20220501",""
"20220428","분당선","야탑","27726","28969","20220501",""
"20220428","분당선","서현","25752","26464","20220501",""
"20220428","분당선","수내","14296","14345","20220501",""
"20220428","분당선","정자","18764","19987","20220501",""
"20220428","분당선","미금","16463","17586","20220501",""
"20220428","분당선","오리","12549","10287","20220501",""
"20220428","분당선","이매","6422","5890","20220501",""
"20220428","분당선","보정","2876","2509","20220501",""
"20220428","분당선","죽전","15500","16878","20220501",""
"20220428","분당선","구성","5397","5803","20220501",""
"20220428","분당선","신갈","4839","4860","20220501",""
"20220428","분당선","기흥","11020","10134","20220501",""
"20220428","분당선","상갈","5876","5629","20220501",""
"20220428","분당선","청명","4648","4488","20220501",""
"20220428","분당선","영통","8627","8797","20220501",""
"20220428","분당선","망포","15576","14825","20220501",""
"20220428","분당선","매탄권선","5526","5388","20220501",""
"20220428","분당선","수원시청","13396","14245","20220501",""
"20220428","분당선","매교","3500","3460","20220501",""
"20220428","수인선","고색","5170","4914","20220501",""
"20220428","수인선","오목천","4305","3999","20220501",""
"20220428","수인선","어천","835","859","20220501",""
"20220428","수인선","야목","459","354","20220501",""
"20220428","수인선","사리","5465","4799","20220501",""
"20220428","수인선","달월","104","74","20220501",""
"20220428","수인선","월곶","3100","2833","20220501",""
"20220428","수인선","소래포구","6923","6569","20220501",""
"20220428","수인선","인천논현","5861","6377","20220501",""
"20220428","수인선","호구포","4300","4503","20220501",""
"20220428","수인선","남동인더스파크","2350","2618","20220501",""
"20220428","수인선","원인재","4767","5001","20220501",""
"20220428","수인선","연수","4999","4921","20220501",""
"20220428","수인선","송도","2716","2576","20220501",""
"20220428","수인선","인하대","8144","7760","20220501",""
"20220428","수인선","숭의","4292","4012","20220501",""
"20220428","수인선","신포","2033","2012","20220501",""
"20220428","수인선","인천","1144","1820","20220501",""
"20220428","안산선","산본","17459","18329","20220501",""
"20220428","안산선","대야미","5690","5035","20220501",""
"20220428","안산선","반월","4711","4531","20220501",""
"20220428","안산선","상록수","17678","17794","20220501",""
"20220428","안산선","한대앞","11484","11448","20220501",""
"20220428","안산선","중앙","20021","20883","20220501",""
"20220428","안산선","고잔","9707","9264","20220501",""
"20220428","안산선","초지","5559","6036","20220501",""
"20220428","안산선","안산","11907","10906","20220501",""
"20220428","안산선","신길온천","1943","1827","20220501",""
"20220428","안산선","정왕","10986","11168","20220501",""
"20220428","안산선","오이도","9419","9425","20220501",""
"20220428","안산선","수리산","6254","5859","20220501",""
"20220428","우이신설선","북한산우이","3070","2734","20220501",""
"20220428","우이신설선","솔밭공원","2705","2558","20220501",""
"20220428","우이신설선","4.19민주묘지","3693","3408","20220501",""
"20220428","우이신설선","가오리","4392","4310","20220501",""
"20220428","우이신설선","화계","3633","3396","20220501",""
"20220428","우이신설선","삼양","2036","2191","20220501",""
"20220428","우이신설선","삼양사거리","2559","2540","20220501",""
"20220428","우이신설선","솔샘","6276","5719","20220501",""
"20220428","우이신설선","북한산보국문","6539","6026","20220501",""
"20220428","우이신설선","정릉","5034","4547","20220501",""
"20220428","우이신설선","성신여대입구(돈암)","3398","3855","20220501",""
"20220428","우이신설선","보문","1631","1601","20220501",""
"20220428","우이신설선","신설동","2333","2301","20220501",""
"20220428","일산선","원흥","12002","11296","20220501",""
"20220428","일산선","지축","1","0","20220501",""
"20220428","일산선","삼송","21726","20830","20220501",""
"20220428","일산선","원당","12095","11382","20220501",""
"20220428","일산선","화정","18292","18594","20220501",""
"20220428","일산선","대곡","2390","1857","20220501",""
"20220428","일산선","백석","10532","10391","20220501",""
"20220428","일산선","마두","8214","8299","20220501",""
"20220428","일산선","정발산","8380","8674","20220501",""
"20220428","일산선","주엽","9864","9867","20220501",""
"20220428","일산선","대화","13843","10876","20220501",""
"20220428","장항선","봉명","1365","1299","20220501",""
"20220428","장항선","쌍용(나사렛대)","3191","2866","20220501",""
"20220428","장항선","아산","3999","3809","20220501",""
"20220428","장항선","탕정","896","716","20220501",""
"20220428","장항선","배방","1214","1249","20220501",""
"20220428","장항선","온양온천","3971","4110","20220501",""
"20220428","장항선","신창(순천향대)","3721","2921","20220501",""
"20220428","중앙선","회기","27513","26452","20220501",""
"20220428","중앙선","중랑","5995","5623","20220501",""
"20220428","중앙선","상봉(시외버스터미널)","6246","6256","20220501",""
"20220428","중앙선","망우","8524","8259","20220501",""
"20220428","중앙선","양원","3344","3120","20220501",""
"20220428","중앙선","구리","14474","14803","20220501",""
"20220428","중앙선","도농","11859","10696","20220501",""
"20220428","중앙선","양정","809","707","20220501",""
"20220428","중앙선","덕소","6224","6445","20220501",""
"20220428","중앙선","도심","2786","2173","20220501",""
"20220428","중앙선","팔당","1048","1108","20220501",""
"20220428","중앙선","운길산","984","947","20220501",""
"20220428","중앙선","양수","2070","2094","20220501",""
"20220428","중앙선","신원","293","245","20220501",""
"20220428","중앙선","국수","959","967","20220501",""
"20220428","중앙선","아신","632","649","20220501",""
"20220428","중앙선","오빈","363","367","20220501",""
"20220428","중앙선","양평","4569","4543","20220501",""
"20220428","중앙선","원덕","421","399","20220501",""
"20220428","중앙선","용문","2220","2166","20220501",""
"20220428","중앙선","지평","80","110","20220501",""
"20220429","9호선","고속터미널","15577","20148","20220502",""
"20220429","1호선","서울역","52299","51354","20220502",""
"20220429","1호선","시청","24144","24798","20220502",""
"20220429","1호선","종각","37840","37622","20220502",""
"20220429","1호선","종로3가","27685","25791","20220502",""
"20220429","1호선","종로5가","24213","24475","20220502",""
"20220429","1호선","동대문","11585","10363","20220502",""
"20220429","1호선","신설동","14941","14473","20220502",""
"20220429","1호선","제기동","17526","17495","20220502",""
"20220429","1호선","청량리(서울시립대입구)","21288","21089","20220502",""
"20220429","1호선","동묘앞","8364","8826","20220502",""
"20220429","2호선","시청","25337","24583","20220502",""
"20220429","2호선","을지로입구","42085","43815","20220502",""
"20220429","2호선","을지로3가","25320","26665","20220502",""
"20220429","2호선","을지로4가","13938","14235","20220502",""
"20220429","2호선","동대문역사문화공원(DDP)","12834","14104","20220502",""
"20220429","2호선","신당","15312","15682","20220502",""
"20220429","2호선","상왕십리","15531","14674","20220502",""
"20220429","2호선","왕십리(성동구청)","19208","15868","20220502",""
"20220429","2호선","한양대","13458","14438","20220502",""
"20220429","2호선","뚝섬","24761","26622","20220502",""
"20220429","2호선","성수","41449","46758","20220502",""
"20220429","2호선","건대입구","42919","47877","20220502",""
"20220429","2호선","구의(광진구청)","25548","24627","20220502",""
"20220429","2호선","강변(동서울터미널)","36246","33985","20220502",""
"20220429","2호선","잠실나루","15830","15154","20220502",""
"20220429","2호선","잠실(송파구청)","83090","83175","20220502",""
"20220429","2호선","잠실새내","24194","25258","20220502",""
"20220429","2호선","종합운동장","17483","19875","20220502",""
"20220429","2호선","삼성(무역센터)","53447","55031","20220502",""
"20220429","2호선","선릉","59219","53172","20220502",""
"20220429","2호선","역삼","52855","60206","20220502",""
"20220429","2호선","강남","93091","96321","20220502",""
"20220429","2호선","교대(법원.검찰청)","37089","42419","20220502",""
"20220429","2호선","서초","23131","21939","20220502",""
"20220429","2호선","방배","19568","20167","20220502",""
"20220429","2호선","사당","41945","47761","20220502",""
"20220429","2호선","낙성대(강감찬)","29959","27632","20220502",""
"20220429","2호선","서울대입구(관악구청)","52523","50280","20220502",""
"20220429","2호선","봉천","25412","22435","20220502",""
"20220429","2호선","신림","68950","65322","20220502",""
"20220429","2호선","신대방","28586","26890","20220502",""
"20220429","2호선","구로디지털단지","62347","61931","20220502",""
"20220429","2호선","대림(구로구청)","24687","25168","20220502",""
"20220429","2호선","신도림","52197","53292","20220502",""
"20220429","2호선","문래","23393","24514","20220502",""
"20220429","2호선","영등포구청","23753","24597","20220502",""
"20220429","2호선","당산","20482","23637","20220502",""
"20220429","2호선","합정","34215","38691","20220502",""
"20220429","2호선","홍대입구","64651","74522","20220502",""
"20220429","2호선","신촌","37529","38640","20220502",""
"20220429","2호선","이대","16007","16230","20220502",""
"20220429","2호선","아현","11708","10728","20220502",""
"20220429","2호선","충정로(경기대입구)","10501","11239","20220502",""
"20220429","2호선","용답","3341","3221","20220502",""
"20220429","2호선","신답","1845","1924","20220502",""
"20220429","2호선","신설동","3868","3820","20220502",""
"20220429","2호선","도림천","1427","1505","20220502",""
"20220429","2호선","양천구청","7231","7439","20220502",""
"20220429","2호선","신정네거리","11197","11455","20220502",""
"20220429","5호선","종로3가","14576","15258","20220502",""
"20220429","2호선","용두(동대문구청)","2653","2625","20220502",""
"20220429","3호선","지축","5409","4888","20220502",""
"20220429","3호선","구파발","21935","20927","20220502",""
"20220429","3호선","연신내","38646","36663","20220502",""
"20220429","3호선","불광","16988","18058","20220502",""
"20220429","3호선","녹번","16779","14690","20220502",""
"20220429","3호선","홍제","19151","18044","20220502",""
"20220429","3호선","무악재","4123","4174","20220502",""
"20220429","3호선","독립문","7524","7626","20220502",""
"20220429","3호선","경복궁(정부서울청사)","23843","24132","20220502",""
"20220429","3호선","안국","25297","25089","20220502",""
"20220429","3호선","종로3가","10693","13247","20220502",""
"20220429","3호선","을지로3가","11803","12699","20220502",""
"20220429","3호선","충무로","2","0","20220502",""
"20220429","3호선","동대입구","9222","9840","20220502",""
"20220429","3호선","약수","14389","13966","20220502",""
"20220429","3호선","금호","8804","7806","20220502",""
"20220429","3호선","옥수","9770","9845","20220502",""
"20220429","3호선","압구정","34764","38477","20220502",""
"20220429","3호선","신사","34268","37617","20220502",""
"20220429","3호선","잠원","5324","5209","20220502",""
"20220429","3호선","고속터미널","50671","52510","20220502",""
"20220429","3호선","교대(법원.검찰청)","16136","10549","20220502",""
"20220429","3호선","남부터미널(예술의전당)","33346","33331","20220502",""
"20220429","3호선","양재(서초구청)","42251","45548","20220502",""
"20220429","3호선","매봉","13218","12646","20220502",""
"20220429","3호선","도곡","5874","5884","20220502",""
"20220429","3호선","대치","11408","11198","20220502",""
"20220429","3호선","학여울","3422","3520","20220502",""
"20220429","3호선","대청","11009","10014","20220502",""
"20220429","3호선","일원","10955","10213","20220502",""
"20220429","3호선","수서","19570","19686","20220502",""
"20220429","3호선","가락시장","9977","9672","20220502",""
"20220429","3호선","경찰병원","7811","7827","20220502",""
"20220429","3호선","오금","6771","6062","20220502",""
"20220429","4호선","당고개","9579","8459","20220502",""
"20220429","4호선","상계","21352","19459","20220502",""
"20220429","4호선","노원","21387","24811","20220502",""
"20220429","4호선","창동","27790","29510","20220502",""
"20220429","4호선","쌍문","31770","28721","20220502",""
"20220429","4호선","수유(강북구청)","36532","37055","20220502",""
"20220429","4호선","미아(서울사이버대학)","16148","15313","20220502",""
"20220429","4호선","미아사거리","29961","28978","20220502",""
"20220429","4호선","길음","23385","22227","20220502",""
"20220429","4호선","성신여대입구(돈암)","23274","22458","20220502",""
"20220429","4호선","한성대입구(삼선교)","16101","15585","20220502",""
"20220429","4호선","혜화","38766","38478","20220502",""
"20220429","4호선","동대문","21071","21200","20220502",""
"20220429","4호선","동대문역사문화공원(DDP)","15449","13538","20220502",""
"20220429","4호선","충무로","29601","30728","20220502",""
"20220429","4호선","명동","21403","22713","20220502",""
"20220429","4호선","회현(남대문시장)","26051","28144","20220502",""
"20220429","4호선","서울역","12223","20558","20220502",""
"20220429","4호선","숙대입구(갈월)","15118","14925","20220502",""
"20220429","4호선","삼각지","5781","6646","20220502",""
"20220429","4호선","신용산","17929","19074","20220502",""
"20220429","4호선","이촌(국립중앙박물관)","9283","10278","20220502",""
"20220429","4호선","동작(현충원)","1630","1782","20220502",""
"20220429","4호선","총신대입구(이수)","20907","22560","20220502",""
"20220429","4호선","사당","29595","24844","20220502",""
"20220429","4호선","남태령","1474","1157","20220502",""
"20220429","5호선","방화","7131","6648","20220502",""
"20220429","5호선","개화산","6085","5601","20220502",""
"20220429","5호선","김포공항","8484","8310","20220502",""
"20220429","5호선","송정","7027","6546","20220502",""
"20220429","5호선","마곡","11115","11266","20220502",""
"20220429","5호선","발산","21180","22541","20220502",""
"20220429","5호선","우장산","16175","15512","20220502",""
"20220429","5호선","화곡","30450","27613","20220502",""
"20220429","5호선","까치산","30895","28672","20220502",""
"20220429","5호선","신정(은행정)","14878","11642","20220502",""
"20220429","5호선","목동","17909","19017","20220502",""
"20220429","5호선","오목교(목동운동장앞)","23312","25072","20220502",""
"20220429","5호선","양평","8088","7627","20220502",""
"20220429","5호선","영등포구청","4177","4249","20220502",""
"20220429","5호선","영등포시장","10922","11296","20220502",""
"20220429","5호선","신길","4684","4590","20220502",""
"20220429","5호선","여의도","30231","33271","20220502",""
"20220429","5호선","여의나루","17300","18568","20220502",""
"20220429","5호선","마포","15420","16125","20220502",""
"20220429","5호선","공덕","15245","16496","20220502",""
"20220429","5호선","애오개","7413","7332","20220502",""
"20220429","5호선","충정로(경기대입구)","4981","5117","20220502",""
"20220429","5호선","서대문","20416","20800","20220502",""
"20220429","5호선","광화문(세종문화회관)","31805","33732","20220502",""
"20220429","5호선","을지로4가","6414","6840","20220502",""
"20220429","5호선","동대문역사문화공원(DDP)","3048","3595","20220502",""
"20220429","5호선","청구","4269","3882","20220502",""
"20220429","5호선","신금호","7221","7181","20220502",""
"20220429","5호선","행당","8727","7498","20220502",""
"20220429","5호선","왕십리(성동구청)","4856","6026","20220502",""
"20220429","5호선","마장","6211","5843","20220502",""
"20220429","5호선","답십리","17140","15281","20220502",""
"20220429","5호선","장한평","19770","19401","20220502",""
"20220429","5호선","군자(능동)","12151","13578","20220502",""
"20220429","5호선","아차산(어린이대공원후문)","16380","15463","20220502",""
"20220429","5호선","광나루(장신대)","15018","13381","20220502",""
"20220429","5호선","천호(풍납토성)","20079","20287","20220502",""
"20220429","5호선","강동","19488","18389","20220502",""
"20220429","5호선","길동","8435","8836","20220502",""
"20220429","5호선","굽은다리(강동구민회관앞)","10269","9719","20220502",""
"20220429","5호선","명일","9541","9693","20220502",""
"20220429","5호선","고덕","10847","10470","20220502",""
"20220429","5호선","상일동","16381","14908","20220502",""
"20220429","5호선","둔촌동","9109","9042","20220502",""
"20220429","5호선","올림픽공원(한국체대)","5321","4514","20220502",""
"20220429","5호선","방이","7497","7683","20220502",""
"20220429","5호선","오금","4054","4170","20220502",""
"20220429","5호선","개롱","6998","7069","20220502",""
"20220429","5호선","거여","11228","10502","20220502",""
"20220429","5호선","마천","7941","7198","20220502",""
"20220429","5호선","강일","4668","4294","20220502",""
"20220429","5호선","미사","17961","17853","20220502",""
"20220429","5호선","하남풍산","4711","4610","20220502",""
"20220429","5호선","하남시청(덕풍·신장)","7818","7611","20220502",""
"20220429","5호선","하남검단산","6446","6035","20220502",""
"20220429","6호선","응암","18766","18085","20220502",""
"20220429","6호선","역촌","3908","4545","20220502",""
"20220429","6호선","불광","4675","4451","20220502",""
"20220429","6호선","독바위","2808","2846","20220502",""
"20220429","6호선","구산","8318","5858","20220502",""
"20220429","6호선","새절(신사)","13899","12626","20220502",""
"20220429","6호선","증산(명지대앞)","10873","10464","20220502",""
"20220429","6호선","디지털미디어시티","14498","15720","20220502",""
"20220429","6호선","월드컵경기장(성산)","4389","4792","20220502",""
"20220429","6호선","마포구청","15094","13192","20220502",""
"20220429","6호선","망원","15339","16354","20220502",""
"20220429","6호선","합정","14728","14761","20220502",""
"20220429","6호선","상수","10134","12481","20220502",""
"20220429","6호선","광흥창(서강)","9711","9188","20220502",""
"20220429","6호선","대흥(서강대앞)","9218","9192","20220502",""
"20220429","6호선","공덕","20093","19506","20220502",""
"20220429","6호선","효창공원앞","7838","6938","20220502",""
"20220429","6호선","삼각지","7285","6251","20220502",""
"20220429","6호선","녹사평(용산구청)","5502","6038","20220502",""
"20220429","6호선","이태원","12924","17603","20220502",""
"20220429","6호선","한강진","8838","11065","20220502",""
"20220429","6호선","버티고개","2272","2172","20220502",""
"20220429","6호선","약수","3861","3927","20220502",""
"20220429","6호선","청구","3964","4118","20220502",""
"20220429","6호선","신당","8998","8613","20220502",""
"20220429","6호선","동묘앞","8435","8293","20220502",""
"20220429","6호선","창신","3945","3163","20220502",""
"20220429","6호선","보문","8214","7092","20220502",""
"20220429","6호선","안암(고대병원앞)","13359","12536","20220502",""
"20220429","6호선","고려대(종암)","9177","8744","20220502",""
"20220429","6호선","월곡(동덕여대)","13054","12289","20220502",""
"20220429","6호선","상월곡(한국과학기술연구원)","6795","5999","20220502",""
"20220429","6호선","돌곶이","10059","8962","20220502",""
"20220429","6호선","석계","13446","13747","20220502",""
"20220429","6호선","태릉입구","5975","6482","20220502",""
"20220429","6호선","화랑대(서울여대입구)","13241","9977","20220502",""
"20220429","6호선","봉화산(서울의료원)","9269","8645","20220502",""
"20220429","7호선","장암","2410","984","20220502",""
"20220429","7호선","도봉산","9910","11051","20220502",""
"20220429","7호선","수락산","13658","12953","20220502",""
"20220429","7호선","마들","13870","12747","20220502",""
"20220429","7호선","노원","21089","22774","20220502",""
"20220429","7호선","중계","15788","14178","20220502",""
"20220429","7호선","하계","20004","18168","20220502",""
"20220429","7호선","공릉(서울과학기술대)","14145","13461","20220502",""
"20220429","7호선","태릉입구","9759","9180","20220502",""
"20220429","7호선","먹골","10984","10398","20220502",""
"20220429","7호선","중화","11730","11182","20220502",""
"20220429","7호선","상봉(시외버스터미널)","18191","17191","20220502",""
"20220429","7호선","면목","17187","16192","20220502",""
"20220429","7호선","사가정","17463","17179","20220502",""
"20220429","7호선","용마산(용마폭포공원)","6557","6026","20220502",""
"20220429","7호선","중곡","11822","10783","20220502",""
"20220429","7호선","군자(능동)","16142","12525","20220502",""
"20220429","7호선","어린이대공원(세종대)","16096","15937","20220502",""
"20220429","7호선","건대입구","14276","15346","20220502",""
"20220429","7호선","뚝섬유원지","13080","12352","20220502",""
"20220429","7호선","청담","20165","22905","20220502",""
"20220429","7호선","강남구청","16789","19282","20220502",""
"20220429","7호선","학동","24377","26687","20220502",""
"20220429","7호선","논현","21606","24024","20220502",""
"20220429","7호선","반포","6518","6200","20220502",""
"20220429","7호선","고속터미널","19559","15335","20220502",""
"20220429","7호선","내방","15291","15778","20220502",""
"20220429","7호선","이수","17385","16931","20220502",""
"20220429","7호선","남성","11924","10645","20220502",""
"20220429","7호선","숭실대입구(살피재)","15607","15415","20220502",""
"20220429","7호선","상도","12172","11330","20220502",""
"20220429","7호선","장승배기","9517","9059","20220502",""
"20220429","7호선","신대방삼거리","18025","16799","20220502",""
"20220429","7호선","보라매","10602","10496","20220502",""
"20220429","7호선","신풍","12401","11776","20220502",""
"20220429","7호선","대림(구로구청)","8036","8256","20220502",""
"20220429","7호선","남구로","15906","16945","20220502",""
"20220429","7호선","가산디지털단지","46231","46574","20220502",""
"20220429","7호선","철산","22960","23823","20220502",""
"20220429","7호선","광명사거리","23886","22819","20220502",""
"20220429","7호선","천왕","12237","11234","20220502",""
"20220429","7호선","온수(성공회대입구)","11478","10762","20220502",""
"20220429","8호선","암사","20280","17389","20220502",""
"20220429","8호선","천호(풍납토성)","16151","19239","20220502",""
"20220429","8호선","강동구청","11275","11344","20220502",""
"20220429","8호선","몽촌토성(평화의문)","6655","6985","20220502",""
"20220429","8호선","잠실(송파구청)","15176","19286","20220502",""
"20220429","8호선","석촌","8551","9955","20220502",""
"20220429","8호선","송파","9376","8907","20220502",""
"20220429","8호선","가락시장","8400","9607","20220502",""
"20220429","8호선","문정","22815","24181","20220502",""
"20220429","8호선","장지","18966","17742","20220502",""
"20220429","8호선","복정","10914","9051","20220502",""
"20220429","8호선","산성","5890","5735","20220502",""
"20220429","8호선","남한산성입구(성남법원.검찰청)","16310","14329","20220502",""
"20220429","8호선","단대오거리","12296","11184","20220502",""
"20220429","8호선","신흥","4695","4934","20220502",""
"20220429","8호선","수진","5950","5230","20220502",""
"20220429","8호선","모란","6835","5810","20220502",""
"20220429","8호선","남위례","5545","5719","20220502",""
"20220429","9호선","개화","2721","1895","20220502",""
"20220429","9호선","김포공항","9368","13695","20220502",""
"20220429","9호선","공항시장","3254","3408","20220502",""
"20220429","9호선","신방화","7279","6847","20220502",""
"20220429","9호선","마곡나루(서울식물원)","13264","13383","20220502",""
"20220429","9호선","양천향교","10803","10637","20220502",""
"20220429","9호선","가양","22644","21233","20220502",""
"20220429","9호선","증미","7919","7548","20220502",""
"20220429","9호선","등촌","12116","11275","20220502",""
"20220429","9호선","염창","18890","17601","20220502",""
"20220429","9호선","신목동","4691","3936","20220502",""
"20220429","9호선","선유도","9516","8805","20220502",""
"20220429","9호선","당산","20225","20214","20220502",""
"20220429","9호선","국회의사당","16166","16646","20220502",""
"20220429","9호선","여의도","30427","29264","20220502",""
"20220429","9호선","샛강","6538","6834","20220502",""
"20220429","9호선","노량진","29309","27451","20220502",""
"20220429","9호선","노들","4931","4005","20220502",""
"20220429","9호선","흑석(중앙대입구)","9943","9815","20220502",""
"20220429","9호선","동작(현충원)","2126","1878","20220502",""
"20220429","9호선","구반포","1408","1451","20220502",""
"20220429","9호선","신반포","4038","3965","20220502",""
"20220429","9호선","사평","4012","3777","20220502",""
"20220429","9호선","신논현","36076","37673","20220502",""
"20220429","9호선2~3단계","언주","10966","11318","20220502",""
"20220429","9호선2~3단계","선정릉","10333","11547","20220502",""
"20220429","9호선2~3단계","삼성중앙","7305","7779","20220502",""
"20220429","9호선2~3단계","봉은사","17021","17674","20220502",""
"20220429","9호선2~3단계","종합운동장","4876","5845","20220502",""
"20220429","9호선2~3단계","삼전","7508","7080","20220502",""
"20220429","9호선2~3단계","석촌고분","6634","6321","20220502",""
"20220429","9호선2~3단계","석촌","9487","8121","20220502",""
"20220429","9호선2~3단계","송파나루","5821","6231","20220502",""
"20220429","9호선2~3단계","한성백제","2727","2621","20220502",""
"20220429","9호선2~3단계","올림픽공원(한국체대)","9098","9511","20220502",""
"20220429","9호선2~3단계","둔촌오륜","1316","1085","20220502",""
"20220429","9호선2~3단계","중앙보훈병원","11249","9801","20220502",""
"20220429","경강선","판교","5004","5172","20220502",""
"20220429","경강선","이매","1280","1128","20220502",""
"20220429","경강선","삼동","2654","2321","20220502",""
"20220429","경강선","경기광주","8798","8135","20220502",""
"20220429","경강선","초월","3517","3196","20220502",""
"20220429","경강선","곤지암","2494","2416","20220502",""
"20220429","경강선","신둔도예촌","1906","1667","20220502",""
"20220429","경강선","이천","3081","3186","20220502",""
"20220429","경강선","부발","2908","2283","20220502",""
"20220429","경강선","세종대왕릉","347","353","20220502",""
"20220429","경강선","여주","2557","2804","20220502",""
"20220429","경부선","서울역","9290","2984","20220502",""
"20220429","경부선","남영","10397","10956","20220502",""
"20220429","경부선","용산","40421","42334","20220502",""
"20220429","경부선","노량진","9474","9595","20220502",""
"20220429","경부선","대방","14212","14164","20220502",""
"20220429","경부선","영등포","42997","45541","20220502",""
"20220429","경부선","신도림","4301","4479","20220502",""
"20220429","경부선","신길","9615","7775","20220502",""
"20220429","경부선","구로","19229","20413","20220502",""
"20220429","경부선","가산디지털단지","19205","22240","20220502",""
"20220429","경부선","금천구청","12733","12710","20220502",""
"20220429","경부선","석수","10483","9209","20220502",""
"20220429","경부선","관악","7987","7431","20220502",""
"20220429","경부선","안양","27760","27627","20220502",""
"20220429","경부선","명학","9974","9610","20220502",""
"20220429","경부선","금정","29495","29608","20220502",""
"20220429","경부선","군포","7995","7871","20220502",""
"20220429","경부선","의왕","10310","10132","20220502",""
"20220429","경부선","성균관대","17657","16465","20220502",""
"20220429","경부선","화서","8767","8370","20220502",""
"20220429","경부선","수원","42228","46842","20220502",""
"20220429","경부선","독산","19899","20193","20220502",""
"20220429","경부선","세류","3494","3132","20220502",""
"20220429","경부선","병점","17512","17527","20220502",""
"20220429","경부선","세마","3254","3008","20220502",""
"20220429","경부선","오산대","4445","4129","20220502",""
"20220429","경부선","오산","11289","11183","20220502",""
"20220429","경부선","진위","2079","1678","20220502",""
"20220429","경부선","송탄","5345","4792","20220502",""
"20220429","경부선","서정리","9058","7439","20220502",""
"20220429","경부선","평택지제","4418","4022","20220502",""
"20220429","경부선","평택","15642","15168","20220502",""
"20220429","경부선","성환","5447","4472","20220502",""
"20220429","경부선","직산","978","894","20220502",""
"20220429","경부선","두정","8496","7622","20220502",""
"20220429","경부선","천안","7866","7519","20220502",""
"20220429","경부선","당정","7537","7013","20220502",""
"20220429","경부선","서동탄","1521","1435","20220502",""
"20220429","경부선","광명","4122","3618","20220502",""
"20220429","경원선","이촌(국립중앙박물관)","4174","3122","20220502",""
"20220429","경원선","서빙고","2152","1940","20220502",""
"20220429","경원선","한남","4350","4187","20220502",""
"20220429","경원선","옥수","63","33","20220502",""
"20220429","경원선","응봉","2101","1704","20220502",""
"20220429","경원선","왕십리(성동구청)","16124","17839","20220502",""
"20220429","경원선","청량리(서울시립대입구)","18534","18819","20220502",""
"20220429","경원선","외대앞","9676","9091","20220502",""
"20220429","경원선","석계","9057","10174","20220502",""
"20220429","경원선","광운대","9342","8804","20220502",""
"20220429","경원선","월계","8306","7531","20220502",""
"20220429","경원선","녹천","5112","4022","20220502",""
"20220429","경원선","방학","10563","10403","20220502",""
"20220429","경원선","도봉","6420","6060","20220502",""
"20220429","경원선","도봉산","7847","5064","20220502",""
"20220429","경원선","망월사","9122","8932","20220502",""
"20220429","경원선","회룡","13906","13639","20220502",""
"20220429","경원선","의정부","20435","22196","20220502",""
"20220429","경원선","가능","7236","6827","20220502",""
"20220429","경원선","녹양","5067","4667","20220502",""
"20220429","경원선","양주","8708","8132","20220502",""
"20220429","경원선","덕계","3415","3146","20220502",""
"20220429","경원선","덕정","6794","6252","20220502",""
"20220429","경원선","지행","7602","7497","20220502",""
"20220429","경원선","동두천중앙","3487","3389","20220502",""
"20220429","경원선","보산","2407","1882","20220502",""
"20220429","경원선","동두천","2429","2615","20220502",""
"20220429","경원선","소요산","2589","2207","20220502",""
"20220429","경의선","서울역","4857","6481","20220502",""
"20220429","경의선","신촌","929","1325","20220502",""
"20220429","경의선","효창공원앞","3315","3703","20220502",""
"20220429","경의선","공덕","3834","3490","20220502",""
"20220429","경의선","서강대","2342","2301","20220502",""
"20220429","경의선","홍대입구","2093","2799","20220502",""
"20220429","경의선","가좌","6078","5762","20220502",""
"20220429","경의선","디지털미디어시티","2926","2689","20220502",""
"20220429","경의선","수색","2967","3094","20220502",""
"20220429","경의선","화전","3110","2716","20220502",""
"20220429","경의선","강매","3651","3068","20220502",""
"20220429","경의선","행신","9342","9159","20220502",""
"20220429","경의선","능곡","4244","3965","20220502",""
"20220429","경의선","곡산","681","707","20220502",""
"20220429","경의선","백마","7950","7488","20220502",""
"20220429","경의선","풍산","6182","5817","20220502",""
"20220429","경의선","일산","10396","10436","20220502",""
"20220429","경의선","탄현","8687","8251","20220502",""
"20220429","경의선","야당","8886","9248","20220502",""
"20220429","경의선","운정","7752","7259","20220502",""
"20220429","경의선","금릉","5574","5453","20220502",""
"20220429","경의선","금촌","7267","6955","20220502",""
"20220429","경의선","월롱","3224","2510","20220502",""
"20220429","경의선","파주","1516","963","20220502",""
"20220429","경의선","문산","6261","6042","20220502",""
"20220429","경의선","임진강","14","7","20220502",""
"20220429","경의선","계양","2","0","20220502",""
"20220429","경인선","개봉","23165","22202","20220502",""
"20220429","경인선","오류동","12954","11339","20220502",""
"20220429","경인선","역곡","30929","29800","20220502",""
"20220429","경인선","부천","35610","36364","20220502",""
"20220429","경인선","송내","29507","29342","20220502",""
"20220429","경인선","부평","32020","36754","20220502",""
"20220429","경인선","백운","7499","7246","20220502",""
"20220429","경인선","동암","15475","15740","20220502",""
"20220429","경인선","주안","21568","19193","20220502",""
"20220429","경인선","제물포","12350","11329","20220502",""
"20220429","경인선","동인천","15067","14489","20220502",""
"20220429","경인선","인천","4186","3351","20220502",""
"20220429","경인선","구일","8608","8274","20220502",""
"20220429","경인선","소사","9568","8972","20220502",""
"20220429","경인선","부개","9385","8508","20220502",""
"20220429","경인선","간석","6639","6123","20220502",""
"20220429","경인선","도원","3547","3517","20220502",""
"20220429","경인선","온수(성공회대입구)","7780","7276","20220502",""
"20220429","경인선","중동","9997","9286","20220502",""
"20220429","경인선","도화","4556","4132","20220502",""
"20220429","경춘선","신내","2440","2278","20220502",""
"20220429","경춘선","갈매","3362","2871","20220502",""
"20220429","경춘선","별내","3478","3265","20220502",""
"20220429","경춘선","퇴계원","3910","3573","20220502",""
"20220429","경춘선","사릉","2733","2659","20220502",""
"20220429","경춘선","금곡","1661","1619","20220502",""
"20220429","경춘선","평내호평","6944","6930","20220502",""
"20220429","경춘선","천마산","1755","1663","20220502",""
"20220429","경춘선","마석","4337","4276","20220502",""
"20220429","경춘선","대성리","638","1409","20220502",""
"20220429","경춘선","청평","1845","2131","20220502",""
"20220429","경춘선","상천","300","273","20220502",""
"20220429","경춘선","가평","1809","2203","20220502",""
"20220429","경춘선","굴봉산","167","159","20220502",""
"20220429","경춘선","백양리","115","131","20220502",""
"20220429","경춘선","강촌","576","689","20220502",""
"20220429","경춘선","김유정","320","377","20220502",""
"20220429","경춘선","남춘천","3851","3048","20220502",""
"20220429","경춘선","춘천","2182","1611","20220502",""
"20220429","공항철도 1호선","서울역","10526","9857","20220502",""
"20220429","공항철도 1호선","공덕","2472","3407","20220502",""
"20220429","공항철도 1호선","홍대입구","11955","12822","20220502",""
"20220429","공항철도 1호선","디지털미디어시티","14792","13587","20220502",""
"20220429","공항철도 1호선","마곡나루(서울식물원)","9669","9329","20220502",""
"20220429","공항철도 1호선","김포공항","15023","7611","20220502",""
"20220429","공항철도 1호선","계양","11497","10777","20220502",""
"20220429","공항철도 1호선","검암","7026","7004","20220502",""
"20220429","공항철도 1호선","청라국제도시","7650","7290","20220502",""
"20220429","공항철도 1호선","운서","7655","7474","20220502",""
"20220429","공항철도 1호선","공항화물청사","2344","2521","20220502",""
"20220429","공항철도 1호선","인천공항1터미널","5863","5421","20220502",""
"20220429","공항철도 1호선","인천공항2터미널","2775","2596","20220502",""
"20220429","공항철도 1호선","영종","3453","3626","20220502",""
"20220429","과천선","선바위","9554","8037","20220502",""
"20220429","과천선","경마공원","7485","7638","20220502",""
"20220429","과천선","대공원","5952","5911","20220502",""
"20220429","과천선","과천","7280","6620","20220502",""
"20220429","과천선","정부과천청사","12024","11727","20220502",""
"20220429","과천선","인덕원","27332","27728","20220502",""
"20220429","과천선","평촌","19075","18720","20220502",""
"20220429","과천선","범계","29615","30278","20220502",""
"20220429","분당선","선릉","13966","21936","20220502",""
"20220429","분당선","한티","15362","16033","20220502",""
"20220429","분당선","도곡","7773","7345","20220502",""
"20220429","분당선","구룡","2561","2399","20220502",""
"20220429","분당선","개포동","4420","4649","20220502",""
"20220429","분당선","대모산입구","5182","4658","20220502",""
"20220429","분당선","수서","16024","16503","20220502",""
"20220429","분당선","수원","9763","8232","20220502",""
"20220429","분당선","서울숲","13392","13946","20220502",""
"20220429","분당선","압구정로데오","22197","26134","20220502",""
"20220429","분당선","강남구청","10991","12736","20220502",""
"20220429","분당선","선정릉","8428","9141","20220502",""
"20220429","분당선","가천대","12367","12291","20220502",""
"20220429","분당선","태평","14689","13860","20220502",""
"20220429","분당선","모란","28305","29489","20220502",""
"20220429","분당선","야탑","29247","30569","20220502",""
"20220429","분당선","서현","28691","29475","20220502",""
"20220429","분당선","수내","14422","14377","20220502",""
"20220429","분당선","정자","19408","20563","20220502",""
"20220429","분당선","미금","17114","18176","20220502",""
"20220429","분당선","오리","12952","10312","20220502",""
"20220429","분당선","이매","6777","6099","20220502",""
"20220429","분당선","보정","3089","2506","20220502",""
"20220429","분당선","죽전","16197","17524","20220502",""
"20220429","분당선","구성","5637","5950","20220502",""
"20220429","분당선","신갈","4986","4901","20220502",""
"20220429","분당선","기흥","11164","10451","20220502",""
"20220429","분당선","상갈","6386","6055","20220502",""
"20220429","분당선","청명","4963","4603","20220502",""
"20220429","분당선","영통","9824","9962","20220502",""
"20220429","분당선","망포","16675","15097","20220502",""
"20220429","분당선","매탄권선","5799","5457","20220502",""
"20220429","분당선","수원시청","14276","16763","20220502",""
"20220429","분당선","매교","3451","3382","20220502",""
"20220429","수인선","고색","5271","4870","20220502",""
"20220429","수인선","오목천","4175","3621","20220502",""
"20220429","수인선","어천","936","874","20220502",""
"20220429","수인선","야목","471","353","20220502",""
"20220429","수인선","사리","5754","4871","20220502",""
"20220429","수인선","달월","102","76","20220502",""
"20220429","수인선","월곶","2942","2757","20220502",""
"20220429","수인선","소래포구","6415","6175","20220502",""
"20220429","수인선","인천논현","6011","6452","20220502",""
"20220429","수인선","호구포","4385","4418","20220502",""
"20220429","수인선","남동인더스파크","2322","2604","20220502",""
"20220429","수인선","원인재","4842","5169","20220502",""
"20220429","수인선","연수","5197","5178","20220502",""
"20220429","수인선","송도","2718","2567","20220502",""
"20220429","수인선","인하대","7904","7186","20220502",""
"20220429","수인선","숭의","4307","3840","20220502",""
"20220429","수인선","신포","2032","2140","20220502",""
"20220429","수인선","인천","1284","1947","20220502",""
"20220429","안산선","산본","17987","19351","20220502",""
"20220429","안산선","대야미","5765","4934","20220502",""
"20220429","안산선","반월","4725","4516","20220502",""
"20220429","안산선","상록수","17869","17605","20220502",""
"20220429","안산선","한대앞","11639","11496","20220502",""
"20220429","안산선","중앙","21247","22832","20220502",""
"20220429","안산선","고잔","9586","9269","20220502",""
"20220429","안산선","초지","5312","5604","20220502",""
"20220429","안산선","안산","12628","11678","20220502",""
"20220429","안산선","신길온천","1980","1828","20220502",""
"20220429","안산선","정왕","11442","10661","20220502",""
"20220429","안산선","오이도","9993","10198","20220502",""
"20220429","안산선","수리산","5285","4652","20220502",""
"20220429","우이신설선","북한산우이","2902","2662","20220502",""
"20220429","우이신설선","솔밭공원","2664","2424","20220502",""
"20220429","우이신설선","4.19민주묘지","3789","3544","20220502",""
"20220429","우이신설선","가오리","4442","4261","20220502",""
"20220429","우이신설선","화계","3608","3265","20220502",""
"20220429","우이신설선","삼양","2214","2211","20220502",""
"20220429","우이신설선","삼양사거리","2616","2599","20220502",""
"20220429","우이신설선","솔샘","6424","5825","20220502",""
"20220429","우이신설선","북한산보국문","6961","6291","20220502",""
"20220429","우이신설선","정릉","5677","4855","20220502",""
"20220429","우이신설선","성신여대입구(돈암)","3809","4278","20220502",""
"20220429","우이신설선","보문","1721","1658","20220502",""
"20220429","우이신설선","신설동","2325","2273","20220502",""
"20220429","일산선","원흥","11985","10877","20220502",""
"20220429","일산선","삼송","21546","20375","20220502",""
"20220429","일산선","원당","12290","11390","20220502",""
"20220429","일산선","화정","19426","19809","20220502",""
"20220429","일산선","대곡","2380","1874","20220502",""
"20220429","일산선","백석","10550","10542","20220502",""
"20220429","일산선","마두","7976","8183","20220502",""
"20220429","일산선","정발산","9183","9425","20220502",""
"20220429","일산선","주엽","9766","10060","20220502",""
"20220429","일산선","대화","13750","10892","20220502",""
"20220429","장항선","봉명","1425","1276","20220502",""
"20220429","장항선","쌍용(나사렛대)","3209","2650","20220502",""
"20220429","장항선","아산","4895","4652","20220502",""
"20220429","장항선","탕정","1001","844","20220502",""
"20220429","장항선","배방","1483","1369","20220502",""
"20220429","장항선","온양온천","5423","5783","20220502",""
"20220429","장항선","신창(순천향대)","3837","2262","20220502",""
"20220429","중앙선","회기","28543","26769","20220502",""
"20220429","중앙선","중랑","6076","5673","20220502",""
"20220429","중앙선","상봉(시외버스터미널)","6430","6361","20220502",""
"20220429","중앙선","망우","8546","8314","20220502",""
"20220429","중앙선","양원","3305","3041","20220502",""
"20220429","중앙선","구리","14908","15384","20220502",""
"20220429","중앙선","도농","12101","10958","20220502",""
"20220429","중앙선","양정","752","676","20220502",""
"20220429","중앙선","덕소","6173","6216","20220502",""
"20220429","중앙선","도심","2677","2116","20220502",""
"20220429","중앙선","팔당","1025","1057","20220502",""
"20220429","중앙선","운길산","848","819","20220502",""
"20220429","중앙선","양수","2017","2060","20220502",""
"20220429","중앙선","신원","199","215","20220502",""
"20220429","중앙선","국수","861","849","20220502",""
"20220429","중앙선","아신","594","595","20220502",""
"20220429","중앙선","오빈","297","337","20220502",""
"20220429","중앙선","양평","3197","3433","20220502",""
"20220429","중앙선","원덕","445","438","20220502",""
"20220429","중앙선","용문","2030","2294","20220502",""
"20220429","중앙선","지평","63","72","20220502",""
"20220429","경원선","신이문","8983","8194","20220502",""
"20220430","중앙선","용문","4923","5206","20220503",""
"20220430","1호선","서울역","38627","38918","20220503",""
"20220430","1호선","시청","16058","16299","20220503",""
"20220430","1호선","종각","36679","27533","20220503",""
"20220430","1호선","종로3가","34784","29355","20220503",""
"20220430","1호선","종로5가","28210","25594","20220503",""
"20220430","1호선","동대문","14552","13181","20220503",""
"20220430","1호선","신설동","12068","10907","20220503",""
"20220430","1호선","제기동","16631","17034","20220503",""
"20220430","1호선","청량리(서울시립대입구)","19741","21383","20220503",""
"20220430","1호선","동묘앞","13126","13439","20220503",""
"20220430","2호선","시청","11561","9734","20220503",""
"20220430","2호선","을지로입구","27498","25746","20220503",""
"20220430","2호선","을지로3가","15747","15600","20220503",""
"20220430","2호선","을지로4가","8905","9255","20220503",""
"20220430","2호선","동대문역사문화공원(DDP)","13061","14446","20220503",""
"20220430","2호선","신당","12310","12882","20220503",""
"20220430","2호선","상왕십리","10594","9830","20220503",""
"20220430","2호선","왕십리(성동구청)","14974","13262","20220503",""
"20220430","2호선","한양대","5162","5387","20220503",""
"20220430","2호선","뚝섬","18382","18558","20220503",""
"20220430","2호선","성수","25166","28565","20220503",""
"20220430","2호선","건대입구","42017","45632","20220503",""
"20220430","2호선","구의(광진구청)","17557","16687","20220503",""
"20220430","2호선","강변(동서울터미널)","30607","30260","20220503",""
"20220430","2호선","잠실나루","8352","8193","20220503",""
"20220430","2호선","잠실(송파구청)","85814","81830","20220503",""
"20220430","2호선","잠실새내","19684","20529","20220503",""
"20220430","2호선","종합운동장","17722","19774","20220503",""
"20220430","2호선","삼성(무역센터)","30081","29912","20220503",""
"20220430","2호선","선릉","25669","22986","20220503",""
"20220430","2호선","역삼","18898","20779","20220503",""
"20220430","2호선","강남","66438","69086","20220503",""
"20220430","2호선","교대(법원.검찰청)","19232","21304","20220503",""
"20220430","2호선","서초","12075","9671","20220503",""
"20220430","2호선","방배","10948","11106","20220503",""
"20220430","2호선","사당","33689","38925","20220503",""
"20220430","2호선","낙성대(강감찬)","23435","21504","20220503",""
"20220430","2호선","서울대입구(관악구청)","41169","39537","20220503",""
"20220430","2호선","봉천","18149","16365","20220503",""
"20220430","2호선","신림","53593","50901","20220503",""
"20220430","2호선","신대방","21460","20309","20220503",""
"20220430","2호선","구로디지털단지","36372","35338","20220503",""
"20220430","2호선","대림(구로구청)","18649","19528","20220503",""
"20220430","2호선","신도림","44145","44885","20220503",""
"20220430","2호선","문래","13919","14923","20220503",""
"20220430","2호선","영등포구청","13430","14244","20220503",""
"20220430","2호선","당산","14313","15362","20220503",""
"20220430","2호선","합정","32173","37308","20220503",""
"20220430","2호선","홍대입구","76902","86985","20220503",""
"20220430","2호선","신촌","34479","35298","20220503",""
"20220430","2호선","이대","12005","12884","20220503",""
"20220430","2호선","아현","8208","7872","20220503",""
"20220430","2호선","충정로(경기대입구)","6065","6506","20220503",""
"20220430","2호선","용답","2365","2202","20220503",""
"20220430","2호선","신답","1152","1249","20220503",""
"20220430","2호선","신설동","3862","3741","20220503",""
"20220430","2호선","도림천","810","829","20220503",""
"20220430","2호선","양천구청","4891","4854","20220503",""
"20220430","2호선","신정네거리","7990","7780","20220503",""
"20220430","2호선","용두(동대문구청)","1807","1788","20220503",""
"20220430","3호선","지축","3805","3465","20220503",""
"20220430","3호선","구파발","16735","17174","20220503",""
"20220430","3호선","연신내","30667","29252","20220503",""
"20220430","3호선","불광","13759","15681","20220503",""
"20220430","3호선","녹번","11390","10095","20220503",""
"20220430","3호선","홍제","14491","14070","20220503",""
"20220430","3호선","무악재","3043","3322","20220503",""
"20220430","3호선","독립문","7233","7868","20220503",""
"20220430","3호선","경복궁(정부서울청사)","24771","24009","20220503",""
"20220430","3호선","안국","25024","24453","20220503",""
"20220430","3호선","종로3가","7306","11056","20220503",""
"20220430","3호선","을지로3가","7138","7480","20220503",""
"20220430","3호선","동대입구","9797","14336","20220503",""
"20220430","3호선","약수","10287","9669","20220503",""
"20220430","3호선","금호","6294","5727","20220503",""
"20220430","3호선","옥수","7717","7814","20220503",""
"20220430","3호선","압구정","26215","28438","20220503",""
"20220430","3호선","신사","28904","30687","20220503",""
"20220430","3호선","잠원","3817","3626","20220503",""
"20220430","3호선","고속터미널","57031","57063","20220503",""
"20220430","3호선","교대(법원.검찰청)","7891","4889","20220503",""
"20220430","3호선","남부터미널(예술의전당)","22953","22642","20220503",""
"20220430","3호선","양재(서초구청)","22673","25467","20220503",""
"20220430","3호선","매봉","6841","6578","20220503",""
"20220430","3호선","도곡","3764","3839","20220503",""
"20220430","3호선","대치","8217","7590","20220503",""
"20220430","3호선","학여울","2995","3095","20220503",""
"20220430","3호선","대청","6366","5748","20220503",""
"20220430","3호선","일원","5203","5149","20220503",""
"20220430","3호선","수서","15173","14585","20220503",""
"20220430","3호선","가락시장","6427","6085","20220503",""
"20220430","3호선","경찰병원","4208","4128","20220503",""
"20220430","3호선","오금","4022","3789","20220503",""
"20220430","4호선","당고개","7940","7152","20220503",""
"20220430","4호선","상계","17162","16103","20220503",""
"20220430","4호선","노원","17158","19462","20220503",""
"20220430","4호선","창동","21416","22148","20220503",""
"20220430","4호선","쌍문","23277","20616","20220503",""
"20220430","4호선","수유(강북구청)","28576","28267","20220503",""
"20220430","4호선","미아(서울사이버대학)","11360","10867","20220503",""
"20220430","4호선","미아사거리","23965","23408","20220503",""
"20220430","4호선","길음","16480","15672","20220503",""
"20220430","4호선","성신여대입구(돈암)","18702","18146","20220503",""
"20220430","4호선","한성대입구(삼선교)","12601","12472","20220503",""
"20220430","4호선","혜화","33267","34817","20220503",""
"20220430","4호선","동대문","19124","18416","20220503",""
"20220430","4호선","동대문역사문화공원(DDP)","14483","12169","20220503",""
"20220430","4호선","충무로","16350","17847","20220503",""
"20220430","4호선","명동","17558","19658","20220503",""
"20220430","4호선","회현(남대문시장)","21142","22823","20220503",""
"20220430","4호선","서울역","6969","16286","20220503",""
"20220430","4호선","숙대입구(갈월)","10951","10393","20220503",""
"20220430","4호선","삼각지","4231","5724","20220503",""
"20220430","4호선","신용산","11849","12871","20220503",""
"20220430","4호선","이촌(국립중앙박물관)","8649","9622","20220503",""
"20220430","4호선","동작(현충원)","1669","1764","20220503",""
"20220430","4호선","총신대입구(이수)","15670","16678","20220503",""
"20220430","4호선","사당","24972","21031","20220503",""
"20220430","4호선","남태령","1195","678","20220503",""
"20220430","5호선","방화","4944","4683","20220503",""
"20220430","5호선","개화산","4075","3864","20220503",""
"20220430","5호선","김포공항","8410","8278","20220503",""
"20220430","5호선","송정","5479","5180","20220503",""
"20220430","5호선","마곡","5825","5787","20220503",""
"20220430","5호선","발산","14784","15997","20220503",""
"20220430","5호선","우장산","10511","10052","20220503",""
"20220430","5호선","화곡","21557","19446","20220503",""
"20220430","5호선","까치산","22555","20927","20220503",""
"20220430","5호선","신정(은행정)","9706","8136","20220503",""
"20220430","5호선","목동","11839","11817","20220503",""
"20220430","5호선","오목교(목동운동장앞)","16958","17672","20220503",""
"20220430","5호선","양평","3913","3661","20220503",""
"20220430","5호선","영등포구청","2068","2023","20220503",""
"20220430","5호선","영등포시장","8765","9259","20220503",""
"20220430","5호선","신길","2827","2915","20220503",""
"20220430","5호선","여의도","14230","14288","20220503",""
"20220430","5호선","여의나루","20969","24752","20220503",""
"20220430","5호선","마포","8250","8544","20220503",""
"20220430","5호선","공덕","7674","8314","20220503",""
"20220430","5호선","애오개","3965","3937","20220503",""
"20220430","5호선","충정로(경기대입구)","2796","2100","20220503",""
"20220430","5호선","서대문","9209","8035","20220503",""
"20220430","5호선","광화문(세종문화회관)","23300","21987","20220503",""
"20220430","5호선","종로3가","16783","17258","20220503",""
"20220430","5호선","을지로4가","4288","4698","20220503",""
"20220430","5호선","동대문역사문화공원(DDP)","1126","1447","20220503",""
"20220430","5호선","청구","2806","2554","20220503",""
"20220430","5호선","신금호","4527","4670","20220503",""
"20220430","5호선","행당","5754","4934","20220503",""
"20220430","5호선","왕십리(성동구청)","3768","4609","20220503",""
"20220430","5호선","마장","4100","3914","20220503",""
"20220430","5호선","답십리","11169","10318","20220503",""
"20220430","5호선","장한평","12052","11860","20220503",""
"20220430","5호선","군자(능동)","9273","10395","20220503",""
"20220430","5호선","아차산(어린이대공원후문)","14650","14308","20220503",""
"20220430","5호선","광나루(장신대)","11053","10372","20220503",""
"20220430","5호선","천호(풍납토성)","18311","17696","20220503",""
"20220430","5호선","강동","14401","13680","20220503",""
"20220430","5호선","길동","6344","6475","20220503",""
"20220430","5호선","굽은다리(강동구민회관앞)","7655","7076","20220503",""
"20220430","5호선","명일","6600","6396","20220503",""
"20220430","5호선","고덕","6741","6405","20220503",""
"20220430","5호선","상일동","10204","9285","20220503",""
"20220430","5호선","둔촌동","6423","6309","20220503",""
"20220430","5호선","올림픽공원(한국체대)","4267","4022","20220503",""
"20220430","5호선","방이","5346","5051","20220503",""
"20220430","5호선","오금","2329","2091","20220503",""
"20220430","5호선","개롱","4559","4664","20220503",""
"20220430","5호선","거여","7000","6516","20220503",""
"20220430","5호선","마천","5129","5208","20220503",""
"20220430","5호선","강일","3159","3026","20220503",""
"20220430","5호선","미사","13367","13577","20220503",""
"20220430","5호선","하남풍산","2976","2896","20220503",""
"20220430","5호선","하남시청(덕풍·신장)","6058","5754","20220503",""
"20220430","5호선","하남검단산","6139","6017","20220503",""
"20220430","6호선","응암","13393","12970","20220503",""
"20220430","6호선","역촌","2750","3043","20220503",""
"20220430","6호선","불광","4190","3734","20220503",""
"20220430","6호선","독바위","2107","2350","20220503",""
"20220430","6호선","구산","5671","4132","20220503",""
"20220430","6호선","새절(신사)","9097","8609","20220503",""
"20220430","6호선","증산(명지대앞)","7638","7388","20220503",""
"20220430","6호선","디지털미디어시티","7852","8055","20220503",""
"20220430","6호선","월드컵경기장(성산)","4578","4862","20220503",""
"20220430","6호선","마포구청","10267","8877","20220503",""
"20220430","6호선","망원","14230","16038","20220503",""
"20220430","6호선","합정","13941","13548","20220503",""
"20220430","6호선","상수","9504","11601","20220503",""
"20220430","6호선","광흥창(서강)","5730","5125","20220503",""
"20220430","6호선","대흥(서강대앞)","5890","6082","20220503",""
"20220430","6호선","공덕","10828","10011","20220503",""
"20220430","6호선","효창공원앞","5122","4440","20220503",""
"20220430","6호선","삼각지","6174","4738","20220503",""
"20220430","6호선","녹사평(용산구청)","6132","7288","20220503",""
"20220430","6호선","이태원","17292","22478","20220503",""
"20220430","6호선","한강진","9786","12717","20220503",""
"20220430","6호선","버티고개","1597","1580","20220503",""
"20220430","6호선","약수","2684","2705","20220503",""
"20220430","6호선","청구","2655","2635","20220503",""
"20220430","6호선","신당","6866","6177","20220503",""
"20220430","6호선","동묘앞","9598","8733","20220503",""
"20220430","6호선","창신","2347","2002","20220503",""
"20220430","6호선","보문","5642","5160","20220503",""
"20220430","6호선","안암(고대병원앞)","7811","7373","20220503",""
"20220430","6호선","고려대(종암)","6163","5917","20220503",""
"20220430","6호선","월곡(동덕여대)","8176","7844","20220503",""
"20220430","6호선","상월곡(한국과학기술연구원)","4485","3848","20220503",""
"20220430","6호선","돌곶이","6536","5959","20220503",""
"20220430","6호선","석계","9270","9380","20220503",""
"20220430","6호선","태릉입구","4492","4904","20220503",""
"20220430","6호선","화랑대(서울여대입구)","8030","6354","20220503",""
"20220430","6호선","봉화산(서울의료원)","5711","5617","20220503",""
"20220430","7호선","장암","1862","1282","20220503",""
"20220430","7호선","도봉산","7166","9751","20220503",""
"20220430","7호선","수락산","10935","10492","20220503",""
"20220430","7호선","마들","9415","8435","20220503",""
"20220430","7호선","노원","16783","17705","20220503",""
"20220430","7호선","중계","9907","8750","20220503",""
"20220430","7호선","하계","14024","12868","20220503",""
"20220430","7호선","공릉(서울과학기술대)","9916","9367","20220503",""
"20220430","7호선","태릉입구","7211","6656","20220503",""
"20220430","7호선","먹골","8167","7723","20220503",""
"20220430","7호선","중화","8014","7522","20220503",""
"20220430","7호선","상봉(시외버스터미널)","14154","13867","20220503",""
"20220430","7호선","면목","11451","10744","20220503",""
"20220430","7호선","사가정","13022","12411","20220503",""
"20220430","7호선","용마산(용마폭포공원)","4686","4814","20220503",""
"20220430","7호선","중곡","7476","6790","20220503",""
"20220430","7호선","군자(능동)","11469","8566","20220503",""
"20220430","7호선","어린이대공원(세종대)","12195","12150","20220503",""
"20220430","7호선","건대입구","12039","13598","20220503",""
"20220430","7호선","뚝섬유원지","15126","15105","20220503",""
"20220430","7호선","청담","11822","13021","20220503",""
"20220430","7호선","강남구청","10466","11661","20220503",""
"20220430","7호선","학동","11148","11715","20220503",""
"20220430","7호선","논현","11291","12464","20220503",""
"20220430","7호선","반포","4741","4584","20220503",""
"20220430","7호선","고속터미널","17098","12753","20220503",""
"20220430","7호선","내방","8279","8222","20220503",""
"20220430","7호선","이수","13087","12615","20220503",""
"20220430","7호선","남성","8422","7454","20220503",""
"20220430","7호선","숭실대입구(살피재)","9739","9157","20220503",""
"20220430","7호선","상도","8484","7593","20220503",""
"20220430","7호선","장승배기","6672","6132","20220503",""
"20220430","7호선","신대방삼거리","12221","11280","20220503",""
"20220430","7호선","보라매","6973","6632","20220503",""
"20220430","7호선","신풍","8574","8075","20220503",""
"20220430","7호선","대림(구로구청)","7295","7798","20220503",""
"20220430","7호선","남구로","8489","8932","20220503",""
"20220430","7호선","가산디지털단지","15867","14244","20220503",""
"20220430","7호선","철산","16182","16558","20220503",""
"20220430","7호선","광명사거리","18143","17606","20220503",""
"20220430","7호선","천왕","7614","7001","20220503",""
"20220430","7호선","온수(성공회대입구)","5938","6067","20220503",""
"20220430","7호선","부천시청","1","0","20220503",""
"20220430","8호선","암사","12963","11721","20220503",""
"20220430","8호선","천호(풍납토성)","12584","14930","20220503",""
"20220430","8호선","강동구청","6486","6493","20220503",""
"20220430","8호선","몽촌토성(평화의문)","5039","5063","20220503",""
"20220430","8호선","잠실(송파구청)","14219","17507","20220503",""
"20220430","8호선","석촌","6345","7966","20220503",""
"20220430","8호선","송파","5870","5620","20220503",""
"20220430","8호선","가락시장","5485","5738","20220503",""
"20220430","8호선","문정","9399","9227","20220503",""
"20220430","8호선","장지","13139","11838","20220503",""
"20220430","8호선","복정","6887","5706","20220503",""
"20220430","8호선","산성","4552","4518","20220503",""
"20220430","8호선","남한산성입구(성남법원.검찰청)","9795","8380","20220503",""
"20220430","8호선","단대오거리","8371","7630","20220503",""
"20220430","8호선","신흥","3586","3869","20220503",""
"20220430","8호선","수진","4381","3827","20220503",""
"20220430","8호선","모란","3831","3657","20220503",""
"20220430","8호선","남위례","3782","3871","20220503",""
"20220430","9호선","개화","1576","1359","20220503",""
"20220430","9호선","김포공항","8659","12883","20220503",""
"20220430","9호선","공항시장","2551","2603","20220503",""
"20220430","9호선","신방화","4878","4578","20220503",""
"20220430","9호선","마곡나루(서울식물원)","9051","8816","20220503",""
"20220430","9호선","양천향교","6187","5761","20220503",""
"20220430","9호선","가양","15293","14089","20220503",""
"20220430","9호선","증미","4164","3905","20220503",""
"20220430","9호선","등촌","7625","7240","20220503",""
"20220430","9호선","염창","13198","11855","20220503",""
"20220430","9호선","신목동","2694","2287","20220503",""
"20220430","9호선","선유도","4608","4275","20220503",""
"20220430","9호선","당산","14158","13197","20220503",""
"20220430","9호선","국회의사당","6847","6761","20220503",""
"20220430","9호선","여의도","15031","14010","20220503",""
"20220430","9호선","샛강","2858","2815","20220503",""
"20220430","9호선","노량진","22898","22113","20220503",""
"20220430","9호선","노들","3743","3222","20220503",""
"20220430","9호선","흑석(중앙대입구)","6389","6342","20220503",""
"20220430","9호선","동작(현충원)","1893","1651","20220503",""
"20220430","9호선","구반포","1318","1327","20220503",""
"20220430","중앙선","지평","79","124","20220503",""
"20220430","9호선","신반포","3716","3683","20220503",""
"20220430","9호선","고속터미널","15611","22499","20220503",""
"20220430","9호선","사평","2790","2506","20220503",""
"20220430","9호선","신논현","29518","29076","20220503",""
"20220430","9호선2~3단계","언주","6645","6659","20220503",""
"20220430","9호선2~3단계","선정릉","5204","6022","20220503",""
"20220430","9호선2~3단계","삼성중앙","3354","3299","20220503",""
"20220430","9호선2~3단계","봉은사","11791","12644","20220503",""
"20220430","9호선2~3단계","종합운동장","4740","4191","20220503",""
"20220430","9호선2~3단계","삼전","5336","4739","20220503",""
"20220430","9호선2~3단계","석촌고분","4647","4398","20220503",""
"20220430","9호선2~3단계","석촌","7465","6365","20220503",""
"20220430","9호선2~3단계","송파나루","4996","5178","20220503",""
"20220430","9호선2~3단계","한성백제","2040","1798","20220503",""
"20220430","9호선2~3단계","올림픽공원(한국체대)","10476","10910","20220503",""
"20220430","9호선2~3단계","둔촌오륜","586","651","20220503",""
"20220430","9호선2~3단계","중앙보훈병원","5068","4740","20220503",""
"20220430","경강선","판교","3562","3603","20220503",""
"20220430","경강선","이매","920","695","20220503",""
"20220430","경강선","삼동","1707","1609","20220503",""
"20220430","경강선","경기광주","6374","5792","20220503",""
"20220430","경강선","초월","2505","2186","20220503",""
"20220430","경강선","곤지암","2216","2345","20220503",""
"20220430","경강선","신둔도예촌","1445","1331","20220503",""
"20220430","경강선","이천","3057","3106","20220503",""
"20220430","경강선","부발","2307","1997","20220503",""
"20220430","경강선","세종대왕릉","357","382","20220503",""
"20220430","경강선","여주","2777","3123","20220503",""
"20220430","경부선","서울역","9068","2357","20220503",""
"20220430","경부선","남영","6466","6872","20220503",""
"20220430","경부선","용산","38822","41566","20220503",""
"20220430","경부선","노량진","9386","8882","20220503",""
"20220430","경부선","대방","8933","9024","20220503",""
"20220430","경부선","영등포","43261","45304","20220503",""
"20220430","경부선","신도림","3273","3696","20220503",""
"20220430","경부선","신길","6606","5444","20220503",""
"20220430","경부선","구로","13629","14310","20220503",""
"20220430","경부선","가산디지털단지","6907","9190","20220503",""
"20220430","경부선","금천구청","9217","9215","20220503",""
"20220430","경부선","석수","7470","7048","20220503",""
"20220430","경부선","관악","6624","6279","20220503",""
"20220430","경부선","안양","19925","19863","20220503",""
"20220430","경부선","명학","5517","5170","20220503",""
"20220430","경부선","금정","21101","21115","20220503",""
"20220430","경부선","군포","4566","4064","20220503",""
"20220430","경부선","의왕","6761","6541","20220503",""
"20220430","경부선","성균관대","12229","11773","20220503",""
"20220430","경부선","화서","6333","6404","20220503",""
"20220430","경부선","수원","42338","46467","20220503",""
"20220430","경부선","독산","9914","9652","20220503",""
"20220430","경부선","세류","2791","2858","20220503",""
"20220430","경부선","병점","13928","13636","20220503",""
"20220430","경부선","세마","2583","2316","20220503",""
"20220430","경부선","오산대","3456","3125","20220503",""
"20220430","경부선","오산","10542","9615","20220503",""
"20220430","경부선","진위","1243","1064","20220503",""
"20220430","경부선","송탄","5437","4736","20220503",""
"20220430","경부선","서정리","7805","6254","20220503",""
"20220430","경부선","평택지제","3549","3294","20220503",""
"20220430","경부선","평택","15517","14697","20220503",""
"20220430","경부선","성환","3504","3152","20220503",""
"20220430","경부선","직산","792","733","20220503",""
"20220430","경부선","두정","6139","6143","20220503",""
"20220430","경부선","천안","7428","7547","20220503",""
"20220430","경부선","당정","4512","4122","20220503",""
"20220430","경부선","서동탄","1088","1156","20220503",""
"20220430","경부선","광명","3318","2858","20220503",""
"20220430","경원선","이촌(국립중앙박물관)","3488","2460","20220503",""
"20220430","경원선","서빙고","1880","1977","20220503",""
"20220430","경원선","한남","2880","2980","20220503",""
"20220430","경원선","옥수","50","38","20220503",""
"20220430","경원선","응봉","1728","1503","20220503",""
"20220430","경원선","왕십리(성동구청)","13486","15394","20220503",""
"20220430","경원선","청량리(서울시립대입구)","18034","18905","20220503",""
"20220430","경원선","외대앞","7077","6779","20220503",""
"20220430","경원선","신이문","6595","6048","20220503",""
"20220430","경원선","석계","7207","7990","20220503",""
"20220430","경원선","광운대","7508","7580","20220503",""
"20220430","경원선","월계","5261","4689","20220503",""
"20220430","경원선","녹천","3571","2966","20220503",""
"20220430","경원선","방학","8111","7755","20220503",""
"20220430","경원선","도봉","4890","4588","20220503",""
"20220430","경원선","도봉산","9808","6805","20220503",""
"20220430","경원선","망월사","6090","6151","20220503",""
"20220430","경원선","회룡","10739","10513","20220503",""
"20220430","경원선","의정부","19785","20867","20220503",""
"20220430","경원선","가능","5612","5323","20220503",""
"20220430","경원선","녹양","3877","3667","20220503",""
"20220430","경원선","양주","7175","6805","20220503",""
"20220430","경원선","덕계","2760","2530","20220503",""
"20220430","경원선","덕정","5229","4638","20220503",""
"20220430","경원선","지행","6104","6165","20220503",""
"20220430","경원선","동두천중앙","3148","3096","20220503",""
"20220430","경원선","보산","2390","2131","20220503",""
"20220430","경원선","동두천","1862","2544","20220503",""
"20220430","경원선","소요산","4287","3500","20220503",""
"20220430","경의선","서울역","1631","1709","20220503",""
"20220430","경의선","신촌","433","479","20220503",""
"20220430","경의선","효창공원앞","1886","2001","20220503",""
"20220430","경의선","공덕","2964","2377","20220503",""
"20220430","경의선","서강대","1834","1773","20220503",""
"20220430","경의선","홍대입구","2373","3081","20220503",""
"20220430","경의선","가좌","4313","4130","20220503",""
"20220430","경의선","디지털미디어시티","2198","1974","20220503",""
"20220430","경의선","수색","1575","1588","20220503",""
"20220430","경의선","화전","1326","1304","20220503",""
"20220430","경의선","강매","2270","2092","20220503",""
"20220430","경의선","행신","5927","5949","20220503",""
"20220430","경의선","능곡","3273","3168","20220503",""
"20220430","경의선","곡산","475","530","20220503",""
"20220430","경의선","백마","5267","4779","20220503",""
"20220430","경의선","풍산","4716","4576","20220503",""
"20220430","경의선","일산","7179","6811","20220503",""
"20220430","경의선","탄현","6200","5787","20220503",""
"20220430","경의선","야당","7089","7111","20220503",""
"20220430","경의선","운정","5809","5275","20220503",""
"20220430","경의선","금릉","4327","4182","20220503",""
"20220430","경의선","금촌","6220","5833","20220503",""
"20220430","경의선","월롱","2261","1783","20220503",""
"20220430","경의선","파주","1013","740","20220503",""
"20220430","경의선","문산","5099","4797","20220503",""
"20220430","경의선","임진강","84","61","20220503",""
"20220430","경인선","개봉","17425","16665","20220503",""
"20220430","경인선","오류동","9837","8722","20220503",""
"20220430","경인선","역곡","22297","21389","20220503",""
"20220430","경인선","부천","30907","32208","20220503",""
"20220430","경인선","송내","19976","19440","20220503",""
"20220430","경인선","부평","31667","35492","20220503",""
"20220430","경인선","백운","6171","5896","20220503",""
"20220430","경인선","동암","13322","13493","20220503",""
"20220430","경인선","주안","17831","15488","20220503",""
"20220430","경인선","제물포","8169","7501","20220503",""
"20220430","경인선","동인천","12900","12766","20220503",""
"20220430","경인선","인천","5595","4803","20220503",""
"20220430","경인선","구일","6427","6439","20220503",""
"20220430","경인선","소사","8383","7841","20220503",""
"20220430","경인선","부개","6889","6412","20220503",""
"20220430","경인선","간석","4755","4529","20220503",""
"20220430","경인선","도원","2092","2195","20220503",""
"20220430","경인선","온수(성공회대입구)","5425","5057","20220503",""
"20220430","경인선","중동","7365","6847","20220503",""
"20220430","경인선","도화","3313","3080","20220503",""
"20220430","경춘선","신내","1367","1331","20220503",""
"20220430","경춘선","갈매","2198","1817","20220503",""
"20220430","경춘선","별내","2485","2352","20220503",""
"20220430","경춘선","퇴계원","2820","2478","20220503",""
"20220430","경춘선","사릉","1947","1857","20220503",""
"20220430","경춘선","금곡","1206","1100","20220503",""
"20220430","경춘선","평내호평","5223","5049","20220503",""
"20220430","경춘선","천마산","1565","1490","20220503",""
"20220430","경춘선","마석","3853","3707","20220503",""
"20220430","경춘선","대성리","1679","2557","20220503",""
"20220430","경춘선","청평","2151","2547","20220503",""
"20220430","경춘선","상천","628","610","20220503",""
"20220430","경춘선","가평","2740","3161","20220503",""
"20220430","경춘선","굴봉산","328","354","20220503",""
"20220430","경춘선","백양리","212","205","20220503",""
"20220430","경춘선","강촌","986","1110","20220503",""
"20220430","경춘선","김유정","635","795","20220503",""
"20220430","경춘선","남춘천","3483","3527","20220503",""
"20220430","경춘선","춘천","2322","2093","20220503",""
"20220430","공항철도 1호선","서울역","8962","9292","20220503",""
"20220430","공항철도 1호선","공덕","1744","2830","20220503",""
"20220430","공항철도 1호선","홍대입구","14017","14877","20220503",""
"20220430","공항철도 1호선","디지털미디어시티","6181","5795","20220503",""
"20220430","공항철도 1호선","마곡나루(서울식물원)","3707","4075","20220503",""
"20220430","공항철도 1호선","김포공항","12169","5921","20220503",""
"20220430","공항철도 1호선","계양","8116","7430","20220503",""
"20220430","공항철도 1호선","검암","4912","5079","20220503",""
"20220430","공항철도 1호선","청라국제도시","4950","4782","20220503",""
"20220430","공항철도 1호선","운서","7236","7122","20220503",""
"20220430","공항철도 1호선","공항화물청사","1340","1462","20220503",""
"20220430","공항철도 1호선","인천공항1터미널","5721","5088","20220503",""
"20220430","공항철도 1호선","인천공항2터미널","2950","2483","20220503",""
"20220430","공항철도 1호선","영종","3429","3450","20220503",""
"20220430","과천선","선바위","6501","5635","20220503",""
"20220430","과천선","경마공원","12725","12861","20220503",""
"20220430","과천선","대공원","10120","10791","20220503",""
"20220430","과천선","과천","5513","4881","20220503",""
"20220430","과천선","정부과천청사","7140","6942","20220503",""
"20220430","과천선","인덕원","18837","18424","20220503",""
"20220430","과천선","평촌","10328","9865","20220503",""
"20220430","과천선","범계","23063","22943","20220503",""
"20220430","분당선","선릉","5336","8630","20220503",""
"20220430","분당선","한티","11274","11062","20220503",""
"20220430","분당선","도곡","5174","4487","20220503",""
"20220430","분당선","구룡","1628","1421","20220503",""
"20220430","분당선","개포동","2808","2750","20220503",""
"20220430","분당선","대모산입구","3235","2954","20220503",""
"20220430","분당선","수서","11053","11524","20220503",""
"20220430","분당선","수원","8541","6961","20220503",""
"20220430","분당선","서울숲","12985","14500","20220503",""
"20220430","분당선","압구정로데오","20418","24204","20220503",""
"20220430","분당선","강남구청","5868","7429","20220503",""
"20220430","분당선","선정릉","3675","3792","20220503",""
"20220430","분당선","가천대","5885","6221","20220503",""
"20220430","분당선","태평","11403","10543","20220503",""
"20220430","분당선","모란","16911","17521","20220503",""
"20220430","분당선","야탑","19792","20733","20220503",""
"20220430","분당선","서현","21214","21556","20220503",""
"20220430","분당선","수내","9291","8742","20220503",""
"20220430","분당선","정자","11399","11698","20220503",""
"20220430","분당선","미금","11449","11871","20220503",""
"20220430","분당선","오리","8413","6889","20220503",""
"20220430","분당선","이매","4749","4483","20220503",""
"20220430","분당선","보정","1792","1654","20220503",""
"20220430","분당선","죽전","11284","12469","20220503",""
"20220430","분당선","구성","3791","3882","20220503",""
"20220430","분당선","신갈","3097","3090","20220503",""
"20220430","분당선","기흥","7567","7046","20220503",""
"20220430","분당선","상갈","4233","4127","20220503",""
"20220430","분당선","청명","3026","2944","20220503",""
"20220430","분당선","영통","7365","7152","20220503",""
"20220430","분당선","망포","10233","9280","20220503",""
"20220430","분당선","매탄권선","3940","3648","20220503",""
"20220430","분당선","수원시청","11748","13919","20220503",""
"20220430","분당선","매교","2195","2161","20220503",""
"20220430","수인선","고색","2815","2807","20220503",""
"20220430","수인선","오목천","2526","2042","20220503",""
"20220430","수인선","어천","854","780","20220503",""
"20220430","수인선","야목","290","256","20220503",""
"20220430","수인선","사리","4183","3316","20220503",""
"20220430","수인선","달월","73","81","20220503",""
"20220430","수인선","월곶","2388","2202","20220503",""
"20220430","수인선","소래포구","7049","7118","20220503",""
"20220430","수인선","인천논현","4628","4939","20220503",""
"20220430","수인선","호구포","2834","2724","20220503",""
"20220430","수인선","남동인더스파크","1043","1014","20220503",""
"20220430","수인선","원인재","4088","4250","20220503",""
"20220430","수인선","연수","4404","4424","20220503",""
"20220430","수인선","송도","2179","2031","20220503",""
"20220430","수인선","인하대","5108","4653","20220503",""
"20220430","수인선","숭의","3021","2690","20220503",""
"20220430","수인선","신포","1585","1660","20220503",""
"20220430","수인선","인천","1511","2609","20220503",""
"20220430","안산선","산본","14611","15087","20220503",""
"20220430","안산선","대야미","4839","4056","20220503",""
"20220430","안산선","반월","3783","3463","20220503",""
"20220430","안산선","상록수","13954","13776","20220503",""
"20220430","안산선","한대앞","8411","8052","20220503",""
"20220430","안산선","중앙","18302","19164","20220503",""
"20220430","안산선","고잔","7490","7592","20220503",""
"20220430","안산선","초지","3979","3864","20220503",""
"20220430","안산선","안산","10391","10570","20220503",""
"20220430","안산선","신길온천","1661","1643","20220503",""
"20220430","안산선","정왕","7482","7351","20220503",""
"20220430","안산선","오이도","8844","8815","20220503",""
"20220430","안산선","수리산","5089","5561","20220503",""
"20220430","우이신설선","북한산우이","4118","4134","20220503",""
"20220430","우이신설선","솔밭공원","1985","1861","20220503",""
"20220430","우이신설선","4.19민주묘지","2636","2242","20220503",""
"20220430","우이신설선","가오리","3136","2965","20220503",""
"20220430","우이신설선","화계","2683","2543","20220503",""
"20220430","우이신설선","삼양","1620","1707","20220503",""
"20220430","우이신설선","삼양사거리","1974","1982","20220503",""
"20220430","우이신설선","솔샘","4391","3939","20220503",""
"20220430","우이신설선","북한산보국문","5496","4841","20220503",""
"20220430","우이신설선","정릉","4005","3387","20220503",""
"20220430","우이신설선","성신여대입구(돈암)","3002","3658","20220503",""
"20220430","우이신설선","보문","1318","1287","20220503",""
"20220430","우이신설선","신설동","1596","1483","20220503",""
"20220430","일산선","원흥","8360","7693","20220503",""
"20220430","일산선","삼송","16441","15660","20220503",""
"20220430","일산선","원당","9302","8766","20220503",""
"20220430","일산선","화정","14438","14898","20220503",""
"20220430","일산선","대곡","1578","1330","20220503",""
"20220430","일산선","백석","8007","8070","20220503",""
"20220430","일산선","마두","5476","5599","20220503",""
"20220430","일산선","정발산","8128","8648","20220503",""
"20220430","일산선","주엽","7514","7225","20220503",""
"20220430","일산선","대화","9089","8106","20220503",""
"20220430","장항선","봉명","842","790","20220503",""
"20220430","장항선","쌍용(나사렛대)","1812","1625","20220503",""
"20220430","장항선","아산","3577","3558","20220503",""
"20220430","장항선","탕정","731","641","20220503",""
"20220430","장항선","배방","1319","1194","20220503",""
"20220430","장항선","온양온천","4355","4376","20220503",""
"20220430","장항선","신창(순천향대)","1562","1325","20220503",""
"20220430","중앙선","회기","23117","22273","20220503",""
"20220430","중앙선","중랑","4859","4739","20220503",""
"20220430","중앙선","상봉(시외버스터미널)","5402","5515","20220503",""
"20220430","중앙선","망우","7311","7169","20220503",""
"20220430","중앙선","양원","2084","2144","20220503",""
"20220430","중앙선","구리","11973","12246","20220503",""
"20220430","중앙선","도농","8108","7599","20220503",""
"20220430","중앙선","양정","731","620","20220503",""
"20220430","중앙선","덕소","4997","5053","20220503",""
"20220430","중앙선","도심","1888","1633","20220503",""
"20220430","중앙선","팔당","1919","1980","20220503",""
"20220430","중앙선","운길산","1677","1681","20220503",""
"20220430","중앙선","양수","2650","2603","20220503",""
"20220430","중앙선","신원","368","295","20220503",""
"20220430","중앙선","국수","785","815","20220503",""
"20220430","중앙선","아신","790","846","20220503",""
"20220430","중앙선","오빈","397","440","20220503",""
"20220430","중앙선","양평","3245","3457","20220503",""
"20220430","중앙선","원덕","551","618","20220503",""
